'1-WKDYmerged559390',700,54600,,'',1,10000,,'',1,7000,,'',1,3000,,'',1,7000,,'',1,3000,,'',1,7000,,'',1,3000,,'',1,7000,,'',1,3000,,'',1,7000,,'',1,3000,,'',1,7000,,'',1,3000,,'',1,7000,,'',1,3000,,'',1,7000,,'',1,3000,,'',1,7000,,'',1,3000,,'',1,7000,,'',1,3000,,'',1,7000,,'',1,3000,,'',1,7000,,'',1,3000,,'',1,7000,,'',1,10000,,'',1
'1-WKDYmerged559390',701,64900,4,'',1,6000,4,'',1,4900,4,'',1,7200,4,'',1,7000,4,'',1,2800,4,'',1,2900,4,'',1,7000,4,'',1,3000,4,'',1,7100,4,'',1,2900,4,'',1,7200,4,'',1,3000,4,'',1,7200,4,'',1,6900,4,'',1,3000,4,'',1,37200,4,'',1,3000,4,'',1,2500,4,'',1,6500,4,'',1,3000,4,'',1,6800,4,'',1,9900,4,'',1
'2-SATmerged559389',700,74600,,'',1,10000,,'',1,10000,,'',1,10000,,'',1,10000,,'',1,10000,,'',1,10000,,'',1,10000,,'',1,10000,,'',1,10000,,'',1,10000,,'',1,10000,,'',1
'2-SATmerged559389',701,85000,4,'',1,10300,4,'',1,10500,4,'',1,69700,4,'',1,9900,4,'',1,9700,4,'',1
'3-SUNmerged559388',700,74600,,'',1,10000,,'',1,10000,,'',1,10000,,'',1,10000,,'',1,10000,,'',1,10000,,'',1,10000,,'',1,10000,,'',1,10000,,'',1,10000,,'',1,10000,,'',1
'3-SUNmerged559388',701,85000,4,'',1,10300,4,'',1,10500,4,'',1,69700,4,'',1,9900,4,'',1,9700,4,'',1
'4-NYE',700,74600,,'',1,10000,,'',1,10000,,'',1,10000,,'',1,10000,,'',1,10000,,'',1,10000,,'',1,10000,,'',1,10000,,'',1,10000,,'',1,10000,,'',1,10000,,'',1
'4-NYE',701,85000,4,'',1,10300,4,'',1,10500,4,'',1,69700,4,'',1,9900,4,'',1,9700,4,'',1
'1-WKDYmerged559390',4700,134500,4,'',1,59800,4,'',1
'1-WKDYmerged559390',4701,51500,,'',1,63500,,'',1,60000,,'',1
'1-WKDYmerged559390',7201,154100,4,'',1,7100,4,'',1,2900,4,'',1,7000,4,'',1,2900,4,'',1,16400,4,'',1
'2-SATmerged559389',7201,120600,4,'',1,10100,4,'',1,10000,4,'',1,10000,4,'',1,10100,4,'',1,9900,4,'',1
'3-SUNmerged559388',7201,120600,4,'',1,10100,4,'',1,10000,4,'',1,10000,4,'',1,10100,4,'',1,9900,4,'',1
'4-NYE',7201,120600,4,'',1,10100,4,'',1,10000,4,'',1,10000,4,'',1,10100,4,'',1,9900,4,'',1
