'1-WKDYmerged456721',200,63000,,'',1,10500,,'',1,9500,,'',1,10000,,'',1,10000,,'',1,10000,,'',1,10000,,'',1,10000,,'',1,10000,,'',1,10500,,'',1,9500,,'',1,10000,,'',1,10000,,'',1
'1-WKDYmerged456721',201,72000,4,'',1,10500,4,'',1,9400,4,'',1,9900,4,'',1,9900,4,'',1,9900,4,'',1,10100,4,'',1,10300,4,'',1,10100,4,'',1,10600,4,'',1,9300,4,'',1,10000,4,'',1,9500,4,'',1
'1-WKDYmerged456721',900,65000,,'',1,9500,,'',1,8800,,'',1,11200,,'',1,10000,,'',1,10000,,'',1,10000,,'',1,10400,,'',1,9000,,'',1,10600,,'',1,11000,,'',1,15000,,'',1
'1-WKDYmerged456721',901,64600,4,'',1,8700,4,'',1,9400,4,'',1,8700,4,'',1,11200,4,'',1,10100,4,'',1,10100,4,'',1,10000,4,'',1,10700,4,'',1,9000,4,'',1,10500,4,'',1,10900,4,'',1,10800,4,'',1
'1-WKDYmerged456721',1900,62300,4,'',1,10300,4,'',1,3100,4,'',1,7000,4,'',1,3000,4,'',1,7100,4,'',1,3000,4,'',1,7000,4,'',1,10000,4,'',1,10000,4,'',1,10000,4,'',1,10000,4,'',1,3000,4,'',1,7000,4,'',1,3000,4,'',1,7000,4,'',1,3000,4,'',1,6900,4,'',1,9800,4,'',1,9900,4,'',1,10000,4,'',1,9900,4,'',1
'1-WKDYmerged456721',1901,55500,,'',1,10000,,'',1,7000,,'',1,3000,,'',1,7000,,'',1,3000,,'',1,7000,,'',1,3000,,'',1,10000,,'',1,10000,,'',1,10000,,'',1,10000,,'',1,7000,,'',1,3000,,'',1,7000,,'',1,3000,,'',1,7000,,'',1,3000,,'',1,10000,,'',1,10000,,'',1,10000,,'',1,10000,,'',1
'2-SATmerged456720',1900,93900,4,'',1,10000,4,'',1,10000,4,'',1,10100,4,'',1,10000,4,'',1,10000,4,'',1,10000,4,'',1,10000,4,'',1,10000,4,'',1,10000,4,'',1
'2-SATmerged456720',1901,91000,,'',1,10000,,'',1,10000,,'',1,10000,,'',1,10000,,'',1,10000,,'',1,10000,,'',1,10000,,'',1,10000,,'',1,10000,,'',1
'3-SUNmerged456719',1900,93900,4,'',1,10000,4,'',1,10000,4,'',1,10100,4,'',1,10000,4,'',1,10000,4,'',1,10000,4,'',1,10000,4,'',1,10000,4,'',1,10000,4,'',1
'3-SUNmerged456719',1901,91000,,'',1,10000,,'',1,10000,,'',1,10000,,'',1,10000,,'',1,10000,,'',1,10000,,'',1,10000,,'',1,10000,,'',1,10000,,'',1
'1-WKDYmerged456721',2500,62800,4,'',1,3100,4,'',1,7000,4,'',1,7100,4,'',1,3100,4,'',1,7000,4,'',1,2900,4,'',1,7000,4,'',1,3000,4,'',1,7000,4,'',1,3000,4,'',1,7200,4,'',1,3100,4,'',1,7000,4,'',1,2800,4,'',1,7100,4,'',1,3100,4,'',1,7100,4,'',1,3100,4,'',1,7000,4,'',1,3000,4,'',1,7000,4,'',1,3000,4,'',1,6800,4,'',1,2900,4,'',1,6900,4,'',1,5800,4,'',1,9800,4,'',1
'1-WKDYmerged456721',2501,52500,,'',1,3000,,'',1,7000,,'',1,3000,,'',1,7000,,'',1,3000,,'',1,7000,,'',1,3000,,'',1,7000,,'',1,3000,,'',1,7000,,'',1,3000,,'',1,7000,,'',1,3000,,'',1,7000,,'',1,3000,,'',1,7000,,'',1,3000,,'',1,7000,,'',1,3000,,'',1,7000,,'',1,3000,,'',1,7000,,'',1,3000,,'',1,7000,,'',1,3000,,'',1,10000,,'',1,10000,,'',1
'2-SATmerged456720',2500,90000,4,'',1,10000,4,'',1,10000,4,'',1,10100,4,'',1,10000,4,'',1,10000,4,'',1,10000,4,'',1,10000,4,'',1,10000,4,'',1,10000,4,'',1,9900,4,'',1
'2-SATmerged456720',2501,75500,,'',1,10000,,'',1,10000,,'',1,10000,,'',1,10000,,'',1,10000,,'',1,10000,,'',1,10000,,'',1,10000,,'',1,10000,,'',1,10000,,'',1
'3-SUNmerged456719',2500,90000,4,'',1,10000,4,'',1,10000,4,'',1,10100,4,'',1,10000,4,'',1,10000,4,'',1,10000,4,'',1,10000,4,'',1,10000,4,'',1,10000,4,'',1,9900,4,'',1
'3-SUNmerged456719',2501,75500,,'',1,10000,,'',1,10000,,'',1,10000,,'',1,10000,,'',1,10000,,'',1,10000,,'',1,10000,,'',1,10000,,'',1,10000,,'',1,10000,,'',1
'1-WKDYmerged456721',3100,52900,,'',1,2800,,'',1,6900,,'',1,3000,,'',1,6800,,'',1,3000,,'',1,7000,,'',1,3000,,'',1,7000,,'',1,3000,,'',1,6900,,'',1,3000,,'',1,7000,,'',1,3000,,'',1,7000,,'',1,2900,,'',1,7000,,'',1,2900,,'',1,7000,,'',1,3000,,'',1,7000,,'',1,3000,,'',1,7000,,'',1,3400,,'',1,7000,,'',1,3300,,'',1,7000,,'',1,3000,,'',1,10100,,'',1,14100,,'',1
'1-WKDYmerged456721',3101,62400,4,'',1,3100,4,'',1,7200,4,'',1,3000,4,'',1,7100,4,'',1,3100,4,'',1,6800,4,'',1,2900,4,'',1,7000,4,'',1,3000,4,'',1,7200,4,'',1,3100,4,'',1,7000,4,'',1,3000,4,'',1,7000,4,'',1,3000,4,'',1,7100,4,'',1,2900,4,'',1,7100,4,'',1,7100,4,'',1,3000,4,'',1,6900,4,'',1,3000,4,'',1,2800,4,'',1,7000,4,'',1,3000,4,'',1,6900,4,'',1,9900,4,'',1,10000,4,'',1
'2-SATmerged456720',3100,80700,,'',1,3900,,'',1,8000,,'',1,7900,,'',1,4000,,'',1,7900,,'',1,7900,,'',1,4000,,'',1,8000,,'',1,8000,,'',1,4000,,'',1,8000,,'',1,8100,,'',1,4000,,'',1,8000,,'',1,8300,,'',1,4000,,'',1,8000,,'',1
'2-SATmerged456720',3101,85400,4,'',1,8100,4,'',1,8000,4,'',1,4000,4,'',1,8100,4,'',1,8000,4,'',1,4100,4,'',1,8000,4,'',1,8000,4,'',1,4000,4,'',1,8000,4,'',1,8000,4,'',1,3900,4,'',1,7900,4,'',1,8000,4,'',1,4000,4,'',1,8000,4,'',1,8000,4,'',1
'3-SUNmerged456719',3100,82700,,'',1,9900,,'',1,9900,,'',1,9900,,'',1,9900,,'',1,10000,,'',1,10000,,'',1,10000,,'',1,10100,,'',1,10000,,'',1,10300,,'',1,10000,,'',1
'3-SUNmerged456719',3101,92100,4,'',1,3400,4,'',1,10000,4,'',1,10100,4,'',1,10100,4,'',1,10000,4,'',1,10000,4,'',1,10000,4,'',1,9900,4,'',1,9900,4,'',1,10000,4,'',1,10000,4,'',1
'1-WKDYmerged456721',4800,63000,,'',1,30000,,'',1,30000,,'',1,30000,,'',1,10000,,'',1,10000,,'',1
'1-WKDYmerged456721',4801,61900,4,'',1,8500,4,'',1,30000,4,'',1,30000,4,'',1,30000,4,'',1,10000,4,'',1,10000,4,'',1
'2-SATmerged456720',4800,81500,,'',1,30000,,'',1,30000,,'',1,30000,,'',1
'2-SATmerged456720',4801,84900,4,'',1,30000,4,'',1,30000,4,'',1,30000,4,'',1
'3-SUNmerged456719',4800,81500,,'',1,30000,,'',1,30000,,'',1,30000,,'',1
'3-SUNmerged456719',4801,84900,4,'',1,30000,4,'',1,30000,4,'',1,30000,4,'',1
'1-WKDYmerged456721',7100,52000,,'',1,3000,,'',1,7000,,'',1,3000,,'',1,5500,,'',1,1500,,'',1,1500,,'',1,1500,,'',1,5500,,'',1,1500,,'',1,1500,,'',1,1500,,'',1,5500,,'',1,1500,,'',1,1500,,'',1,1500,,'',1,5500,,'',1,1500,,'',1,1500,,'',1,1500,,'',1,5500,,'',1,1500,,'',1,1500,,'',1,1500,,'',1,5500,,'',1,1500,,'',1,1500,,'',1,1500,,'',1,5500,,'',1,1500,,'',1,1500,,'',1,1500,,'',1,5500,,'',1,1500,,'',1,1500,,'',1,1500,,'',1,5500,,'',1,1500,,'',1,1500,,'',1,1500,,'',1,5500,,'',1,1500,,'',1,1500,,'',1,1500,,'',1,5500,,'',1,1500,,'',1,1500,,'',1,7000,,'',1,3000,,'',1,7000,,'',1,3000,,'',1,7000,,'',1,3000,,'',1,7000,,'',1,3000,,'',1,7000,,'',1,10000,,'',1
'1-WKDYmerged456721',7101,60500,4,'',1,3100,4,'',1,7100,4,'',1,3000,4,'',1,1600,4,'',1,5500,4,'',1,1500,4,'',1,1900,4,'',1,1500,4,'',1,5700,4,'',1,1500,4,'',1,1500,4,'',1,1500,4,'',1,5500,4,'',1,1500,4,'',1,1500,4,'',1,5600,4,'',1,1500,4,'',1,1600,4,'',1,1500,4,'',1,5600,4,'',1,1600,4,'',1,1500,4,'',1,1500,4,'',1,5500,4,'',1,1500,4,'',1,1500,4,'',1,1400,4,'',1,5500,4,'',1,1500,4,'',1,1500,4,'',1,1500,4,'',1,5500,4,'',1,1500,4,'',1,1500,4,'',1,1600,4,'',1,5600,4,'',1,1500,4,'',1,1500,4,'',1,1500,4,'',1,5500,4,'',1,1500,4,'',1,1500,4,'',1,1500,4,'',1,5400,4,'',1,1400,4,'',1,1300,4,'',1,2900,4,'',1,6900,4,'',1,3000,4,'',1,6900,4,'',1,2800,4,'',1,6800,4,'',1,2800,4,'',1,6800,4,'',1,3000,4,'',1,10000,4,'',1
'2-SATmerged456720',7100,62000,,'',1,10000,,'',1,2000,,'',1,6000,,'',1,2000,,'',1,2000,,'',1,6000,,'',1,2000,,'',1,2000,,'',1,6000,,'',1,2000,,'',1,2000,,'',1,6000,,'',1,2000,,'',1,2000,,'',1,6000,,'',1,2000,,'',1,2000,,'',1,6000,,'',1,2000,,'',1,2000,,'',1,6000,,'',1,2000,,'',1,2000,,'',1,6000,,'',1,2000,,'',1,2000,,'',1,6000,,'',1,2000,,'',1,2000,,'',1,6000,,'',1,2000,,'',1,2000,,'',1,6000,,'',1,2000,,'',1,2000,,'',1,6000,,'',1,2000,,'',1,2000,,'',1,6000,,'',1,2000,,'',1,2000,,'',1,6000,,'',1,2000,,'',1,2000,,'',1,6000,,'',1,2000,,'',1,2000,,'',1,6000,,'',1
'2-SATmerged456720',7101,70400,4,'',1,2100,4,'',1,2000,4,'',1,6000,4,'',1,2000,4,'',1,2000,4,'',1,6000,4,'',1,2300,4,'',1,2100,4,'',1,6000,4,'',1,2000,4,'',1,2300,4,'',1,6100,4,'',1,2000,4,'',1,2200,4,'',1,6000,4,'',1,2100,4,'',1,2000,4,'',1,6100,4,'',1,2000,4,'',1,2000,4,'',1,6000,4,'',1,2000,4,'',1,2000,4,'',1,6000,4,'',1,2000,4,'',1,1800,4,'',1,6000,4,'',1,2000,4,'',1,1900,4,'',1,6000,4,'',1,2100,4,'',1,1900,4,'',1,6000,4,'',1,1900,4,'',1,1900,4,'',1,6100,4,'',1,1900,4,'',1,1900,4,'',1,5900,4,'',1,2000,4,'',1,1800,4,'',1,6000,4,'',1,1900,4,'',1,2000,4,'',1,5900,4,'',1,1900,4,'',1,2000,4,'',1,6000,4,'',1,2000,4,'',1,2000,4,'',1
'3-SUNmerged456719',7100,62000,,'',1,10000,,'',1,3000,,'',1,7000,,'',1,3000,,'',1,7000,,'',1,3000,,'',1,7000,,'',1,3000,,'',1,7000,,'',1,3000,,'',1,7000,,'',1,3000,,'',1,7000,,'',1,3000,,'',1,7000,,'',1,3000,,'',1,7000,,'',1,3000,,'',1,7000,,'',1,3000,,'',1,7000,,'',1,3000,,'',1,7000,,'',1,3000,,'',1,7000,,'',1,3000,,'',1,7000,,'',1,3000,,'',1,7000,,'',1,3000,,'',1,7000,,'',1,3000,,'',1
'3-SUNmerged456719',7101,70400,4,'',1,3100,4,'',1,7000,4,'',1,3000,4,'',1,7000,4,'',1,3400,4,'',1,7000,4,'',1,3100,4,'',1,7300,4,'',1,3100,4,'',1,7100,4,'',1,3000,4,'',1,7200,4,'',1,3000,4,'',1,7000,4,'',1,3000,4,'',1,7000,4,'',1,2800,4,'',1,7000,4,'',1,3000,4,'',1,6900,4,'',1,3100,4,'',1,6900,4,'',1,2900,4,'',1,7000,4,'',1,2800,4,'',1,6900,4,'',1,2800,4,'',1,7000,4,'',1,2900,4,'',1,6900,4,'',1,2900,4,'',1,6900,4,'',1,3000,4,'',1
'1-WKDYmerged456721',7800,53500,4,'',1,10200,4,'',1,7000,4,'',1,3200,4,'',1,7000,4,'',1,3000,4,'',1,7000,4,'',1,3000,4,'',1,10000,4,'',1,10000,4,'',1,10100,4,'',1,10000,4,'',1,10100,4,'',1,10100,4,'',1,7000,4,'',1,3000,4,'',1,7000,4,'',1,3000,4,'',1,6900,4,'',1,2700,4,'',1,10000,4,'',1,9700,4,'',1,10000,4,'',1
'1-WKDYmerged456721',7801,44000,,'',1,10000,,'',1,7000,,'',1,3000,,'',1,7000,,'',1,3000,,'',1,7000,,'',1,3000,,'',1,10000,,'',1,10000,,'',1,10000,,'',1,10000,,'',1,10000,,'',1,10000,,'',1,7000,,'',1,3000,,'',1,7000,,'',1,3000,,'',1,7000,,'',1,3000,,'',1,10000,,'',1,10000,,'',1,10000,,'',1,10000,,'',1
'2-SATmerged456720',7800,83700,4,'',1,10000,4,'',1,10100,4,'',1,10200,4,'',1,10000,4,'',1,10000,4,'',1,10000,4,'',1,10000,4,'',1,10000,4,'',1,10000,4,'',1,10000,4,'',1,9700,4,'',1
'2-SATmerged456720',7801,74500,,'',1,10000,,'',1,10000,,'',1,10000,,'',1,10000,,'',1,10000,,'',1,10000,,'',1,10000,,'',1,10000,,'',1,10000,,'',1,10000,,'',1,10000,,'',1,10000,,'',1
'3-SUNmerged456719',7800,83700,4,'',1,10000,4,'',1,10100,4,'',1,10200,4,'',1,10000,4,'',1,10000,4,'',1,10000,4,'',1,10000,4,'',1,10000,4,'',1,10000,4,'',1,10000,4,'',1,9700,4,'',1
'3-SUNmerged456719',7801,74500,,'',1,10000,,'',1,10000,,'',1,10000,,'',1,10000,,'',1,10000,,'',1,10000,,'',1,10000,,'',1,10000,,'',1,10000,,'',1,10000,,'',1,10000,,'',1,10000,,'',1
'1-WKDYmerged456721',10500,60400,,'',1,4100,,'',1,8300,,'',1,1400,,'',1,7200,,'',1,4100,,'',1,8100,,'',1,7600,,'',1,9800,,'',1,10000,,'',1,11300,,'',1,10600,,'',1,10600,,'',1,7300,0,'99 St TC / Salmon Crk',1,2700,,'',1,1300,0,'99 St TC / Salmon Crk',1,6700,,'',1,1300,0,'99 St TC / Salmon Crk',1,2900,,'',1,4700,0,'99 St TC / Salmon Crk',1,2700,,'',1,2200,0,'99 St TC / Salmon Crk',1,7100,,'',1,9200,,'',1,9900,,'',1
'1-WKDYmerged456721',10501,50700,,'',1,2000,,'',1,2000,,'',1,6000,,'',1,2000,,'',1,2000,,'',1,1000,,'',1,5000,,'',1,2000,,'',1,2000,,'',1,6000,,'',1,2000,,'',1,2000,,'',1,6000,,'',1,10000,,'',1,10000,,'',1,10500,,'',1,10000,,'',1,10000,,'',1,9500,,'',1,4000,,'',1,8000,,'',1,8000,,'',1,3700,,'',1,7000,,'',1,10000,,'',1,10000,,'',1
