'1-WKDYmerged532355',700,64700,4,'',1,6800,4,'',1,4000,4,'',1,7000,4,'',1,3000,4,'',1,6800,4,'',1,2800,4,'',1,7000,4,'',1,3400,4,'',1,7000,4,'',1,3000,4,'',1,7100,4,'',1,3100,4,'',1,7100,4,'',1,3000,4,'',1,7400,4,'',1,7300,4,'',1,3000,4,'',1,7200,4,'',1,3000,4,'',1,7200,4,'',1,3000,4,'',1,6600,4,'',1,2500,4,'',1,2600,4,'',1,6800,4,'',1,2900,4,'',1,6900,4,'',1,10000,4,'',1
'1-WKDYmerged532355',701,54500,,'',1,10000,,'',1,7000,,'',1,3000,,'',1,7000,,'',1,3000,,'',1,7000,,'',1,3000,,'',1,7000,,'',1,3000,,'',1,7000,,'',1,3000,,'',1,7000,,'',1,3000,,'',1,7000,,'',1,3000,,'',1,7000,,'',1,3000,,'',1,7000,,'',1,3000,,'',1,7000,,'',1,3000,,'',1,7000,,'',1,3000,,'',1,7000,,'',1,3000,,'',1,7000,,'',1,10000,,'',1
'2-SATmerged532354',700,84900,4,'',1,10300,4,'',1,10400,4,'',1,9900,4,'',1,10000,4,'',1,10200,4,'',1,10000,4,'',1,9600,4,'',1,9900,4,'',1,10000,4,'',1,9900,4,'',1,9800,4,'',1
'2-SATmerged532354',701,74500,,'',1,10000,,'',1,10000,,'',1,10000,,'',1,10000,,'',1,10000,,'',1,10000,,'',1,10000,,'',1,10000,,'',1,10000,,'',1,10000,,'',1,10000,,'',1
'3-SUNmerged532353',700,84900,4,'',1,10300,4,'',1,10400,4,'',1,9900,4,'',1,10000,4,'',1,10200,4,'',1,10000,4,'',1,9600,4,'',1,9900,4,'',1,10000,4,'',1,9900,4,'',1,9800,4,'',1
'3-SUNmerged532353',701,74500,,'',1,10000,,'',1,10000,,'',1,10000,,'',1,10000,,'',1,10000,,'',1,10000,,'',1,10000,,'',1,10000,,'',1,10000,,'',1,10000,,'',1,10000,,'',1
'5-CCFWK',700,64700,4,'',1,6800,4,'',1,4000,4,'',1,7000,4,'',1,3000,4,'',1,6800,4,'',1,2800,4,'',1,7000,4,'',1,3400,4,'',1,7000,4,'',1,3000,4,'',1,7100,4,'',1,3100,4,'',1,7100,4,'',1,3000,4,'',1,7400,4,'',1,7300,4,'',1,3000,4,'',1,7200,4,'',1,3000,4,'',1,7200,4,'',1,3000,4,'',1,6600,4,'',1,2500,4,'',1,2600,4,'',1,6800,4,'',1,2900,4,'',1,6900,4,'',1,10000,4,'',1
'5-CCFWK',701,54500,,'',1,10000,,'',1,7000,,'',1,3000,,'',1,7000,,'',1,3000,,'',1,7000,,'',1,3000,,'',1,7000,,'',1,3000,,'',1,7000,,'',1,3000,,'',1,7000,,'',1,3000,,'',1,7000,,'',1,3000,,'',1,7000,,'',1,3000,,'',1,7000,,'',1,3000,,'',1,7000,,'',1,3000,,'',1,7000,,'',1,3000,,'',1,7000,,'',1,3000,,'',1,7000,,'',1,10000,,'',1
'6-CCFFF',700,64700,4,'',1,6800,4,'',1,4000,4,'',1,7000,4,'',1,3000,4,'',1,6800,4,'',1,2800,4,'',1,7000,4,'',1,3400,4,'',1,7000,4,'',1,3000,4,'',1,7100,4,'',1,3100,4,'',1,7100,4,'',1,3000,4,'',1,7400,4,'',1,7300,4,'',1,3000,4,'',1,7200,4,'',1,3000,4,'',1,7200,4,'',1,3000,4,'',1,6600,4,'',1,2500,4,'',1,2600,4,'',1,6800,4,'',1,2900,4,'',1,6900,4,'',1,10000,4,'',1
'6-CCFFF',701,54500,,'',1,10000,,'',1,7000,,'',1,3000,,'',1,7000,,'',1,3000,,'',1,7000,,'',1,3000,,'',1,7000,,'',1,3000,,'',1,7000,,'',1,3000,,'',1,7000,,'',1,3000,,'',1,7000,,'',1,3000,,'',1,7000,,'',1,3000,,'',1,7000,,'',1,3000,,'',1,7000,,'',1,3000,,'',1,7000,,'',1,3000,,'',1,7000,,'',1,3000,,'',1,7000,,'',1,10000,,'',1
'7-CCFSAT',700,84900,4,'',1,10300,4,'',1,10400,4,'',1,9900,4,'',1,10000,4,'',1,10200,4,'',1,10000,4,'',1,9600,4,'',1,9900,4,'',1,10000,4,'',1,9900,4,'',1,9800,4,'',1
'7-CCFSAT',701,74500,,'',1,10000,,'',1,10000,,'',1,10000,,'',1,10000,,'',1,10000,,'',1,10000,,'',1,10000,,'',1,10000,,'',1,10000,,'',1,10000,,'',1,10000,,'',1
'8-CCFSUN',700,84900,4,'',1,10300,4,'',1,10400,4,'',1,9900,4,'',1,10000,4,'',1,10200,4,'',1,10000,4,'',1,9600,4,'',1,9900,4,'',1,10000,4,'',1,9900,4,'',1,9800,4,'',1
'8-CCFSUN',701,74500,,'',1,10000,,'',1,10000,,'',1,10000,,'',1,10000,,'',1,10000,,'',1,10000,,'',1,10000,,'',1,10000,,'',1,10000,,'',1,10000,,'',1,10000,,'',1
'1-WKDYmerged532355',3200,54500,,'',1,7000,,'',1,3000,,'',1,7000,,'',1,3000,,'',1,7000,,'',1,3000,,'',1,7000,,'',1,3000,,'',1,7000,,'',1,3000,,'',1,7000,,'',1,3000,,'',1,7000,,'',1,3000,,'',1,7000,,'',1,3000,,'',1,7000,,'',1,3000,,'',1,7000,,'',1,3000,,'',1,7000,,'',1,3000,,'',1,7000,,'',1,3000,,'',1,7000,,'',1,3000,,'',1,10000,,'',1,10000,,'',1
'1-WKDYmerged532355',3201,61000,4,'',1,3000,4,'',1,7000,4,'',1,3000,4,'',1,7000,4,'',1,3000,4,'',1,7000,4,'',1,3000,4,'',1,7000,4,'',1,3000,4,'',1,7000,4,'',1,3000,4,'',1,7000,4,'',1,3000,4,'',1,7000,4,'',1,3000,4,'',1,7000,4,'',1,3000,4,'',1,7000,4,'',1,3000,4,'',1,7000,4,'',1,3000,4,'',1,7000,4,'',1,3000,4,'',1,7000,4,'',1,3000,4,'',1,7000,4,'',1,3000,4,'',1,10000,4,'',1,10000,4,'',1
'2-SATmerged532354',3200,81500,,'',1,4000,,'',1,8000,,'',1,8000,,'',1,4000,,'',1,8000,,'',1,8000,,'',1,4000,,'',1,8000,,'',1,8000,,'',1,4000,,'',1,8000,,'',1,8000,,'',1,4000,,'',1,8000,,'',1,8000,,'',1,4000,,'',1,8000,,'',1
'2-SATmerged532354',3201,81000,4,'',1,4000,4,'',1,8000,4,'',1,8000,4,'',1,4000,4,'',1,8000,4,'',1,8000,4,'',1,4000,4,'',1,8000,4,'',1,8000,4,'',1,4000,4,'',1,8000,4,'',1,8000,4,'',1,4000,4,'',1,8000,4,'',1,8000,4,'',1,4000,4,'',1,8000,4,'',1,8000,4,'',1
'3-SUNmerged532353',3200,91500,,'',1,10000,,'',1,10000,,'',1,10000,,'',1,10000,,'',1,10000,,'',1,10000,,'',1,10000,,'',1,10000,,'',1,10000,,'',1,10000,,'',1
'3-SUNmerged532353',3201,91000,4,'',1,10000,4,'',1,10000,4,'',1,10000,4,'',1,10000,4,'',1,10000,4,'',1,10000,4,'',1,10000,4,'',1,10000,4,'',1,10000,4,'',1,10000,4,'',1,10000,4,'',1
'5-CCFWK',3200,54500,,'',1,7000,,'',1,3000,,'',1,7000,,'',1,3000,,'',1,7000,,'',1,3000,,'',1,7000,,'',1,3000,,'',1,7000,,'',1,3000,,'',1,7000,,'',1,3000,,'',1,7000,,'',1,3000,,'',1,7000,,'',1,3000,,'',1,7000,,'',1,3000,,'',1,7000,,'',1,3000,,'',1,7000,,'',1,3000,,'',1,7000,,'',1,3000,,'',1,7000,,'',1,3000,,'',1,10000,,'',1,10000,,'',1
'5-CCFWK',3201,61000,4,'',1,3000,4,'',1,7000,4,'',1,3000,4,'',1,7000,4,'',1,3000,4,'',1,7000,4,'',1,3000,4,'',1,7000,4,'',1,3000,4,'',1,7000,4,'',1,3000,4,'',1,7000,4,'',1,3000,4,'',1,7000,4,'',1,3000,4,'',1,7000,4,'',1,3000,4,'',1,7000,4,'',1,3000,4,'',1,7000,4,'',1,3000,4,'',1,7000,4,'',1,3000,4,'',1,7000,4,'',1,3000,4,'',1,7000,4,'',1,3000,4,'',1,10000,4,'',1,10000,4,'',1
'6-CCFFF',3200,54500,,'',1,7000,,'',1,3000,,'',1,7000,,'',1,3000,,'',1,7000,,'',1,3000,,'',1,7000,,'',1,3000,,'',1,7000,,'',1,3000,,'',1,7000,,'',1,3000,,'',1,7000,,'',1,3000,,'',1,7000,,'',1,3000,,'',1,7000,,'',1,3000,,'',1,7000,,'',1,3000,,'',1,7000,,'',1,3000,,'',1,7000,,'',1,3000,,'',1,7000,,'',1,3000,,'',1,10000,,'',1,10000,,'',1
'6-CCFFF',3201,61000,4,'',1,3000,4,'',1,7000,4,'',1,3000,4,'',1,7000,4,'',1,3000,4,'',1,7000,4,'',1,3000,4,'',1,7000,4,'',1,3000,4,'',1,7000,4,'',1,3000,4,'',1,7000,4,'',1,3000,4,'',1,7000,4,'',1,3000,4,'',1,7000,4,'',1,3000,4,'',1,7000,4,'',1,3000,4,'',1,7000,4,'',1,3000,4,'',1,7000,4,'',1,3000,4,'',1,7000,4,'',1,3000,4,'',1,7000,4,'',1,3000,4,'',1,10000,4,'',1,10000,4,'',1
'7-CCFSAT',3200,81500,,'',1,4000,,'',1,8000,,'',1,8000,,'',1,4000,,'',1,8000,,'',1,8000,,'',1,4000,,'',1,8000,,'',1,8000,,'',1,4000,,'',1,8000,,'',1,8000,,'',1,4000,,'',1,8000,,'',1,8000,,'',1,4000,,'',1,8000,,'',1
'7-CCFSAT',3201,81000,4,'',1,4000,4,'',1,8000,4,'',1,8000,4,'',1,4000,4,'',1,8000,4,'',1,8000,4,'',1,4000,4,'',1,8000,4,'',1,8000,4,'',1,4000,4,'',1,8000,4,'',1,8000,4,'',1,4000,4,'',1,8000,4,'',1,8000,4,'',1,4000,4,'',1,8000,4,'',1,8000,4,'',1
'8-CCFSUN',3200,91500,,'',1,10000,,'',1,10000,,'',1,10000,,'',1,10000,,'',1,10000,,'',1,10000,,'',1,10000,,'',1,10000,,'',1,10000,,'',1,10000,,'',1
'8-CCFSUN',3201,91000,4,'',1,10000,4,'',1,10000,4,'',1,10000,4,'',1,10000,4,'',1,10000,4,'',1,10000,4,'',1,10000,4,'',1,10000,4,'',1,10000,4,'',1,10000,4,'',1,10000,4,'',1
'1-WKDYmerged532355',4700,134600,4,'',1,59900,4,'',1
'1-WKDYmerged532355',4701,51700,,'',1,63300,,'',1,60000,,'',1
'5-CCFWK',4700,134600,4,'',1,59900,4,'',1
'5-CCFWK',4701,51700,,'',1,63300,,'',1,60000,,'',1
'6-CCFFF',4700,134600,4,'',1,59900,4,'',1
'6-CCFFF',4701,51700,,'',1,63300,,'',1,60000,,'',1
'1-WKDYmerged532355',5000,51100,4,'',1,3600,4,'',1,5500,4,'',1,1900,4,'',1,1500,4,'',1,1500,4,'',1,5500,4,'',1,1200,4,'',1,1500,4,'',1,1200,4,'',1,1200,4,'',1,5200,4,'',1,1200,4,'',1,1300,4,'',1,1200,4,'',1,1200,4,'',1,5200,4,'',1,1200,4,'',1,1300,4,'',1,1200,4,'',1,5300,4,'',1,1100,4,'',1,1300,4,'',1,1200,4,'',1,1200,4,'',1,5200,4,'',1,1200,4,'',1,1200,4,'',1,1200,4,'',1,1200,4,'',1,5300,4,'',1,1200,4,'',1,1300,4,'',1,1200,4,'',1,1200,4,'',1,5200,4,'',1,1200,4,'',1,1300,4,'',1,1200,4,'',1,1300,4,'',1,5200,4,'',1,1200,4,'',1,1200,4,'',1,1200,4,'',1,1200,4,'',1,5200,4,'',1,1200,4,'',1,1200,4,'',1,1200,4,'',1,1200,4,'',1,5200,4,'',1,1200,4,'',1,1200,4,'',1,1200,4,'',1,1200,4,'',1,5100,4,'',1,1100,4,'',1,1200,4,'',1,1200,4,'',1,1100,4,'',1,1000,4,'',1,5200,4,'',1,1200,4,'',1,1100,4,'',1,1200,4,'',1,1200,4,'',1,5200,4,'',1,1100,4,'',1,1300,4,'',1,1500,4,'',1,5500,4,'',1,1400,4,'',1,1300,4,'',1,1500,4,'',1,5500,4,'',1,1500,4,'',1,1700,4,'',1,1200,4,'',1,5500,4,'',1,2500,4,'',1,3000,4,'',1,6800,4,'',1,2800,4,'',1,7000,4,'',1,8000,4,'',1
'1-WKDYmerged532355',5001,42500,,'',1,7500,,'',1,1500,,'',1,1500,,'',1,1500,,'',1,5500,,'',1,1500,,'',1,1200,,'',1,1200,,'',1,1200,,'',1,5200,,'',1,1200,,'',1,1200,,'',1,1200,,'',1,1200,,'',1,5200,,'',1,1200,,'',1,1200,,'',1,1200,,'',1,1200,,'',1,5200,,'',1,1200,,'',1,1200,,'',1,1200,,'',1,1200,,'',1,5200,,'',1,1200,,'',1,1200,,'',1,1200,,'',1,1200,,'',1,5200,,'',1,1200,,'',1,1200,,'',1,1200,,'',1,1200,,'',1,5200,,'',1,1200,,'',1,1200,,'',1,1200,,'',1,1200,,'',1,5200,,'',1,1200,,'',1,1200,,'',1,1200,,'',1,1200,,'',1,5200,,'',1,1200,,'',1,1200,,'',1,1200,,'',1,1200,,'',1,5200,,'',1,1200,,'',1,1200,,'',1,1200,,'',1,1200,,'',1,5200,,'',1,1200,,'',1,1200,,'',1,1200,,'',1,1200,,'',1,5200,,'',1,1200,,'',1,1200,,'',1,1200,,'',1,1200,,'',1,5200,,'',1,1200,,'',1,1200,,'',1,1300,,'',1,1500,,'',1,5500,,'',1,1500,,'',1,1500,,'',1,1500,,'',1,5500,,'',1,1500,,'',1,1700,,'',1,1300,,'',1,5500,,'',1,2500,,'',1,7000,,'',1,3000,,'',1,7000,,'',1,3000,,'',1,8000,,'',1
'2-SATmerged532354',5000,64600,4,'',1,7100,4,'',1,3000,4,'',1,7100,4,'',1,3000,4,'',1,7000,4,'',1,3200,4,'',1,5600,4,'',1,1600,4,'',1,1700,4,'',1,1500,4,'',1,5500,4,'',1,1500,4,'',1,1600,4,'',1,1500,4,'',1,5500,4,'',1,1500,4,'',1,1500,4,'',1,1500,4,'',1,5600,4,'',1,1600,4,'',1,1500,4,'',1,1500,4,'',1,5500,4,'',1,1500,4,'',1,1500,4,'',1,1500,4,'',1,5500,4,'',1,1500,4,'',1,1600,4,'',1,1500,4,'',1,5500,4,'',1,1500,4,'',1,1500,4,'',1,1500,4,'',1,5500,4,'',1,1500,4,'',1,1500,4,'',1,1500,4,'',1,5400,4,'',1,1500,4,'',1,1500,4,'',1,1500,4,'',1,5500,4,'',1,1500,4,'',1,1300,4,'',1,1400,4,'',1,5400,4,'',1,1500,4,'',1,1500,4,'',1,1500,4,'',1,5500,4,'',1,1300,4,'',1,1500,4,'',1,1500,4,'',1,5300,4,'',1,1500,4,'',1,3500,4,'',1,7000,4,'',1,3000,4,'',1,6800,4,'',1,2400,4,'',1
'2-SATmerged532354',5001,60000,,'',1,3000,,'',1,7000,,'',1,3000,,'',1,7000,,'',1,3000,,'',1,7000,,'',1,1500,,'',1,1500,,'',1,1500,,'',1,5500,,'',1,1500,,'',1,1500,,'',1,1500,,'',1,5500,,'',1,1500,,'',1,1500,,'',1,1500,,'',1,5500,,'',1,1500,,'',1,1500,,'',1,1500,,'',1,5500,,'',1,1500,,'',1,1500,,'',1,1500,,'',1,5500,,'',1,1500,,'',1,1500,,'',1,1500,,'',1,5500,,'',1,1500,,'',1,1500,,'',1,1500,,'',1,5500,,'',1,1500,,'',1,1500,,'',1,1500,,'',1,5500,,'',1,1500,,'',1,1500,,'',1,1500,,'',1,5500,,'',1,1500,,'',1,1500,,'',1,1500,,'',1,5500,,'',1,1500,,'',1,1500,,'',1,1500,,'',1,5500,,'',1,1500,,'',1,1500,,'',1,1500,,'',1,5500,,'',1,1500,,'',1,1500,,'',1,7500,,'',1,3000,,'',1,7000,,'',1,3000,,'',1,6500,,'',1
'3-SUNmerged532353',5000,64600,4,'',1,7100,4,'',1,3000,4,'',1,7100,4,'',1,3000,4,'',1,7000,4,'',1,3200,4,'',1,5600,4,'',1,1600,4,'',1,1700,4,'',1,1500,4,'',1,5500,4,'',1,1500,4,'',1,1600,4,'',1,1500,4,'',1,5500,4,'',1,1500,4,'',1,1500,4,'',1,1500,4,'',1,5600,4,'',1,1600,4,'',1,1500,4,'',1,1500,4,'',1,5500,4,'',1,1500,4,'',1,1500,4,'',1,1500,4,'',1,5500,4,'',1,1500,4,'',1,1600,4,'',1,1500,4,'',1,5500,4,'',1,1500,4,'',1,1500,4,'',1,1500,4,'',1,5500,4,'',1,1500,4,'',1,1500,4,'',1,5800,4,'',1,1100,4,'',1,1500,4,'',1,1500,4,'',1,1500,4,'',1,5500,4,'',1,1500,4,'',1,1300,4,'',1,1400,4,'',1,5400,4,'',1,1500,4,'',1,1500,4,'',1,1500,4,'',1,5500,4,'',1,1300,4,'',1,1500,4,'',1,1500,4,'',1,5300,4,'',1,1500,4,'',1,3500,4,'',1,7000,4,'',1,3000,4,'',1,6800,4,'',1,2400,4,'',1
'3-SUNmerged532353',5001,60000,,'',1,3000,,'',1,7000,,'',1,3000,,'',1,7000,,'',1,3000,,'',1,7000,,'',1,1500,,'',1,1500,,'',1,1500,,'',1,5500,,'',1,1500,,'',1,1500,,'',1,1500,,'',1,5500,,'',1,1500,,'',1,1500,,'',1,1500,,'',1,5500,,'',1,1500,,'',1,1500,,'',1,1500,,'',1,5500,,'',1,1500,,'',1,1500,,'',1,1500,,'',1,5500,,'',1,1500,,'',1,1500,,'',1,1500,,'',1,5500,,'',1,1500,,'',1,1500,,'',1,1500,,'',1,5500,,'',1,1500,,'',1,1500,,'',1,1500,,'',1,5500,,'',1,1500,,'',1,1500,,'',1,1500,,'',1,5500,,'',1,1500,,'',1,1500,,'',1,1500,,'',1,5500,,'',1,1500,,'',1,1500,,'',1,1500,,'',1,5500,,'',1,1500,,'',1,1500,,'',1,1500,,'',1,5500,,'',1,1500,,'',1,1500,,'',1,7500,,'',1,3000,,'',1,7000,,'',1,3000,,'',1,6500,,'',1
'5-CCFWK',5000,51100,4,'',1,3600,4,'',1,5500,4,'',1,1900,4,'',1,1500,4,'',1,1500,4,'',1,5500,4,'',1,1200,4,'',1,1500,4,'',1,1200,4,'',1,1200,4,'',1,5200,4,'',1,1200,4,'',1,1300,4,'',1,1200,4,'',1,1200,4,'',1,5200,4,'',1,1200,4,'',1,1300,4,'',1,1200,4,'',1,5300,4,'',1,1100,4,'',1,1300,4,'',1,1200,4,'',1,1200,4,'',1,5200,4,'',1,1200,4,'',1,1200,4,'',1,1200,4,'',1,1200,4,'',1,5300,4,'',1,1200,4,'',1,1300,4,'',1,1200,4,'',1,1200,4,'',1,5200,4,'',1,1200,4,'',1,1300,4,'',1,1200,4,'',1,1300,4,'',1,5200,4,'',1,1200,4,'',1,1200,4,'',1,1200,4,'',1,1200,4,'',1,5200,4,'',1,1200,4,'',1,1200,4,'',1,1200,4,'',1,1200,4,'',1,5200,4,'',1,1200,4,'',1,1200,4,'',1,1200,4,'',1,1200,4,'',1,5100,4,'',1,1100,4,'',1,1200,4,'',1,1200,4,'',1,1100,4,'',1,1000,4,'',1,5200,4,'',1,1200,4,'',1,1100,4,'',1,1200,4,'',1,1200,4,'',1,5200,4,'',1,1100,4,'',1,1300,4,'',1,1500,4,'',1,5500,4,'',1,1400,4,'',1,1300,4,'',1,1500,4,'',1,5500,4,'',1,1500,4,'',1,1700,4,'',1,1200,4,'',1,5500,4,'',1,2500,4,'',1,3000,4,'',1,6800,4,'',1,2800,4,'',1,7000,4,'',1,8000,4,'',1
'5-CCFWK',5001,42500,,'',1,7500,,'',1,1500,,'',1,1500,,'',1,1500,,'',1,5500,,'',1,1500,,'',1,1200,,'',1,1200,,'',1,1200,,'',1,5200,,'',1,1200,,'',1,1200,,'',1,1200,,'',1,1200,,'',1,5200,,'',1,1200,,'',1,1200,,'',1,1200,,'',1,1200,,'',1,5200,,'',1,1200,,'',1,1200,,'',1,1200,,'',1,1200,,'',1,5200,,'',1,1200,,'',1,1200,,'',1,1200,,'',1,1200,,'',1,5200,,'',1,1200,,'',1,1200,,'',1,1200,,'',1,1200,,'',1,5200,,'',1,1200,,'',1,1200,,'',1,1200,,'',1,1200,,'',1,5200,,'',1,1200,,'',1,1200,,'',1,1200,,'',1,1200,,'',1,5200,,'',1,1200,,'',1,1200,,'',1,1200,,'',1,1200,,'',1,5200,,'',1,1200,,'',1,1200,,'',1,1200,,'',1,1200,,'',1,5200,,'',1,1200,,'',1,1200,,'',1,1200,,'',1,1200,,'',1,5200,,'',1,1200,,'',1,1200,,'',1,1200,,'',1,1200,,'',1,5200,,'',1,1200,,'',1,1200,,'',1,1300,,'',1,1500,,'',1,5500,,'',1,1500,,'',1,1500,,'',1,1500,,'',1,5500,,'',1,1500,,'',1,1700,,'',1,1300,,'',1,5500,,'',1,2500,,'',1,7000,,'',1,3000,,'',1,7000,,'',1,3000,,'',1,8000,,'',1
'6-CCFFF',5000,51100,4,'',1,3600,4,'',1,5500,4,'',1,1900,4,'',1,1500,4,'',1,1500,4,'',1,5500,4,'',1,1200,4,'',1,1500,4,'',1,1200,4,'',1,1200,4,'',1,5200,4,'',1,1200,4,'',1,1300,4,'',1,1200,4,'',1,1200,4,'',1,5200,4,'',1,1200,4,'',1,1300,4,'',1,1200,4,'',1,5300,4,'',1,1100,4,'',1,1300,4,'',1,1200,4,'',1,1200,4,'',1,5200,4,'',1,1200,4,'',1,1200,4,'',1,1200,4,'',1,1200,4,'',1,5300,4,'',1,1200,4,'',1,1300,4,'',1,1200,4,'',1,1200,4,'',1,5200,4,'',1,1200,4,'',1,1300,4,'',1,1200,4,'',1,1300,4,'',1,5200,4,'',1,1200,4,'',1,1200,4,'',1,1200,4,'',1,1200,4,'',1,5200,4,'',1,1200,4,'',1,1200,4,'',1,1200,4,'',1,1200,4,'',1,5200,4,'',1,1200,4,'',1,1200,4,'',1,1200,4,'',1,1200,4,'',1,5100,4,'',1,1100,4,'',1,1200,4,'',1,1200,4,'',1,1100,4,'',1,1000,4,'',1,5200,4,'',1,1200,4,'',1,1100,4,'',1,1200,4,'',1,1200,4,'',1,5200,4,'',1,1100,4,'',1,1300,4,'',1,1500,4,'',1,5500,4,'',1,1400,4,'',1,1300,4,'',1,1500,4,'',1,5500,4,'',1,1500,4,'',1,1700,4,'',1,1200,4,'',1,5500,4,'',1,2500,4,'',1,3000,4,'',1,6800,4,'',1,2800,4,'',1,7000,4,'',1,8000,4,'',1
'6-CCFFF',5001,42500,,'',1,7500,,'',1,1500,,'',1,1500,,'',1,1500,,'',1,5500,,'',1,1500,,'',1,1200,,'',1,1200,,'',1,1200,,'',1,5200,,'',1,1200,,'',1,1200,,'',1,1200,,'',1,1200,,'',1,5200,,'',1,1200,,'',1,1200,,'',1,1200,,'',1,1200,,'',1,5200,,'',1,1200,,'',1,1200,,'',1,1200,,'',1,1200,,'',1,5200,,'',1,1200,,'',1,1200,,'',1,1200,,'',1,1200,,'',1,5200,,'',1,1200,,'',1,1200,,'',1,1200,,'',1,1200,,'',1,5200,,'',1,1200,,'',1,1200,,'',1,1200,,'',1,1200,,'',1,5200,,'',1,1200,,'',1,1200,,'',1,1200,,'',1,1200,,'',1,5200,,'',1,1200,,'',1,1200,,'',1,1200,,'',1,1200,,'',1,5200,,'',1,1200,,'',1,1200,,'',1,1200,,'',1,1200,,'',1,5200,,'',1,1200,,'',1,1200,,'',1,1200,,'',1,1200,,'',1,5200,,'',1,1200,,'',1,1200,,'',1,1200,,'',1,1200,,'',1,5200,,'',1,1200,,'',1,1200,,'',1,1300,,'',1,1500,,'',1,5500,,'',1,1500,,'',1,1500,,'',1,1500,,'',1,5500,,'',1,1500,,'',1,1700,,'',1,1300,,'',1,5500,,'',1,2500,,'',1,7000,,'',1,3000,,'',1,7000,,'',1,3000,,'',1,8000,,'',1
'7-CCFSAT',5000,64600,4,'',1,7100,4,'',1,3000,4,'',1,7100,4,'',1,3000,4,'',1,7000,4,'',1,3200,4,'',1,5600,4,'',1,1600,4,'',1,1700,4,'',1,1500,4,'',1,5500,4,'',1,1500,4,'',1,1600,4,'',1,1500,4,'',1,5500,4,'',1,1500,4,'',1,1500,4,'',1,1500,4,'',1,5600,4,'',1,1600,4,'',1,1500,4,'',1,1500,4,'',1,5500,4,'',1,1500,4,'',1,1500,4,'',1,1500,4,'',1,5500,4,'',1,1500,4,'',1,1600,4,'',1,1500,4,'',1,5500,4,'',1,1500,4,'',1,1500,4,'',1,1500,4,'',1,5500,4,'',1,1500,4,'',1,1500,4,'',1,1500,4,'',1,5400,4,'',1,1500,4,'',1,1500,4,'',1,1500,4,'',1,5500,4,'',1,1500,4,'',1,1300,4,'',1,1400,4,'',1,5400,4,'',1,1500,4,'',1,1500,4,'',1,1500,4,'',1,5500,4,'',1,1300,4,'',1,1500,4,'',1,1500,4,'',1,5300,4,'',1,1500,4,'',1,3500,4,'',1,7000,4,'',1,3000,4,'',1,6800,4,'',1,2400,4,'',1
'7-CCFSAT',5001,60000,,'',1,3000,,'',1,7000,,'',1,3000,,'',1,7000,,'',1,3000,,'',1,7000,,'',1,1500,,'',1,1500,,'',1,1500,,'',1,5500,,'',1,1500,,'',1,1500,,'',1,1500,,'',1,5500,,'',1,1500,,'',1,1500,,'',1,1500,,'',1,5500,,'',1,1500,,'',1,1500,,'',1,1500,,'',1,5500,,'',1,1500,,'',1,1500,,'',1,1500,,'',1,5500,,'',1,1500,,'',1,1500,,'',1,1500,,'',1,5500,,'',1,1500,,'',1,1500,,'',1,1500,,'',1,5500,,'',1,1500,,'',1,1500,,'',1,1500,,'',1,5500,,'',1,1500,,'',1,1500,,'',1,1500,,'',1,5500,,'',1,1500,,'',1,1500,,'',1,1500,,'',1,5500,,'',1,1500,,'',1,1500,,'',1,1500,,'',1,5500,,'',1,1500,,'',1,1500,,'',1,1500,,'',1,5500,,'',1,1500,,'',1,1500,,'',1,7500,,'',1,3000,,'',1,7000,,'',1,3000,,'',1,6500,,'',1
'8-CCFSUN',5000,64600,4,'',1,7100,4,'',1,3000,4,'',1,7100,4,'',1,3000,4,'',1,7000,4,'',1,3200,4,'',1,5600,4,'',1,1600,4,'',1,1700,4,'',1,1500,4,'',1,5500,4,'',1,1500,4,'',1,1600,4,'',1,1500,4,'',1,5500,4,'',1,1500,4,'',1,1500,4,'',1,1500,4,'',1,5600,4,'',1,1600,4,'',1,1500,4,'',1,1500,4,'',1,5500,4,'',1,1500,4,'',1,1500,4,'',1,1500,4,'',1,5500,4,'',1,1500,4,'',1,1600,4,'',1,1500,4,'',1,5500,4,'',1,1500,4,'',1,1500,4,'',1,1500,4,'',1,5500,4,'',1,1500,4,'',1,1500,4,'',1,5800,4,'',1,1100,4,'',1,1500,4,'',1,1500,4,'',1,1500,4,'',1,5500,4,'',1,1500,4,'',1,1300,4,'',1,1400,4,'',1,5400,4,'',1,1500,4,'',1,1500,4,'',1,1500,4,'',1,5500,4,'',1,1300,4,'',1,1500,4,'',1,1500,4,'',1,5300,4,'',1,1500,4,'',1,3500,4,'',1,7000,4,'',1,3000,4,'',1,6800,4,'',1,2400,4,'',1
'8-CCFSUN',5001,60000,,'',1,3000,,'',1,7000,,'',1,3000,,'',1,7000,,'',1,3000,,'',1,7000,,'',1,1500,,'',1,1500,,'',1,1500,,'',1,5500,,'',1,1500,,'',1,1500,,'',1,1500,,'',1,5500,,'',1,1500,,'',1,1500,,'',1,1500,,'',1,5500,,'',1,1500,,'',1,1500,,'',1,1500,,'',1,5500,,'',1,1500,,'',1,1500,,'',1,1500,,'',1,5500,,'',1,1500,,'',1,1500,,'',1,1500,,'',1,5500,,'',1,1500,,'',1,1500,,'',1,1500,,'',1,5500,,'',1,1500,,'',1,1500,,'',1,1500,,'',1,5500,,'',1,1500,,'',1,1500,,'',1,1500,,'',1,5500,,'',1,1500,,'',1,1500,,'',1,1500,,'',1,5500,,'',1,1500,,'',1,1500,,'',1,1500,,'',1,5500,,'',1,1500,,'',1,1500,,'',1,1500,,'',1,5500,,'',1,1500,,'',1,1500,,'',1,7500,,'',1,3000,,'',1,7000,,'',1,3000,,'',1,6500,,'',1
'1-WKDYmerged532355',7200,50000,,'',1,5000,,'',1,7000,,'',1,3000,,'',1,7000,,'',1,3000,,'',1,7000,,'',1,3000,,'',1,10000,,'',1,10000,,'',1,10000,,'',1,10000,,'',1,10000,,'',1,10000,,'',1,7000,,'',1,3000,,'',1,7000,,'',1,3000,,'',1,7000,,'',1,3000,,'',1,7000,,'',1,3000,,'',1,10000,,'',1,15000,,'',1
'1-WKDYmerged532355',7201,53500,4,'',1,9300,4,'',1,3000,4,'',1,7000,4,'',1,7300,4,'',1,3000,4,'',1,7000,4,'',1,3000,4,'',1,10000,4,'',1,10000,4,'',1,10200,4,'',1,9800,4,'',1,10000,4,'',1,10000,4,'',1,7200,4,'',1,3000,4,'',1,6900,4,'',1,3000,4,'',1,6800,4,'',1,2900,4,'',1,3000,4,'',1,6900,4,'',1,10000,4,'',1,11000,4,'',1
'2-SATmerged532354',7200,72000,,'',1,10000,,'',1,10000,,'',1,10000,,'',1,10000,,'',1,10000,,'',1,10000,,'',1,10000,,'',1,10000,,'',1,10000,,'',1,10000,,'',1,10000,,'',1,10000,,'',1
'2-SATmerged532354',7201,80000,4,'',1,10000,4,'',1,10000,4,'',1,10000,4,'',1,10000,4,'',1,10000,4,'',1,10000,4,'',1,10000,4,'',1,10000,4,'',1,10000,4,'',1,10000,4,'',1,5900,4,'',1,10000,4,'',1
'3-SUNmerged532353',7200,72000,,'',1,10000,,'',1,10000,,'',1,10000,,'',1,10000,,'',1,10000,,'',1,10000,,'',1,10000,,'',1,10000,,'',1,10000,,'',1,10000,,'',1,10000,,'',1,10000,,'',1
'3-SUNmerged532353',7201,80000,4,'',1,10000,4,'',1,10000,4,'',1,10000,4,'',1,10000,4,'',1,10000,4,'',1,10000,4,'',1,10000,4,'',1,10000,4,'',1,10000,4,'',1,10000,4,'',1,5900,4,'',1,10000,4,'',1
'5-CCFWK',7200,50000,,'',1,5000,,'',1,7000,,'',1,3000,,'',1,7000,,'',1,3000,,'',1,7000,,'',1,3000,,'',1,10000,,'',1,10000,,'',1,10000,,'',1,10000,,'',1,10000,,'',1,10000,,'',1,7000,,'',1,3000,,'',1,7000,,'',1,3000,,'',1,7000,,'',1,3000,,'',1,7000,,'',1,3000,,'',1,10000,,'',1,15000,,'',1
'5-CCFWK',7201,53500,4,'',1,9300,4,'',1,3000,4,'',1,7000,4,'',1,7300,4,'',1,3000,4,'',1,7000,4,'',1,3000,4,'',1,10000,4,'',1,10000,4,'',1,10200,4,'',1,9800,4,'',1,10000,4,'',1,10000,4,'',1,7200,4,'',1,3000,4,'',1,6900,4,'',1,3000,4,'',1,6800,4,'',1,2900,4,'',1,3000,4,'',1,6900,4,'',1,10000,4,'',1,11000,4,'',1
'6-CCFFF',7200,50000,,'',1,5000,,'',1,7000,,'',1,3000,,'',1,7000,,'',1,3000,,'',1,7000,,'',1,3000,,'',1,10000,,'',1,10000,,'',1,10000,,'',1,10000,,'',1,10000,,'',1,10000,,'',1,7000,,'',1,3000,,'',1,7000,,'',1,3000,,'',1,7000,,'',1,3000,,'',1,7000,,'',1,3000,,'',1,10000,,'',1,15000,,'',1
'6-CCFFF',7201,53500,4,'',1,9300,4,'',1,3000,4,'',1,7000,4,'',1,7300,4,'',1,3000,4,'',1,7000,4,'',1,3000,4,'',1,10000,4,'',1,10000,4,'',1,10200,4,'',1,9800,4,'',1,10000,4,'',1,10000,4,'',1,7200,4,'',1,3000,4,'',1,6900,4,'',1,3000,4,'',1,6800,4,'',1,2900,4,'',1,3000,4,'',1,6900,4,'',1,10000,4,'',1,11000,4,'',1
'7-CCFSAT',7200,72000,,'',1,10000,,'',1,10000,,'',1,10000,,'',1,10000,,'',1,10000,,'',1,10000,,'',1,10000,,'',1,10000,,'',1,10000,,'',1,10000,,'',1,10000,,'',1,10000,,'',1
'7-CCFSAT',7201,80000,4,'',1,10000,4,'',1,10000,4,'',1,10000,4,'',1,10000,4,'',1,10000,4,'',1,10000,4,'',1,10000,4,'',1,10000,4,'',1,10000,4,'',1,10000,4,'',1,5900,4,'',1,10000,4,'',1
'8-CCFSUN',7200,72000,,'',1,10000,,'',1,10000,,'',1,10000,,'',1,10000,,'',1,10000,,'',1,10000,,'',1,10000,,'',1,10000,,'',1,10000,,'',1,10000,,'',1,10000,,'',1,10000,,'',1
'8-CCFSUN',7201,80000,4,'',1,10000,4,'',1,10000,4,'',1,10000,4,'',1,10000,4,'',1,10000,4,'',1,10000,4,'',1,10000,4,'',1,10000,4,'',1,10000,4,'',1,10000,4,'',1,5900,4,'',1,10000,4,'',1
'1-WKDYmerged532355',7400,50000,,'',1,4500,,'',1,10500,,'',1,10000,,'',1,10000,,'',1,10000,,'',1,10000,,'',1,10000,,'',1,7000,,'',1,3000,,'',1,7000,,'',1,3000,,'',1,7000,,'',1,3000,,'',1,7000,,'',1,3000,,'',1,7000,,'',1,3000,,'',1,7000,,'',1,3000,,'',1,7000,,'',1,3000,,'',1,10000,,'',1,15000,,'',1
'1-WKDYmerged532355',7401,53100,4,'',1,8500,4,'',1,10800,4,'',1,10100,4,'',1,10200,4,'',1,9900,4,'',1,10000,4,'',1,10200,4,'',1,3000,4,'',1,7200,4,'',1,7000,4,'',1,3100,4,'',1,7000,4,'',1,3200,4,'',1,7000,4,'',1,3000,4,'',1,7000,4,'',1,3000,4,'',1,7000,4,'',1,2600,4,'',1,3000,4,'',1,6700,4,'',1,9900,4,'',1,10700,4,'',1
'2-SATmerged532354',7400,72000,,'',1,10000,,'',1,10000,,'',1,10000,,'',1,10000,,'',1,10000,,'',1,10000,,'',1,10000,,'',1,10000,,'',1,10000,,'',1,10000,,'',1,10000,,'',1,10000,,'',1
'2-SATmerged532354',7401,75300,4,'',1,10000,4,'',1,10200,4,'',1,10000,4,'',1,10000,4,'',1,10200,4,'',1,10000,4,'',1,10000,4,'',1,10000,4,'',1,10000,4,'',1,10000,4,'',1,9900,4,'',1,10000,4,'',1
'3-SUNmerged532353',7400,72000,,'',1,10000,,'',1,10000,,'',1,10000,,'',1,10000,,'',1,10000,,'',1,10000,,'',1,10000,,'',1,10000,,'',1,10000,,'',1,10000,,'',1,10000,,'',1,10000,,'',1
'3-SUNmerged532353',7401,75300,4,'',1,10000,4,'',1,10200,4,'',1,10000,4,'',1,10000,4,'',1,10200,4,'',1,10000,4,'',1,10000,4,'',1,10000,4,'',1,10000,4,'',1,10000,4,'',1,9900,4,'',1,10000,4,'',1
'5-CCFWK',7400,50000,,'',1,4500,,'',1,10500,,'',1,10000,,'',1,10000,,'',1,10000,,'',1,10000,,'',1,10000,,'',1,7000,,'',1,3000,,'',1,7000,,'',1,3000,,'',1,7000,,'',1,3000,,'',1,7000,,'',1,3000,,'',1,7000,,'',1,3000,,'',1,7000,,'',1,3000,,'',1,7000,,'',1,3000,,'',1,10000,,'',1,15000,,'',1
'5-CCFWK',7401,53100,4,'',1,8500,4,'',1,10800,4,'',1,10100,4,'',1,10200,4,'',1,9900,4,'',1,10000,4,'',1,10200,4,'',1,3000,4,'',1,7200,4,'',1,7000,4,'',1,3100,4,'',1,7000,4,'',1,3200,4,'',1,7000,4,'',1,3000,4,'',1,7000,4,'',1,3000,4,'',1,7000,4,'',1,2600,4,'',1,3000,4,'',1,6700,4,'',1,9900,4,'',1,10700,4,'',1
'6-CCFFF',7400,50000,,'',1,4500,,'',1,10500,,'',1,10000,,'',1,10000,,'',1,10000,,'',1,10000,,'',1,10000,,'',1,7000,,'',1,3000,,'',1,7000,,'',1,3000,,'',1,7000,,'',1,3000,,'',1,7000,,'',1,3000,,'',1,7000,,'',1,3000,,'',1,7000,,'',1,3000,,'',1,7000,,'',1,3000,,'',1,10000,,'',1,15000,,'',1
'6-CCFFF',7401,53100,4,'',1,8500,4,'',1,10800,4,'',1,10100,4,'',1,10200,4,'',1,9900,4,'',1,10000,4,'',1,10200,4,'',1,3000,4,'',1,7200,4,'',1,7000,4,'',1,3100,4,'',1,7000,4,'',1,3200,4,'',1,7000,4,'',1,3000,4,'',1,7000,4,'',1,3000,4,'',1,7000,4,'',1,2600,4,'',1,3000,4,'',1,6700,4,'',1,9900,4,'',1,10700,4,'',1
'7-CCFSAT',7400,72000,,'',1,10000,,'',1,10000,,'',1,10000,,'',1,10000,,'',1,10000,,'',1,10000,,'',1,10000,,'',1,10000,,'',1,10000,,'',1,10000,,'',1,10000,,'',1,10000,,'',1
'7-CCFSAT',7401,75300,4,'',1,10000,4,'',1,10200,4,'',1,10000,4,'',1,10000,4,'',1,10200,4,'',1,10000,4,'',1,10000,4,'',1,10000,4,'',1,10000,4,'',1,10000,4,'',1,9900,4,'',1,10000,4,'',1
'8-CCFSUN',7400,72000,,'',1,10000,,'',1,10000,,'',1,10000,,'',1,10000,,'',1,10000,,'',1,10000,,'',1,10000,,'',1,10000,,'',1,10000,,'',1,10000,,'',1,10000,,'',1,10000,,'',1
'8-CCFSUN',7401,75300,4,'',1,10000,4,'',1,10200,4,'',1,10000,4,'',1,10000,4,'',1,10200,4,'',1,10000,4,'',1,10000,4,'',1,10000,4,'',1,10000,4,'',1,10000,4,'',1,9900,4,'',1,10000,4,'',1
'1-WKDYmerged532355',7800,50200,4,'',1,10300,4,'',1,3100,4,'',1,7000,4,'',1,3100,4,'',1,7100,4,'',1,3200,4,'',1,7000,4,'',1,10000,4,'',1,10000,4,'',1,10100,4,'',1,10000,4,'',1,10000,4,'',1,10100,4,'',1,3000,4,'',1,7000,4,'',1,3000,4,'',1,7000,4,'',1,2800,4,'',1,6800,4,'',1,10000,4,'',1,10000,4,'',1,9700,4,'',1,9700,4,'',1
'1-WKDYmerged532355',7801,51200,,'',1,10000,,'',1,3000,,'',1,7000,,'',1,3000,,'',1,7000,,'',1,3000,,'',1,7000,,'',1,10000,,'',1,10000,,'',1,10000,,'',1,10000,,'',1,10000,,'',1,10000,,'',1,3000,,'',1,7000,,'',1,3000,,'',1,7000,,'',1,3000,,'',1,7000,,'',1,10000,,'',1,10000,,'',1,10000,,'',1
'2-SATmerged532354',7800,81100,4,'',1,10000,4,'',1,10200,4,'',1,10100,4,'',1,10200,4,'',1,10000,4,'',1,10000,4,'',1,10000,4,'',1,10100,4,'',1,9800,4,'',1,10000,4,'',1,9900,4,'',1,9800,4,'',1
'2-SATmerged532354',7801,81200,,'',1,10000,,'',1,10000,,'',1,10000,,'',1,10000,,'',1,10000,,'',1,10000,,'',1,10000,,'',1,10000,,'',1,10000,,'',1,10000,,'',1,10000,,'',1
'3-SUNmerged532353',7800,81100,4,'',1,10000,4,'',1,10200,4,'',1,10100,4,'',1,10200,4,'',1,10000,4,'',1,10000,4,'',1,10000,4,'',1,10100,4,'',1,9800,4,'',1,10000,4,'',1,9900,4,'',1,9800,4,'',1
'3-SUNmerged532353',7801,81200,,'',1,10000,,'',1,10000,,'',1,10000,,'',1,10000,,'',1,10000,,'',1,10000,,'',1,10000,,'',1,10000,,'',1,10000,,'',1,10000,,'',1,10000,,'',1
'5-CCFWK',7800,50200,4,'',1,10300,4,'',1,3100,4,'',1,7000,4,'',1,3100,4,'',1,7100,4,'',1,3200,4,'',1,7000,4,'',1,10000,4,'',1,10000,4,'',1,10100,4,'',1,10000,4,'',1,10000,4,'',1,10100,4,'',1,3000,4,'',1,7000,4,'',1,3000,4,'',1,7000,4,'',1,2800,4,'',1,6800,4,'',1,10000,4,'',1,10000,4,'',1,9700,4,'',1,9700,4,'',1
'5-CCFWK',7801,51200,,'',1,10000,,'',1,3000,,'',1,7000,,'',1,3000,,'',1,7000,,'',1,3000,,'',1,7000,,'',1,10000,,'',1,10000,,'',1,10000,,'',1,10000,,'',1,10000,,'',1,10000,,'',1,3000,,'',1,7000,,'',1,3000,,'',1,7000,,'',1,3000,,'',1,7000,,'',1,10000,,'',1,10000,,'',1,10000,,'',1
'6-CCFFF',7800,50200,4,'',1,10300,4,'',1,3100,4,'',1,7000,4,'',1,3100,4,'',1,7100,4,'',1,3200,4,'',1,7000,4,'',1,10000,4,'',1,10000,4,'',1,10100,4,'',1,10000,4,'',1,10000,4,'',1,10100,4,'',1,3000,4,'',1,7000,4,'',1,3000,4,'',1,7000,4,'',1,2800,4,'',1,6800,4,'',1,10000,4,'',1,10000,4,'',1,9700,4,'',1,9700,4,'',1
'6-CCFFF',7801,51200,,'',1,10000,,'',1,3000,,'',1,7000,,'',1,3000,,'',1,7000,,'',1,3000,,'',1,7000,,'',1,10000,,'',1,10000,,'',1,10000,,'',1,10000,,'',1,10000,,'',1,10000,,'',1,3000,,'',1,7000,,'',1,3000,,'',1,7000,,'',1,3000,,'',1,7000,,'',1,10000,,'',1,10000,,'',1,10000,,'',1
'7-CCFSAT',7800,81100,4,'',1,10000,4,'',1,10200,4,'',1,10100,4,'',1,10200,4,'',1,10000,4,'',1,10000,4,'',1,10000,4,'',1,10100,4,'',1,9800,4,'',1,10000,4,'',1,9900,4,'',1,9800,4,'',1
'7-CCFSAT',7801,81200,,'',1,10000,,'',1,10000,,'',1,10000,,'',1,10000,,'',1,10000,,'',1,10000,,'',1,10000,,'',1,10000,,'',1,10000,,'',1,10000,,'',1,10000,,'',1
'8-CCFSUN',7800,81100,4,'',1,10000,4,'',1,10200,4,'',1,10100,4,'',1,10200,4,'',1,10000,4,'',1,10000,4,'',1,10000,4,'',1,10100,4,'',1,9800,4,'',1,10000,4,'',1,9900,4,'',1,9800,4,'',1
'8-CCFSUN',7801,81200,,'',1,10000,,'',1,10000,,'',1,10000,,'',1,10000,,'',1,10000,,'',1,10000,,'',1,10000,,'',1,10000,,'',1,10000,,'',1,10000,,'',1,10000,,'',1
'1-WKDYmerged532355',8000,63300,4,'',1,7100,4,'',1,3100,4,'',1,7000,4,'',1,3000,4,'',1,6900,4,'',1,3000,4,'',1,7100,4,'',1,3000,4,'',1,7200,4,'',1,3000,4,'',1,7100,4,'',1,3000,4,'',1,7000,4,'',1,3000,4,'',1,7100,4,'',1,3000,4,'',1,7200,4,'',1,3200,4,'',1,7000,4,'',1,3000,4,'',1,6700,4,'',1,3000,4,'',1,6800,4,'',1,2800,4,'',1,6900,4,'',1,3000,4,'',1,7000,4,'',1,2900,4,'',1,6900,4,'',1,3000,4,'',1
'1-WKDYmerged532355',8001,52000,,'',1,10000,,'',1,3000,,'',1,7000,,'',1,3000,,'',1,7000,,'',1,3000,,'',1,7000,,'',1,3000,,'',1,7000,,'',1,3000,,'',1,7000,,'',1,3000,,'',1,7000,,'',1,3000,,'',1,7000,,'',1,3000,,'',1,7000,,'',1,3000,,'',1,7000,,'',1,3000,,'',1,7000,,'',1,3000,,'',1,7000,,'',1,3000,,'',1,7000,,'',1,3000,,'',1,7000,,'',1,3000,,'',1,7000,,'',1,3000,,'',1
'2-SATmerged532354',8000,73300,4,'',1,10000,4,'',1,7000,4,'',1,3000,4,'',1,7000,4,'',1,3000,4,'',1,7000,4,'',1,3300,4,'',1,7000,4,'',1,3000,4,'',1,7000,4,'',1,3000,4,'',1,7000,4,'',1,3100,4,'',1,7000,4,'',1,3000,4,'',1,7000,4,'',1,2900,4,'',1,7000,4,'',1,3000,4,'',1,7000,4,'',1,3000,4,'',1,7000,4,'',1,3000,4,'',1,7000,4,'',1,3000,4,'',1,9700,4,'',1
'2-SATmerged532354',8001,72000,,'',1,3000,,'',1,7000,,'',1,3000,,'',1,7000,,'',1,3000,,'',1,7000,,'',1,3000,,'',1,7000,,'',1,3000,,'',1,7000,,'',1,3000,,'',1,7000,,'',1,3000,,'',1,7000,,'',1,3000,,'',1,7000,,'',1,3000,,'',1,7000,,'',1,3000,,'',1,7000,,'',1,3000,,'',1,7000,,'',1,3000,,'',1,7000,,'',1,10000,,'',1
'3-SUNmerged532353',8000,73300,4,'',1,10000,4,'',1,7000,4,'',1,3000,4,'',1,7000,4,'',1,3000,4,'',1,7000,4,'',1,3300,4,'',1,7000,4,'',1,3000,4,'',1,7000,4,'',1,3000,4,'',1,7000,4,'',1,3100,4,'',1,7000,4,'',1,3000,4,'',1,7000,4,'',1,2900,4,'',1,7000,4,'',1,3000,4,'',1,7000,4,'',1,3000,4,'',1,7100,4,'',1,2900,4,'',1,7000,4,'',1,3000,4,'',1,9700,4,'',1
'3-SUNmerged532353',8001,72000,,'',1,3000,,'',1,7000,,'',1,3000,,'',1,7000,,'',1,3000,,'',1,7000,,'',1,3000,,'',1,7000,,'',1,3000,,'',1,7000,,'',1,3000,,'',1,7000,,'',1,3000,,'',1,7000,,'',1,3000,,'',1,7000,,'',1,3000,,'',1,7000,,'',1,3000,,'',1,7000,,'',1,3000,,'',1,7000,,'',1,3000,,'',1,7000,,'',1,10000,,'',1
'5-CCFWK',8000,63300,4,'',1,7100,4,'',1,3100,4,'',1,7000,4,'',1,3000,4,'',1,6900,4,'',1,3000,4,'',1,7100,4,'',1,3000,4,'',1,7200,4,'',1,3000,4,'',1,7100,4,'',1,3000,4,'',1,7000,4,'',1,3000,4,'',1,7100,4,'',1,3000,4,'',1,7200,4,'',1,3200,4,'',1,7000,4,'',1,3000,4,'',1,6700,4,'',1,3000,4,'',1,6800,4,'',1,2800,4,'',1,6900,4,'',1,3000,4,'',1,7000,4,'',1,2900,4,'',1,6900,4,'',1,3000,4,'',1
'5-CCFWK',8001,52000,,'',1,10000,,'',1,3000,,'',1,7000,,'',1,3000,,'',1,7000,,'',1,3000,,'',1,7000,,'',1,3000,,'',1,7000,,'',1,3000,,'',1,7000,,'',1,3000,,'',1,7000,,'',1,3000,,'',1,7000,,'',1,3000,,'',1,7000,,'',1,3000,,'',1,7000,,'',1,3000,,'',1,7000,,'',1,3000,,'',1,7000,,'',1,3000,,'',1,7000,,'',1,3000,,'',1,7000,,'',1,3000,,'',1,7000,,'',1,3000,,'',1
'6-CCFFF',8000,63300,4,'',1,7100,4,'',1,3100,4,'',1,7000,4,'',1,3000,4,'',1,6900,4,'',1,3000,4,'',1,7100,4,'',1,3000,4,'',1,7200,4,'',1,3000,4,'',1,7100,4,'',1,3000,4,'',1,7000,4,'',1,3000,4,'',1,7100,4,'',1,3000,4,'',1,7200,4,'',1,3200,4,'',1,7000,4,'',1,3000,4,'',1,6700,4,'',1,3000,4,'',1,6800,4,'',1,2800,4,'',1,6900,4,'',1,3000,4,'',1,7000,4,'',1,2900,4,'',1,6900,4,'',1,3000,4,'',1
'6-CCFFF',8001,52000,,'',1,10000,,'',1,3000,,'',1,7000,,'',1,3000,,'',1,7000,,'',1,3000,,'',1,7000,,'',1,3000,,'',1,7000,,'',1,3000,,'',1,7000,,'',1,3000,,'',1,7000,,'',1,3000,,'',1,7000,,'',1,3000,,'',1,7000,,'',1,3000,,'',1,7000,,'',1,3000,,'',1,7000,,'',1,3000,,'',1,7000,,'',1,3000,,'',1,7000,,'',1,3000,,'',1,7000,,'',1,3000,,'',1,7000,,'',1,3000,,'',1
'7-CCFSAT',8000,73300,4,'',1,10000,4,'',1,7000,4,'',1,3000,4,'',1,7000,4,'',1,3000,4,'',1,7000,4,'',1,3300,4,'',1,7000,4,'',1,3000,4,'',1,7000,4,'',1,3000,4,'',1,7000,4,'',1,3100,4,'',1,7000,4,'',1,3000,4,'',1,7000,4,'',1,2900,4,'',1,7000,4,'',1,3000,4,'',1,7000,4,'',1,3000,4,'',1,7000,4,'',1,3000,4,'',1,7000,4,'',1,3000,4,'',1,9700,4,'',1
'7-CCFSAT',8001,72000,,'',1,3000,,'',1,7000,,'',1,3000,,'',1,7000,,'',1,3000,,'',1,7000,,'',1,3000,,'',1,7000,,'',1,3000,,'',1,7000,,'',1,3000,,'',1,7000,,'',1,3000,,'',1,7000,,'',1,3000,,'',1,7000,,'',1,3000,,'',1,7000,,'',1,3000,,'',1,7000,,'',1,3000,,'',1,7000,,'',1,3000,,'',1,7000,,'',1,10000,,'',1
'8-CCFSUN',8000,73300,4,'',1,10000,4,'',1,7000,4,'',1,3000,4,'',1,7000,4,'',1,3000,4,'',1,7000,4,'',1,3300,4,'',1,7000,4,'',1,3000,4,'',1,7000,4,'',1,3000,4,'',1,7000,4,'',1,3100,4,'',1,7000,4,'',1,3000,4,'',1,7000,4,'',1,2900,4,'',1,7000,4,'',1,3000,4,'',1,7000,4,'',1,3000,4,'',1,7100,4,'',1,2900,4,'',1,7000,4,'',1,3000,4,'',1,9700,4,'',1
'8-CCFSUN',8001,72000,,'',1,3000,,'',1,7000,,'',1,3000,,'',1,7000,,'',1,3000,,'',1,7000,,'',1,3000,,'',1,7000,,'',1,3000,,'',1,7000,,'',1,3000,,'',1,7000,,'',1,3000,,'',1,7000,,'',1,3000,,'',1,7000,,'',1,3000,,'',1,7000,,'',1,3000,,'',1,7000,,'',1,3000,,'',1,7000,,'',1,3000,,'',1,7000,,'',1,10000,,'',1
'6-CCFFF',98700,94000,,'',1,11000,,'',1
'6-CCFFF',98701,102500,0,'Fisher's Lndg TC',1,11000,0,'Fisher's Lndg TC',1
