'1-WKDY',3000,54200,4,'',1,10000,4,'',1,6400,4,'',1,3300,4,'',1,7100,4,'',1,3100,4,'',1,7200,4,'',1,3000,4,'',1,6900,4,'',1,2900,4,'',1,7000,4,'',1,3000,4,'',1,7100,4,'',1,3000,4,'',1,7000,4,'',1,3200,4,'',1,7000,4,'',1,2900,4,'',1,7000,4,'',1,3100,4,'',1,6900,4,'',1,3200,4,'',1,7000,4,'',1,3000,4,'',1,6800,4,'',1,2900,4,'',1,6800,4,'',1,2800,4,'',1,7000,4,'',1,3100,4,'',1,9200,4,'',1,9900,4,'',1
'1-WKDY',3001,60000,,'',1,3000,,'',1,7000,,'',1,3000,,'',1,7000,,'',1,3000,,'',1,7000,,'',1,3000,,'',1,7000,,'',1,3000,,'',1,7000,,'',1,3000,,'',1,7000,,'',1,3000,,'',1,7000,,'',1,3000,,'',1,7000,,'',1,3000,,'',1,7000,,'',1,3000,,'',1,7000,,'',1,3000,,'',1,7000,,'',1,3000,,'',1,7000,,'',1,3000,,'',1,7000,,'',1,3000,,'',1,7000,,'',1,10000,,'',1
'2-SAT',3000,72800,4,'',1,3000,4,'',1,10000,4,'',1,7300,4,'',1,7000,4,'',1,3100,4,'',1,7100,4,'',1,3200,4,'',1,7000,4,'',1,3000,4,'',1,7000,4,'',1,3100,4,'',1,7100,4,'',1,3100,4,'',1,6900,4,'',1,3000,4,'',1,6900,4,'',1,3000,4,'',1,6800,4,'',1,3000,4,'',1,7000,4,'',1,2700,4,'',1,10000,4,'',1,9800,4,'',1
'2-SAT',3001,80000,,'',1,3000,,'',1,7000,,'',1,3000,,'',1,7000,,'',1,3000,,'',1,7000,,'',1,3000,,'',1,7000,,'',1,3000,,'',1,7000,,'',1,3000,,'',1,7000,,'',1,3000,,'',1,7000,,'',1,3000,,'',1,7000,,'',1,3000,,'',1,7000,,'',1,10000,,'',1,10000,,'',1
'3-SUN',3000,72800,4,'',1,10000,4,'',1,10300,4,'',1,10100,4,'',1,10300,4,'',1,10000,4,'',1,10100,4,'',1,10200,4,'',1,9900,4,'',1,9900,4,'',1,9800,4,'',1,9700,4,'',1,10000,4,'',1
'3-SUN',3001,80000,,'',1,10000,,'',1,10000,,'',1,10000,,'',1,10000,,'',1,10000,,'',1,10000,,'',1,10000,,'',1,10000,,'',1,10000,,'',1,10000,,'',1
'1-WKDY',3700,51200,4,'',1,2700,4,'',1,1400,4,'',1,6700,4,'',1,2200,4,'',1,800,4,'',1,6500,4,'',1,600,4,'',1,2400,4,'',1,1000,4,'',1,6300,4,'',1,700,4,'',1,2200,4,'',1,900,4,'',1,6200,4,'',1,800,4,'',1,2200,4,'',1,800,4,'',1,6200,4,'',1,800,4,'',1,2200,4,'',1,800,4,'',1,6300,4,'',1,800,4,'',1,2400,4,'',1,700,4,'',1,6300,4,'',1,700,4,'',1,2300,4,'',1,700,4,'',1,6400,4,'',1,800,4,'',1,2300,4,'',1,600,4,'',1,6400,4,'',1,700,4,'',1,2300,4,'',1,4800,4,'',1,2300,4,'',1,700,4,'',1,2300,4,'',1,4700,4,'',1,2300,4,'',1,700,4,'',1,2300,4,'',1,500,4,'',1,6300,4,'',1,500,4,'',1,2300,4,'',1,700,4,'',1,5900,4,'',1,800,4,'',1,2200,4,'',1,700,4,'',1,6100,4,'',1,900,4,'',1,3300,4,'',1,5400,4,'',1,2800,4,'',1,7000,4,'',1,3000,4,'',1,7000,4,'',1,3000,4,'',1,7000,4,'',1,2900,4,'',1,6400,4,'',1,3000,4,'',1,7000,4,'',1
'1-WKDY',3701,51900,,'',1,800,,'',1,2000,,'',1,700,,'',1,6200,,'',1,700,,'',1,2300,,'',1,700,,'',1,6000,,'',1,800,,'',1,2200,,'',1,800,,'',1,6200,,'',1,700,,'',1,2200,,'',1,800,,'',1,6200,,'',1,700,,'',1,2300,,'',1,800,,'',1,6200,,'',1,800,,'',1,2100,,'',1,800,,'',1,6200,,'',1,800,,'',1,2200,,'',1,700,,'',1,6300,,'',1,700,,'',1,2200,,'',1,700,,'',1,6300,,'',1,700,,'',1,2300,,'',1,700,,'',1,6400,,'',1,500,,'',1,2100,,'',1,800,,'',1,6200,,'',1,700,,'',1,2200,,'',1,800,,'',1,6200,,'',1,800,,'',1,2200,,'',1,900,,'',1,6400,,'',1,1000,,'',1,2200,,'',1,1000,,'',1,6100,,'',1,2700,,'',1,6700,,'',1,2400,,'',1,7700,,'',1,2700,,'',1,7500,,'',1,3000,,'',1,7000,,'',1,3200,,'',1,6600,,'',1,3000,,'',1,7000,,'',1
'2-SAT',3700,64900,4,'',1,6300,4,'',1,3700,4,'',1,5600,4,'',1,2600,4,'',1,1400,4,'',1,6700,4,'',1,1500,4,'',1,2900,4,'',1,5200,4,'',1,2900,4,'',1,1200,4,'',1,6800,4,'',1,1400,4,'',1,2800,4,'',1,5300,4,'',1,2700,4,'',1,1300,4,'',1,6700,4,'',1,1200,4,'',1,2700,4,'',1,5300,4,'',1,2700,4,'',1,1300,4,'',1,6800,4,'',1,1200,4,'',1,2800,4,'',1,5200,4,'',1,2800,4,'',1,1200,4,'',1,6800,4,'',1,1200,4,'',1,2700,4,'',1,5100,4,'',1,2800,4,'',1,1200,4,'',1,6600,4,'',1,1200,4,'',1,2800,4,'',1,5100,4,'',1,2000,4,'',1,3000,4,'',1,6900,4,'',1,3000,4,'',1,6900,4,'',1,3000,4,'',1,7900,4,'',1
'2-SAT',3701,70400,,'',1,1400,,'',1,2400,,'',1,1300,,'',1,6600,,'',1,1200,,'',1,6800,,'',1,1000,,'',1,2800,,'',1,1200,,'',1,6800,,'',1,1200,,'',1,2500,,'',1,5500,,'',1,2500,,'',1,1400,,'',1,6600,,'',1,1400,,'',1,2600,,'',1,5400,,'',1,2600,,'',1,1400,,'',1,6600,,'',1,1400,,'',1,2600,,'',1,5300,,'',1,2600,,'',1,1400,,'',1,6600,,'',1,1400,,'',1,2600,,'',1,5400,,'',1,2600,,'',1,1400,,'',1,6700,,'',1,1400,,'',1,2700,,'',1,5600,,'',1,3600,,'',1,7100,,'',1,3000,,'',1,7100,,'',1,3000,,'',1,8000,,'',1
'3-SUN',3700,71400,4,'',1,8600,4,'',1,3600,4,'',1,6400,4,'',1,4100,4,'',1,6300,4,'',1,3800,4,'',1,6300,4,'',1,3800,4,'',1,6400,4,'',1,3700,4,'',1,6300,4,'',1,3600,4,'',1,6300,4,'',1,3700,4,'',1,6300,4,'',1,3700,4,'',1,6300,4,'',1,3800,4,'',1,6200,4,'',1,3700,4,'',1,6000,4,'',1,3800,4,'',1,6200,4,'',1,3800,4,'',1,6000,4,'',1,3000,4,'',1,6900,4,'',1,3000,4,'',1,7000,4,'',1,2900,4,'',1,3000,4,'',1
'3-SUN',3701,72300,,'',1,3300,,'',1,6300,,'',1,3700,,'',1,6200,,'',1,3600,,'',1,6200,,'',1,3800,,'',1,6200,,'',1,3500,,'',1,6400,,'',1,3600,,'',1,6400,,'',1,3600,,'',1,6400,,'',1,3600,,'',1,6400,,'',1,3500,,'',1,6400,,'',1,3600,,'',1,6400,,'',1,3600,,'',1,6400,,'',1,3800,,'',1,7000,,'',1,3000,,'',1,7300,,'',1,3000,,'',1,7100,,'',1,3000,,'',1
'1-WKDY',4100,70000,,'',1,4500,,'',1,99000,,'',1
'1-WKDY',4101,72600,4,'',1,100200,4,'',1,7800,4,'',1
'1-WKDY',6500,50000,,'',1,1500,,'',1,1500,,'',1,1500,,'',1,5500,,'',1,1500,,'',1,1500,,'',1,1500,,'',1,5500,,'',1,1500,,'',1,1500,,'',1,1500,,'',1,5500,,'',1,1500,,'',1,1500,,'',1,7000,,'',1,3000,,'',1,7000,,'',1,3000,,'',1,7000,,'',1,3000,,'',1,7000,,'',1,3000,,'',1,7000,,'',1,3000,,'',1,7000,,'',1,3000,,'',1,7000,,'',1,3000,,'',1,7000,,'',1,1500,,'',1,1500,,'',1,1500,,'',1,5500,,'',1,1500,,'',1,1500,,'',1,1500,,'',1,5500,,'',1,1500,,'',1,1500,,'',1,1500,,'',1,5500,,'',1,1500,,'',1,1500,,'',1,1500,,'',1,5500,,'',1,1500,,'',1,1500,,'',1,1500,,'',1,5500,,'',1,1500,,'',1,3000,,'',1,5500,,'',1,3000,,'',1,1500,,'',1,7000,,'',1,10000,,'',1
'1-WKDY',6501,52100,4,'',1,1500,4,'',1,1500,4,'',1,5500,4,'',1,1500,4,'',1,1500,4,'',1,1500,4,'',1,5500,4,'',1,1500,4,'',1,1500,4,'',1,1600,4,'',1,5500,4,'',1,1500,4,'',1,1500,4,'',1,1500,4,'',1,7000,4,'',1,3000,4,'',1,7000,4,'',1,3000,4,'',1,7000,4,'',1,3000,4,'',1,7000,4,'',1,3000,4,'',1,7000,4,'',1,3000,4,'',1,7000,4,'',1,3000,4,'',1,7900,4,'',1,7000,4,'',1,3000,4,'',1,1500,4,'',1,5500,4,'',1,1500,4,'',1,1500,4,'',1,1500,4,'',1,5400,4,'',1,1500,4,'',1,1500,4,'',1,700,4,'',1,1500,4,'',1,5500,4,'',1,1500,4,'',1,1500,4,'',1,1500,4,'',1,5500,4,'',1,1500,4,'',1,1500,4,'',1,1500,4,'',1,5500,4,'',1,1500,4,'',1,1500,4,'',1,7000,4,'',1,1500,4,'',1,3000,4,'',1,5500,4,'',1,2900,4,'',1,10000,4,'',1
'2-SAT',6500,63000,,'',1,7000,,'',1,3000,,'',1,7000,,'',1,3000,,'',1,7000,,'',1,3000,,'',1,7000,,'',1,3000,,'',1,7000,,'',1,3000,,'',1,7000,,'',1,3000,,'',1,7000,,'',1,3000,,'',1,7000,,'',1,3000,,'',1,7000,,'',1,3000,,'',1,7000,,'',1,3000,,'',1,7000,,'',1,3000,,'',1,7000,,'',1,3000,,'',1,7000,,'',1,3000,,'',1,7000,,'',1,3000,,'',1,7000,,'',1,3000,,'',1,7000,,'',1,3000,,'',1,7000,,'',1,3000,,'',1,7000,,'',1
'2-SAT',6501,65000,4,'',1,7000,4,'',1,3000,4,'',1,7000,4,'',1,3000,4,'',1,7000,4,'',1,3000,4,'',1,7200,4,'',1,3000,4,'',1,7000,4,'',1,3000,4,'',1,7200,4,'',1,3000,4,'',1,7000,4,'',1,3000,4,'',1,7000,4,'',1,3000,4,'',1,7000,4,'',1,2800,4,'',1,7000,4,'',1,3000,4,'',1,7000,4,'',1,3000,4,'',1,7000,4,'',1,3000,4,'',1,7000,4,'',1,3000,4,'',1,7000,4,'',1,3000,4,'',1,7000,4,'',1,3000,4,'',1,7000,4,'',1,3000,4,'',1,7000,4,'',1,3000,4,'',1,7000,4,'',1
'3-SUN',6500,63000,,'',1,7000,,'',1,3000,,'',1,7000,,'',1,3000,,'',1,7000,,'',1,3000,,'',1,7000,,'',1,3000,,'',1,7000,,'',1,3000,,'',1,7000,,'',1,3000,,'',1,7000,,'',1,3000,,'',1,7000,,'',1,3000,,'',1,7000,,'',1,3000,,'',1,7000,,'',1,3000,,'',1,7000,,'',1,3000,,'',1,7000,,'',1,3000,,'',1,7000,,'',1,3000,,'',1,7000,,'',1,3000,,'',1,7000,,'',1,3000,,'',1,7000,,'',1,3000,,'',1,7000,,'',1,3000,,'',1,7000,,'',1
'3-SUN',6501,65000,4,'',1,7000,4,'',1,3000,4,'',1,7000,4,'',1,3000,4,'',1,7000,4,'',1,3000,4,'',1,7200,4,'',1,3000,4,'',1,7000,4,'',1,3000,4,'',1,7200,4,'',1,3000,4,'',1,7000,4,'',1,3000,4,'',1,7000,4,'',1,3000,4,'',1,7000,4,'',1,2800,4,'',1,7000,4,'',1,3000,4,'',1,7000,4,'',1,3000,4,'',1,7000,4,'',1,3000,4,'',1,7000,4,'',1,3000,4,'',1,7000,4,'',1,3000,4,'',1,7000,4,'',1,3000,4,'',1,7000,4,'',1,3000,4,'',1,7000,4,'',1,3000,4,'',1,7000,4,'',1
'1-WKDY',6700,144600,4,'',1,7000,4,'',1,3600,4,'',1,7000,4,'',1,57800,4,'',1,4500,4,'',1,8500,4,'',1,8500,4,'',1
'1-WKDY',6701,141600,,'',1,3000,,'',1,7000,,'',1,3000,,'',1,58500,,'',1,8500,,'',1,8500,,'',1,4500,,'',1
'1-WKDY',8000,55100,4,'',1,10200,4,'',1,7000,4,'',1,3100,4,'',1,7000,4,'',1,2900,4,'',1,7000,4,'',1,3000,4,'',1,7000,4,'',1,3000,4,'',1,7100,4,'',1,3000,4,'',1,7000,4,'',1,3000,4,'',1,7000,4,'',1,3100,4,'',1,7000,4,'',1,3000,4,'',1,7000,4,'',1,3000,4,'',1,7000,4,'',1,3000,4,'',1,6900,4,'',1,3000,4,'',1,7000,4,'',1,3000,4,'',1,6900,4,'',1,3000,4,'',1,7000,4,'',1,3000,4,'',1,7000,4,'',1
'1-WKDY',8001,60000,,'',1,3000,,'',1,7000,,'',1,3000,,'',1,7000,,'',1,3000,,'',1,7000,,'',1,3000,,'',1,7000,,'',1,3000,,'',1,7000,,'',1,3000,,'',1,7000,,'',1,3000,,'',1,7000,,'',1,3000,,'',1,7000,,'',1,3000,,'',1,7000,,'',1,3000,,'',1,7000,,'',1,3000,,'',1,7000,,'',1,3000,,'',1,7000,,'',1,3000,,'',1,7000,,'',1,3000,,'',1,7000,,'',1,3000,,'',1,7000,,'',1
'2-SAT',8000,75100,4,'',1,7000,4,'',1,3000,4,'',1,7000,4,'',1,3100,4,'',1,7000,4,'',1,3000,4,'',1,7000,4,'',1,3000,4,'',1,7000,4,'',1,3100,4,'',1,7000,4,'',1,3000,4,'',1,7000,4,'',1,3000,4,'',1,7000,4,'',1,3000,4,'',1,7000,4,'',1,2900,4,'',1,7000,4,'',1,3000,4,'',1,7000,4,'',1,3000,4,'',1,7000,4,'',1,3000,4,'',1,9900,4,'',1
'2-SAT',8001,70000,,'',1,10000,,'',1,3000,,'',1,7000,,'',1,3000,,'',1,7000,,'',1,3000,,'',1,7000,,'',1,3000,,'',1,7000,,'',1,3000,,'',1,7000,,'',1,3000,,'',1,7000,,'',1,3000,,'',1,7000,,'',1,3000,,'',1,7000,,'',1,3000,,'',1,7000,,'',1,3000,,'',1,7000,,'',1,3000,,'',1,7000,,'',1,3000,,'',1,7000,,'',1,10000,,'',1
'3-SUN',8000,75100,4,'',1,7000,4,'',1,3000,4,'',1,7000,4,'',1,3100,4,'',1,7000,4,'',1,3000,4,'',1,7000,4,'',1,3000,4,'',1,7000,4,'',1,3100,4,'',1,7000,4,'',1,3000,4,'',1,7000,4,'',1,3000,4,'',1,7000,4,'',1,3000,4,'',1,7000,4,'',1,2900,4,'',1,7000,4,'',1,3000,4,'',1,7000,4,'',1,3000,4,'',1,7000,4,'',1,3000,4,'',1,9900,4,'',1
'3-SUN',8001,70000,,'',1,10000,,'',1,3000,,'',1,7000,,'',1,3000,,'',1,7000,,'',1,3000,,'',1,7000,,'',1,3000,,'',1,7000,,'',1,3000,,'',1,7000,,'',1,3000,,'',1,7000,,'',1,3000,,'',1,7000,,'',1,3000,,'',1,7000,,'',1,3000,,'',1,7000,,'',1,3000,,'',1,7000,,'',1,3000,,'',1,7000,,'',1,3000,,'',1,7000,,'',1,10000,,'',1
'1-WKDY',9200,53000,,'',1,7000,,'',1,3000,,'',1,7000,,'',1,3000,,'',1,7000,,'',1,3000,,'',1,7000,,'',1,3000,,'',1,7000,,'',1,3000,,'',1,7000,,'',1,3000,,'',1,7000,,'',1,3000,,'',1,7000,,'',1,3000,,'',1,7000,,'',1,3000,,'',1,7000,,'',1,3000,,'',1,7000,,'',1,3000,,'',1,7000,,'',1,3000,,'',1,7000,,'',1,3000,,'',1,10000,,'',1,10000,,'',1
'1-WKDY',9201,61800,4,'',1,2900,4,'',1,7000,4,'',1,2700,4,'',1,7400,4,'',1,3000,4,'',1,7000,4,'',1,3000,4,'',1,7000,4,'',1,3000,4,'',1,7000,4,'',1,3000,4,'',1,7000,4,'',1,3100,4,'',1,7100,4,'',1,3000,4,'',1,7000,4,'',1,3000,4,'',1,6900,4,'',1,3200,4,'',1,7000,4,'',1,3000,4,'',1,7000,4,'',1,3000,4,'',1,7000,4,'',1,2700,4,'',1,7000,4,'',1,10000,4,'',1,10000,4,'',1
'2-SAT',9200,70000,,'',1,10000,,'',1,10000,,'',1,10000,,'',1,10000,,'',1,10000,,'',1,10000,,'',1,10000,,'',1,10000,,'',1,10000,,'',1,10000,,'',1,10000,,'',1,10000,,'',1,10000,,'',1
'2-SAT',9201,74800,4,'',1,10000,4,'',1,10000,4,'',1,10000,4,'',1,10000,4,'',1,10000,4,'',1,10000,4,'',1,10000,4,'',1,10000,4,'',1,10000,4,'',1,10000,4,'',1,10000,4,'',1,10000,4,'',1,10000,4,'',1
'3-SUN',9200,70000,,'',1,10000,,'',1,10000,,'',1,10000,,'',1,10000,,'',1,10000,,'',1,10000,,'',1,10000,,'',1,10000,,'',1,10000,,'',1,10000,,'',1,10000,,'',1,10000,,'',1,10000,,'',1
'3-SUN',9201,74800,4,'',1,10000,4,'',1,10000,4,'',1,10000,4,'',1,10000,4,'',1,10000,4,'',1,10000,4,'',1,10000,4,'',1,10000,4,'',1,10000,4,'',1,10000,4,'',1,10000,4,'',1,10000,4,'',1,10000,4,'',1
'1-WKDY',16400,50000,,'',1,2000,,'',1,2000,,'',1,6000,,'',1,2000,,'',1,2000,,'',1,6000,,'',1,2000,,'',1,2000,,'',1,6000,,'',1,10000,,'',1,10000,,'',1,10000,,'',1,10900,,'',1,10000,,'',1,9700,,'',1,10000,,'',1,9600,,'',1,10200,,'',1,10400,,'',1,10100,,'',1,10000,,'',1
'1-WKDY',16401,60200,4,'',1,10200,4,'',1,4400,4,'',1,10700,4,'',1,9000,4,'',1,9900,4,'',1,10000,4,'',1,11500,4,'',1,14300,4,'',1,11300,4,'',1,2000,4,'',1,2400,4,'',1,6000,4,'',1,2000,4,'',1,2000,4,'',1,6100,4,'',1,2000,4,'',1,6000,4,'',1,1400,4,'',1,1600,4,'',1,1800,4,'',1,5900,4,'',1,5200,4,'',1,10000,4,'',1
