200,110,1,0
200,4152,2,0
200,2233,3,0
200,2231,4,0
200,783,5,0
200,784,6,0
200,786,7,0
200,787,8,0
200,788,9,0
200,789,10,0
200,2838,11,0
200,2839,12,0
200,2840,13,0
200,2706,14,0
200,3242,15,0
200,2930,16,0
200,558,17,0
200,559,18,0
200,560,19,0
200,2007,20,0
200,561,21,0
200,4183,22,0
200,4184,23,0
200,2844,24,0
200,2845,25,0
200,2846,26,0
200,2847,27,0
200,6055,28,0
200,3283,29,0
200,3284,30,0
200,3285,31,0
200,3294,32,0
200,524,33,0
200,525,34,0
200,2003,35,0
200,3492,36,0
200,579,37,0
200,638,38,0
200,632,39,1
201,632,1,0
201,633,2,0
201,3260,3,0
201,2000,4,0
201,504,5,0
201,2001,6,0
201,505,7,0
201,4138,8,0
201,4137,9,0
201,3296,10,0
201,3297,11,0
201,6056,12,0
201,545,13,0
201,546,14,0
201,547,15,0
201,548,16,0
201,549,17,0
201,550,18,0
201,551,19,0
201,552,20,0
201,2006,21,0
201,553,22,0
201,554,23,0
201,2708,24,0
201,3114,25,0
201,2868,26,0
201,2709,27,0
201,2710,28,0
201,2836,29,0
201,2926,30,0
201,2927,31,0
201,744,32,0
201,2989,33,0
201,747,34,0
201,3465,35,0
201,748,36,0
201,749,37,0
201,750,38,0
201,752,39,0
201,753,40,0
201,3200,41,0
201,4153,42,0
201,110,43,1
600,6023,1,0
600,6024,2,0
600,6025,3,0
600,2847,4,0
600,6055,5,0
600,3283,6,0
600,3284,7,0
600,3285,8,0
600,6060,9,0
600,6061,10,0
600,675,11,0
600,676,12,0
600,1607,13,0
600,321,14,0
600,678,15,0
600,679,16,0
600,680,17,0
600,6062,18,0
600,6063,19,0
600,3303,20,0
600,3304,21,0
600,3306,22,0
600,3308,23,0
600,3495,24,0
600,6066,25,1
601,6066,1,0
601,3273,2,0
601,3274,3,0
601,3275,4,0
601,3276,5,0
601,3277,6,0
601,6065,7,0
601,6064,8,0
601,6171,9,0
601,724,10,0
601,725,11,0
601,1607,12,0
601,728,13,0
601,6057,14,0
601,6058,15,0
601,6059,16,0
601,3061,17,0
601,6023,18,1
700,3076,1,0
700,6039,2,0
700,6040,3,0
700,6041,4,0
700,835,5,0
700,836,6,0
700,1375,7,0
700,6011,8,0
700,3072,9,0
700,3070,10,0
700,6050,11,0
700,2395,12,0
700,846,13,0
700,848,14,0
700,849,15,0
700,850,16,0
700,2399,17,0
700,851,18,0
700,852,19,0
700,853,20,0
700,6095,21,0
700,6096,22,0
700,1094,23,0
700,1100,24,0
700,1102,25,0
700,1103,26,0
700,2278,27,0
700,2273,28,0
700,701,29,0
700,6137,30,1
701,6137,1,0
701,702,2,0
701,2274,3,0
701,1082,4,0
701,1083,5,0
701,1084,6,0
701,1085,7,0
701,6177,8,0
701,6097,9,0
701,6098,10,0
701,2696,11,0
701,812,12,0
701,3221,13,0
701,814,14,0
701,815,15,0
701,816,16,0
701,818,17,0
701,820,18,0
701,6049,19,0
701,3071,20,0
701,211,21,0
701,4159,22,0
701,2381,23,0
701,827,24,0
701,2382,25,0
701,828,26,0
701,829,27,0
701,2383,28,0
701,831,29,0
701,3074,30,0
701,3076,31,1
900,6014,1,0
900,4179,2,0
900,6015,3,0
900,3010,4,0
900,4180,5,0
900,3011,6,0
900,3039,7,0
900,3012,8,0
900,3013,9,0
900,4181,10,0
900,3043,11,0
900,3015,12,0
900,3016,13,0
900,3017,14,0
900,3037,15,0
900,4182,16,0
900,2974,17,0
900,2969,18,0
900,6054,19,0
900,2977,20,0
900,2978,21,0
900,2979,22,0
900,2980,23,0
900,2981,24,0
900,2982,25,0
900,2983,26,0
900,2984,27,0
900,752,28,0
900,753,29,0
900,4143,30,0
900,755,31,0
900,3310,32,0
900,3312,33,0
900,3313,34,0
900,110,35,1
901,110,1,0
901,780,2,0
901,782,3,0
901,781,4,0
901,2233,5,0
901,2231,6,0
901,4174,7,0
901,2961,8,0
901,2962,9,0
901,2963,10,0
901,2964,11,0
901,2965,12,0
901,2966,13,0
901,2967,14,0
901,4175,15,0
901,2410,16,0
901,2411,17,0
901,4176,18,0
901,2998,19,0
901,2999,20,0
901,3000,21,0
901,3001,22,0
901,3041,23,0
901,4177,24,0
901,3002,25,0
901,2973,26,0
901,3003,27,0
901,3038,28,0
901,3005,29,0
901,4178,30,0
901,3006,31,0
901,6014,32,1
1900,110,1,0
1900,2212,2,0
1900,3254,3,0
1900,1342,4,0
1900,2213,5,0
1900,4150,6,0
1900,4151,7,0
1900,4145,8,0
1900,3702,9,0
1900,3703,10,0
1900,3701,11,0
1900,6122,12,1
1901,6122,1,0
1901,6123,2,0
1901,768,3,0
1901,2489,4,0
1901,2216,5,0
1901,2218,6,0
1901,1343,7,0
1901,1344,8,0
1901,1345,9,0
1901,1334,10,0
1901,110,11,1
2500,3492,1,0
2500,6069,2,0
2500,6070,3,0
2500,6195,4,0
2500,2060,5,0
2500,2648,6,0
2500,2647,7,0
2500,972,8,0
2500,973,9,0
2500,974,10,0
2500,975,11,0
2500,977,12,0
2500,978,13,0
2500,979,14,0
2500,980,15,0
2500,981,16,0
2500,982,17,0
2500,983,18,0
2500,984,19,0
2500,985,20,0
2500,986,21,0
2500,4162,22,0
2500,989,23,0
2500,990,24,0
2500,2079,25,0
2500,315,26,0
2500,992,27,0
2500,6219,28,0
2500,2091,29,0
2500,6118,30,0
2500,2992,31,0
2500,2725,32,0
2500,3034,33,0
2500,2745,34,0
2500,2750,35,0
2500,6119,36,0
2500,110,37,1
2501,110,1,0
2501,6120,2,0
2501,2743,3,0
2501,6173,4,0
2501,3035,5,0
2501,2726,6,0
2501,2990,7,0
2501,6121,8,0
2501,2828,9,0
2501,2093,10,0
2501,6218,11,0
2501,1014,12,0
2501,2095,13,0
2501,1015,14,0
2501,2078,15,0
2501,1017,16,0
2501,1018,17,0
2501,1019,18,0
2501,1020,19,0
2501,2098,20,0
2501,1022,21,0
2501,1023,22,0
2501,2099,23,0
2501,1024,24,0
2501,1026,25,0
2501,2082,26,0
2501,1028,27,0
2501,1030,28,0
2501,1031,29,0
2501,1032,30,0
2501,2104,31,0
2501,1033,32,0
2501,1305,33,0
2501,1151,34,0
2501,2673,35,0
2501,6067,36,0
2501,6068,37,0
2501,4165,38,0
2501,3293,39,0
2501,3492,40,1
3000,632,1,0
3000,633,2,0
3000,6172,3,0
3000,581,4,0
3000,582,5,0
3000,583,6,0
3000,227,7,0
3000,587,8,0
3000,589,9,0
3000,648,10,0
3000,649,11,0
3000,650,12,0
3000,651,13,0
3000,652,14,0
3000,1037,15,0
3000,1038,16,0
3000,1039,17,0
3000,1040,18,0
3000,3058,19,0
3000,1120,20,0
3000,1121,21,0
3000,1046,22,0
3000,1047,23,0
3000,1043,24,0
3000,3128,25,0
3000,1044,26,0
3000,293,27,0
3000,3314,28,0
3000,3315,29,0
3000,3316,30,0
3000,3317,31,0
3000,3319,32,0
3000,3320,33,0
3000,3322,34,0
3000,3107,35,0
3000,3203,36,0
3000,3229,37,0
3000,3089,38,0
3000,3494,39,0
3000,3090,40,0
3000,3092,41,0
3000,3093,42,0
3000,3095,43,0
3000,3232,44,0
3000,3237,45,0
3000,3238,46,0
3000,3239,47,0
3000,2886,48,0
3000,2887,49,0
3000,1323,50,0
3000,3485,51,0
3000,1310,52,0
3000,2156,53,0
3000,1281,54,0
3000,1315,55,0
3000,1318,56,0
3000,106,57,1
3001,106,1,0
3001,1316,2,0
3001,1314,3,0
3001,2909,4,0
3001,2130,5,0
3001,1397,6,0
3001,2928,7,0
3001,2915,8,0
3001,2917,9,0
3001,3233,10,0
3001,3234,11,0
3001,3235,12,0
3001,3236,13,0
3001,3102,14,0
3001,3104,15,0
3001,6022,16,0
3001,3230,17,0
3001,3105,18,0
3001,3106,19,0
3001,3205,20,0
3001,2237,21,0
3001,1060,22,0
3001,1062,23,0
3001,1063,24,0
3001,1064,25,0
3001,2862,26,0
3001,1065,27,0
3001,1066,28,0
3001,1067,29,0
3001,1068,30,0
3001,1070,31,0
3001,1071,32,0
3001,2241,33,0
3001,1074,34,0
3001,2242,35,0
3001,1134,36,0
3001,1075,37,0
3001,1076,38,0
3001,1077,39,0
3001,1078,40,0
3001,1079,41,0
3001,1080,42,0
3001,597,43,0
3001,598,44,0
3001,599,45,0
3001,600,46,0
3001,601,47,0
3001,659,48,0
3001,661,49,0
3001,663,50,0
3001,664,51,0
3001,665,52,0
3001,666,53,0
3001,579,54,0
3001,638,55,0
3001,632,56,1
3100,110,1,0
3100,3024,2,0
3100,3028,3,0
3100,3026,4,0
3100,3498,5,0
3100,3022,6,0
3100,793,7,0
3100,794,8,0
3100,796,9,0
3100,296,10,0
3100,798,11,0
3100,799,12,0
3100,800,13,0
3100,801,14,0
3100,3075,15,0
3100,803,16,0
3100,804,17,0
3100,805,18,0
3100,617,19,0
3100,619,20,0
3100,2013,21,1
3101,2673,1,0
3101,633,2,0
3101,6172,3,0
3101,627,4,0
3101,7059,5,0
3101,729,6,0
3101,730,7,0
3101,731,8,0
3101,733,9,0
3101,734,10,0
3101,4149,11,0
3101,4148,12,0
3101,4147,13,0
3101,736,14,0
3101,737,15,0
3101,739,16,0
3101,740,17,0
3101,2702,18,0
3101,2703,19,0
3101,2705,20,0
3101,4153,21,0
3101,110,22,1
3200,6137,1,0
3200,2687,2,0
3200,2688,3,0
3200,2689,4,0
3200,2676,5,0
3200,3325,6,0
3200,1132,7,0
3200,1133,8,0
3200,1134,9,0
3200,3060,10,0
3200,1135,11,0
3200,2053,12,0
3200,1136,13,0
3200,1137,14,0
3200,2054,15,0
3200,2055,16,0
3200,1138,17,0
3200,1140,18,0
3200,1139,19,0
3200,1141,20,0
3200,1142,21,0
3200,2056,22,0
3200,1144,23,0
3200,1145,24,0
3200,1146,25,0
3200,1147,26,0
3200,2058,27,0
3200,1149,28,0
3200,2059,29,0
3200,1150,30,0
3200,1151,31,0
3200,2673,32,1
3201,2013,1,0
3201,579,2,0
3201,6195,3,0
3201,2060,4,0
3201,1105,5,0
3201,2062,6,0
3201,1106,7,0
3201,1107,8,0
3201,1108,9,0
3201,1109,10,0
3201,1110,11,0
3201,243,12,0
3201,1112,13,0
3201,2065,14,0
3201,1114,15,0
3201,1115,16,0
3201,1116,17,0
3201,1117,18,0
3201,2866,19,0
3201,1118,20,0
3201,3132,21,0
3201,3131,22,0
3201,1119,23,0
3201,2069,24,0
3201,2070,25,0
3201,1393,26,0
3201,1120,27,0
3201,1121,28,0
3201,1122,29,0
3201,217,30,0
3201,2677,31,0
3201,2951,32,0
3201,2679,33,0
3201,2865,34,0
3201,2680,35,0
3201,6137,36,1
3700,106,1,0
3700,1316,2,0
3700,1314,3,0
3700,2909,4,0
3700,2130,5,0
3700,6087,6,0
3700,6088,7,0
3700,6089,8,0
3700,6090,9,0
3700,6091,10,0
3700,6092,11,0
3700,6093,12,0
3700,6094,13,0
3700,2920,14,0
3700,2932,15,0
3700,6021,16,0
3700,2933,17,0
3700,7057,18,0
3700,1320,19,0
3700,1324,20,0
3700,2138,21,0
3700,7050,22,0
3700,7049,23,0
3700,1311,24,0
3700,7056,25,0
3700,2141,26,0
3700,1225,27,0
3700,7054,28,0
3700,1227,29,0
3700,2045,30,0
3700,7048,31,0
3700,1233,32,0
3700,3361,33,0
3700,7039,34,0
3700,1242,35,0
3700,7044,36,0
3700,1245,37,0
3700,2115,38,0
3700,7037,39,0
3700,2117,40,0
3700,1249,41,0
3700,1250,42,0
3700,1251,43,0
3700,1252,44,0
3700,1254,45,0
3700,0,46,0
3700,7032,47,0
3700,1257,48,0
3700,6046,49,0
3700,579,50,0
3700,6195,51,1
3701,6195,1,0
3701,2060,2,0
3701,2648,3,0
3701,7033,4,0
3701,1192,5,0
3701,1193,6,0
3701,7036,7,0
3701,1196,8,0
3701,1197,9,0
3701,1199,10,0
3701,7038,11,0
3701,1202,12,0
3701,1203,13,0
3701,1205,14,0
3701,3356,15,0
3701,1214,16,0
3701,1215,17,0
3701,7053,18,0
3701,1217,19,0
3701,7058,20,0
3701,1220,21,0
3701,1222,22,0
3701,2108,23,0
3701,1224,24,0
3701,2140,25,0
3701,1307,26,0
3701,1308,27,0
3701,2148,28,0
3701,2149,29,0
3701,2137,30,0
3701,1312,31,0
3701,1310,32,0
3701,2156,33,0
3701,1281,34,0
3701,1315,35,0
3701,1318,36,0
3701,7055,37,0
3701,6020,38,0
3701,2911,39,0
3701,6079,40,0
3701,6080,41,0
3701,6081,42,0
3701,6082,43,0
3701,6083,44,0
3701,6084,45,0
3701,6085,46,0
3701,6086,47,0
3701,106,48,1
4100,6046,1,0
4100,579,2,0
4100,6053,3,0
4100,106,4,1
4101,106,1,0
4101,6046,2,1
4700,6201,1,0
4700,835,2,0
4700,836,3,0
4700,6137,4,1
4701,6137,1,0
4701,827,2,0
4701,2382,3,0
4701,828,4,0
4701,829,5,0
4701,2383,6,0
4701,831,7,0
4701,6200,8,0
4701,3741,9,0
4701,6201,10,1
4800,6051,1,0
4800,6202,2,0
4800,6203,3,0
4800,110,4,1
4801,110,1,0
4801,6051,2,1
5000,6136,1,0
5000,6155,2,0
5000,6156,3,0
5000,6157,4,0
5000,6158,5,0
5000,6159,6,0
5000,6160,7,0
5000,6161,8,0
5000,6162,9,0
5000,6163,10,0
5000,6164,11,0
5000,6165,12,0
5000,6166,13,0
5000,6167,14,0
5000,6168,15,0
5000,6169,16,0
5000,6134,17,0
5000,6137,18,1
5001,6137,1,0
5001,6135,2,0
5001,6170,3,0
5001,6140,4,0
5001,6141,5,0
5001,6142,6,0
5001,6143,7,0
5001,6144,8,0
5001,6145,9,0
5001,6146,10,0
5001,6147,11,0
5001,6148,12,0
5001,6149,13,0
5001,6150,14,0
5001,6151,15,0
5001,6152,16,0
5001,6153,17,0
5001,6136,18,1
6000,111,1,0
6000,1612,2,0
6000,1611,3,0
6000,6052,4,0
6000,631,5,1
6001,631,1,0
6001,632,2,0
6001,6154,3,0
6001,6013,4,0
6001,6052,5,0
6001,111,6,1
6500,106,1,0
6500,101,2,1
6501,101,1,0
6501,106,2,1
6700,6199,1,0
6700,106,2,1
6701,106,1,0
6701,6199,2,1
7100,6210,1,0
7100,1384,2,0
7100,631,3,0
7100,632,4,0
7100,633,5,0
7100,6172,6,0
7100,627,7,0
7100,7059,8,0
7100,729,9,0
7100,730,10,0
7100,731,11,0
7100,733,12,0
7100,734,13,0
7100,1329,14,0
7100,1330,15,0
7100,2210,16,0
7100,1332,17,0
7100,1340,18,0
7100,1346,19,0
7100,1337,20,0
7100,1338,21,0
7100,1339,22,0
7100,110,23,1
7101,110,1,0
7101,1347,2,0
7101,2221,3,0
7101,1349,4,0
7101,1350,5,0
7101,1351,6,0
7101,1352,7,0
7101,1353,8,0
7101,2224,9,0
7101,2225,10,0
7101,1355,11,0
7101,1356,12,0
7101,801,13,0
7101,3075,14,0
7101,803,15,0
7101,804,16,0
7101,805,17,0
7101,617,18,0
7101,619,19,0
7101,2013,20,0
7101,579,21,0
7101,6053,22,0
7101,6209,23,0
7101,6210,24,1
7200,6137,1,0
7200,702,2,0
7200,2272,3,0
7200,4122,4,0
7200,4119,5,0
7200,907,6,0
7200,908,7,0
7200,2173,8,0
7200,879,9,0
7200,2694,10,0
7200,2695,11,0
7200,4161,12,0
7200,2696,13,0
7200,812,14,0
7200,3221,15,0
7200,814,16,0
7200,890,17,0
7200,3343,18,0
7200,3344,19,0
7200,3345,20,0
7200,3346,21,0
7200,3347,22,0
7200,3348,23,0
7200,3350,24,0
7200,3486,25,0
7200,3487,26,0
7200,3351,27,0
7200,3352,28,1
7201,3352,1,0
7201,6113,2,0
7201,1095,3,0
7201,1096,4,0
7201,3422,5,0
7201,1097,6,0
7201,1098,7,0
7201,1099,8,0
7201,2267,9,0
7201,2268,10,0
7201,2270,11,0
7201,2692,12,0
7201,2861,13,0
7201,899,14,0
7201,900,15,0
7201,901,16,0
7201,903,17,0
7201,904,18,0
7201,905,19,0
7201,906,20,0
7201,4121,21,0
7201,4123,22,0
7201,2273,23,0
7201,701,24,0
7201,6137,25,1
7400,3352,1,0
7400,6113,2,0
7400,322,3,0
7400,4108,4,0
7400,6114,5,0
7400,2279,6,0
7400,4109,7,0
7400,4110,8,0
7400,4111,9,0
7400,2883,10,0
7400,1094,11,0
7400,1100,12,0
7400,1102,13,0
7400,1103,14,0
7400,2278,15,0
7400,2273,16,0
7400,701,17,0
7400,6137,18,1
7401,6137,1,0
7401,702,2,0
7401,2274,3,0
7401,1082,4,0
7401,1083,5,0
7401,1084,6,0
7401,1085,7,0
7401,1086,8,0
7401,1087,9,0
7401,1088,10,0
7401,2275,11,0
7401,1089,12,0
7401,1090,13,0
7401,2277,14,0
7401,1091,15,0
7401,1092,16,0
7401,6108,17,0
7401,6208,18,0
7401,6204,19,0
7401,6110,20,0
7401,6111,21,0
7401,6175,22,0
7401,6174,23,0
7401,3352,24,1
7800,6137,1,0
7800,2687,2,0
7800,2688,3,0
7800,2689,4,0
7800,2942,5,0
7800,2943,6,0
7800,2944,7,0
7800,2957,8,0
7800,6194,9,0
7800,6214,10,0
7800,6215,11,0
7800,6216,12,0
7800,6217,13,0
7800,6218,14,0
7800,1014,15,0
7800,2095,16,0
7800,6183,17,0
7800,3051,18,0
7800,2734,19,0
7800,2735,20,0
7800,2736,21,0
7800,2737,22,0
7800,3031,23,0
7800,1346,24,0
7800,1337,25,0
7800,1338,26,0
7800,1339,27,0
7800,110,28,1
7801,110,1,0
7801,1347,2,0
7801,2221,3,0
7801,1349,4,0
7801,1350,5,0
7801,2988,6,0
7801,2991,7,0
7801,3206,8,0
7801,2993,9,0
7801,2994,10,0
7801,3253,11,0
7801,315,12,0
7801,992,13,0
7801,6219,14,0
7801,6220,15,0
7801,6221,16,0
7801,6222,17,0
7801,2946,18,0
7801,2947,19,0
7801,2948,20,0
7801,2949,21,0
7801,2951,22,0
7801,2679,23,0
7801,2865,24,0
7801,2680,25,0
7801,6137,26,1
8000,6137,1,0
8000,702,2,0
8000,2274,3,0
8000,1082,4,0
8000,1083,5,0
8000,2161,6,0
8000,6184,7,0
8000,6185,8,0
8000,6190,9,0
8000,936,10,0
8000,2179,11,0
8000,937,12,0
8000,2182,13,0
8000,932,14,0
8000,939,15,0
8000,3316,16,0
8000,3317,17,0
8000,3319,18,0
8000,3320,19,0
8000,3322,20,0
8000,330,21,0
8000,300,22,0
8000,325,23,0
8000,332,24,0
8000,301,25,0
8000,324,26,0
8000,302,27,0
8000,303,28,0
8000,6124,29,0
8000,6193,30,0
8000,6126,31,0
8000,6127,32,0
8000,1278,33,0
8000,1279,34,0
8000,323,35,0
8000,307,36,0
8000,308,37,0
8000,106,38,1
8001,106,1,0
8001,305,2,0
8001,310,3,0
8001,311,4,0
8001,1282,5,0
8001,1283,6,0
8001,6128,7,0
8001,6129,8,0
8001,6130,9,0
8001,6131,10,0
8001,1306,11,0
8001,316,12,0
8001,317,13,0
8001,318,14,0
8001,326,15,0
8001,329,16,0
8001,2237,17,0
8001,1060,18,0
8001,1062,19,0
8001,1063,20,0
8001,1064,21,0
8001,2862,22,0
8001,1065,23,0
8001,3307,24,0
8001,2203,25,0
8001,933,26,0
8001,3119,27,0
8001,934,28,0
8001,935,29,0
8001,6184,30,0
8001,6185,31,0
8001,6190,32,0
8001,2172,33,0
8001,1102,34,0
8001,1103,35,0
8001,2278,36,0
8001,2273,37,0
8001,701,38,0
8001,6137,39,1
9200,252,1,0
9200,2345,2,0
9200,2346,3,0
9200,2347,4,0
9200,2348,5,0
9200,6178,6,0
9200,2350,7,0
9200,2351,8,0
9200,1176,9,0
9200,2353,10,0
9200,1178,11,0
9200,3372,12,0
9200,3373,13,0
9200,3374,14,0
9200,3375,15,0
9200,3376,16,0
9200,3377,17,0
9200,3378,18,0
9200,3379,19,0
9200,3383,20,0
9200,3381,21,0
9200,3380,22,0
9200,290,23,0
9200,3382,24,0
9200,6047,25,0
9200,3385,26,0
9200,2125,27,0
9200,963,28,0
9200,964,29,0
9200,106,30,1
9201,106,1,0
9201,967,2,0
9201,968,3,0
9201,2159,4,0
9201,2284,5,0
9201,6048,6,0
9201,1168,7,0
9201,1169,8,0
9201,2314,9,0
9201,2315,10,0
9201,2316,11,0
9201,2312,12,0
9201,2318,13,0
9201,2319,14,0
9201,2320,15,0
9201,2321,16,0
9201,2322,17,0
9201,2323,18,0
9201,2324,19,0
9201,2325,20,0
9201,2327,21,0
9201,2329,22,0
9201,2331,23,0
9201,1171,24,0
9201,2333,25,0
9201,2334,26,0
9201,1173,27,0
9201,2336,28,0
9201,6178,29,1
9201,252,30,1
10500,105,1,0
10500,110,2,0
10500,6046,3,0
10500,579,4,0
10500,6053,5,0
10500,3171,6,0
10500,6205,7,0
10500,5002,8,0
10500,5005,9,0
10500,5008,10,1
10500,6001,11,1
10501,6001,1,0
10501,6211,2,0
10501,6212,3,0
10501,6213,4,0
10501,6206,5,0
10501,6207,6,0
10501,5002,7,0
10501,5005,8,0
10501,5008,9,0
10501,631,10,0
10501,632,11,0
10501,633,12,0
10501,110,13,0
10501,105,14,1
16400,106,1,0
16400,5002,2,0
16400,5005,3,0
16400,5008,4,1
16400,6001,5,1
16401,6001,1,0
16401,6211,2,0
16401,6212,3,0
16401,6213,4,0
16401,5002,5,0
16401,5005,6,0
16401,5008,7,0
16401,106,8,1
19000,112,1,0
19000,3185,2,0
19000,3186,3,0
19000,3187,4,0
19000,3188,5,0
19000,3193,6,0
19000,3192,7,0
19000,3194,8,0
19000,6016,9,0
19000,6017,10,0
19000,6018,11,1
19001,3185,1,0
19001,3186,2,0
19001,3187,3,0
19001,3188,4,0
19001,3193,5,0
19001,3192,6,0
19001,3194,7,0
19001,6016,8,0
19001,6017,9,0
19001,6018,10,0
19001,112,11,1
