'1-WKDYmerged559390',701,150500,4,'',1,3400,4,'',1,6900,4,'',1,2900,4,'',1,7200,4,'',1,3000,4,'',1
'2-SATmerged559389',701,120000,4,'',1,10000,4,'',1,10200,4,'',1,9900,4,'',1,5600,4,'',1,10000,4,'',1
'3-SUNmerged559388',701,120000,4,'',1,10000,4,'',1,10200,4,'',1,9900,4,'',1,5600,4,'',1,10000,4,'',1
'4-NYE',701,120000,4,'',1,10000,4,'',1,10200,4,'',1,9900,4,'',1,5600,4,'',1,10000,4,'',1
'1-WKDYmerged559390',7200,50000,,'',1,4900,,'',1,7000,,'',1,3000,,'',1,7000,,'',1,3000,,'',1,7000,,'',1,3000,,'',1,10000,,'',1,10000,,'',1,10000,,'',1,10000,,'',1,10000,,'',1,10000,,'',1,7000,,'',1,3000,,'',1,7000,,'',1,3000,,'',1,7000,,'',1,3000,,'',1,7000,,'',1,3000,,'',1,10000,,'',1,15100,,'',1
'1-WKDYmerged559390',7201,54100,4,'',1,9200,4,'',1,7100,4,'',1,3000,4,'',1,7200,4,'',1,3100,4,'',1,7000,4,'',1,3000,4,'',1,10100,4,'',1,10100,4,'',1,10000,4,'',1,10000,4,'',1,10100,4,'',1,36800,4,'',1,2900,4,'',1,9700,4,'',1,9700,4,'',1,10800,4,'',1
'2-SATmerged559389',7200,71900,,'',1,10000,,'',1,10000,,'',1,10000,,'',1,10000,,'',1,10000,,'',1,10000,,'',1,10000,,'',1,10000,,'',1,10000,,'',1,10000,,'',1,10000,,'',1,10000,,'',1
'2-SATmerged559389',7201,75900,4,'',1,14400,4,'',1,10100,4,'',1,10100,4,'',1,70000,4,'',1,10000,4,'',1,9800,4,'',1
'3-SUNmerged559388',7200,71900,,'',1,10000,,'',1,10000,,'',1,10000,,'',1,10000,,'',1,10000,,'',1,10000,,'',1,10000,,'',1,10000,,'',1,10000,,'',1,10000,,'',1,10000,,'',1,10000,,'',1
'3-SUNmerged559388',7201,75900,4,'',1,14400,4,'',1,10100,4,'',1,10100,4,'',1,70000,4,'',1,10000,4,'',1,9800,4,'',1
'4-NYE',7200,71900,,'',1,10000,,'',1,10000,,'',1,10000,,'',1,10000,,'',1,10000,,'',1,10000,,'',1,10000,,'',1,10000,,'',1,10000,,'',1,10000,,'',1,10000,,'',1,10000,,'',1
'4-NYE',7201,75900,4,'',1,14400,4,'',1,10100,4,'',1,10100,4,'',1,70000,4,'',1,10000,4,'',1,9800,4,'',1
