'1-WKDYmerged591097',1900,85200,4,'',1,126700,4,'',1
'1-WKDYmerged591097',1901,55000,,'',1,10000,,'',1,7000,,'',1,3000,,'',1,7000,,'',1,3000,,'',1,7000,,'',1,3000,,'',1,10000,,'',1,10000,,'',1,10000,,'',1,10000,,'',1,7000,,'',1,3000,,'',1,7000,,'',1,3000,,'',1,7000,,'',1,3000,,'',1,10000,,'',1,10000,,'',1,10000,,'',1,10000,,'',1
'2-SATmerged591096',1900,184900,4,'',1
'2-SATmerged591096',1901,92000,,'',1,10000,,'',1,10000,,'',1,10000,,'',1,10000,,'',1,10000,,'',1,10000,,'',1,10000,,'',1,10000,,'',1,10000,,'',1
'3-SUNmerged591095',1900,184900,4,'',1
'3-SUNmerged591095',1901,92000,,'',1,10000,,'',1,10000,,'',1,10000,,'',1,10000,,'',1,10000,,'',1,10000,,'',1,10000,,'',1,10000,,'',1,10000,,'',1
'2-SATmerged591096',2501,90900,4,'',1,10000,4,'',1,10100,4,'',1,10100,4,'',1,10100,4,'',1,10000,4,'',1,10000,4,'',1,10000,4,'',1,9900,4,'',1,10000,4,'',1
'3-SUNmerged591095',2501,90900,4,'',1,10000,4,'',1,10100,4,'',1,10100,4,'',1,10100,4,'',1,10000,4,'',1,10000,4,'',1,10000,4,'',1,9900,4,'',1,10000,4,'',1
'1-WKDYmerged591097',4801,70600,4,'',1,79900,4,'',1
'1-WKDYmerged591097',7801,74000,4,'',1,7000,4,'',1,3000,4,'',1,6900,4,'',1,3000,4,'',1,10100,4,'',1,10200,4,'',1,10100,4,'',1,10100,4,'',1,10000,4,'',1,10000,4,'',1,6900,4,'',1,3100,4,'',1,6800,4,'',1,3000,4,'',1,10000,4,'',1,9800,4,'',1,9800,4,'',1
