'1-WKDYmerged591097',700,54600,,'',1,10000,,'',1,7000,,'',1,3000,,'',1,7000,,'',1,3000,,'',1,7000,,'',1,3000,,'',1,7000,,'',1,3000,,'',1,7000,,'',1,3000,,'',1,7000,,'',1,3000,,'',1,7000,,'',1,3000,,'',1,7000,,'',1,3000,,'',1,7000,,'',1,3000,,'',1,7000,,'',1,3000,,'',1,7000,,'',1,3000,,'',1,7000,,'',1,3000,,'',1,7000,,'',1,10000,,'',1
'1-WKDYmerged591097',701,75800,4,'',1,14200,4,'',1,2800,4,'',1,2900,4,'',1,7000,4,'',1,3000,4,'',1,7100,4,'',1,2900,4,'',1,7200,4,'',1,3000,4,'',1,14100,4,'',1,3000,4,'',1,10900,4,'',1,6900,4,'',1,2900,4,'',1,10200,4,'',1,6300,4,'',1,5500,4,'',1,6500,4,'',1,3000,4,'',1,6800,4,'',1,9900,4,'',1
'2-SATmerged591096',700,74600,,'',1,10000,,'',1,10000,,'',1,10000,,'',1,10000,,'',1,10000,,'',1,10000,,'',1,10000,,'',1,10000,,'',1,10000,,'',1,10000,,'',1,10000,,'',1
'2-SATmerged591096',701,185400,4,'',1,9700,4,'',1
'3-SUNmerged591095',700,74600,,'',1,10000,,'',1,10000,,'',1,10000,,'',1,10000,,'',1,10000,,'',1,10000,,'',1,10000,,'',1,10000,,'',1,10000,,'',1,10000,,'',1,10000,,'',1
'3-SUNmerged591095',701,185400,4,'',1,9700,4,'',1
'1-WKDYmerged591097',4700,134500,4,'',1,59800,4,'',1
'1-WKDYmerged591097',4701,51500,,'',1,63500,,'',1,60000,,'',1
'1-WKDYmerged591097',7200,63300,4,'',1,7100,4,'',1,13300,4,'',1,50200,4,'',1,37200,4,'',1,2900,4,'',1,9700,4,'',1,6700,4,'',1
'2-SATmerged591096',8000,73000,4,'',1,10100,4,'',1,10000,4,'',1,10000,4,'',1,10100,4,'',1,10100,4,'',1,10100,4,'',1,10100,4,'',1,10000,4,'',1,10000,4,'',1,9900,4,'',1,10000,4,'',1
'3-SUNmerged591095',8000,73000,4,'',1,10100,4,'',1,10000,4,'',1,10000,4,'',1,10100,4,'',1,10100,4,'',1,10100,4,'',1,10100,4,'',1,10000,4,'',1,10000,4,'',1,9900,4,'',1,10000,4,'',1
