'2-SATmerged559389',1900,94800,4,'',1,10000,4,'',1,10200,4,'',1,10000,4,'',1,10000,4,'',1,10100,4,'',1,9900,4,'',1,10000,4,'',1,9900,4,'',1
'3-SUNmerged559388',1900,94800,4,'',1,10000,4,'',1,10200,4,'',1,10000,4,'',1,10000,4,'',1,10100,4,'',1,9900,4,'',1,10000,4,'',1,9900,4,'',1
'4-NYE',1900,94800,4,'',1,10000,4,'',1,10200,4,'',1,10000,4,'',1,10000,4,'',1,10100,4,'',1,9900,4,'',1,10000,4,'',1,9900,4,'',1
'1-WKDYmerged559390',2500,53700,,'',1,7000,,'',1,3000,,'',1,7000,,'',1,3000,,'',1,7000,,'',1,3000,,'',1,7000,,'',1,3000,,'',1,7000,,'',1,3000,,'',1,7000,,'',1,3000,,'',1,7000,,'',1,3000,,'',1,7000,,'',1,3000,,'',1,7000,,'',1,3000,,'',1,7000,,'',1,3000,,'',1,7000,,'',1,3000,,'',1,7000,,'',1,3000,,'',1,7000,,'',1,10000,,'',1,10000,,'',1
'1-WKDYmerged559390',2501,64100,4,'',1,6800,4,'',1,3100,4,'',1,7100,4,'',1,3100,4,'',1,7000,4,'',1,3100,4,'',1,6900,4,'',1,3100,4,'',1,7000,4,'',1,3000,4,'',1,7000,4,'',1,3400,4,'',1,7100,4,'',1,2900,4,'',1,7000,4,'',1,2900,4,'',1,7000,4,'',1,3200,4,'',1,7000,4,'',1,3100,4,'',1,7000,4,'',1,3000,4,'',1,6700,4,'',1,3000,4,'',1,6700,4,'',1,19700,4,'',1
'2-SATmerged559389',2500,80700,,'',1,10000,,'',1,10000,,'',1,10000,,'',1,10000,,'',1,10000,,'',1,10000,,'',1,10000,,'',1,10000,,'',1,10000,,'',1,10000,,'',1
'2-SATmerged559389',2501,191000,4,'',1
'3-SUNmerged559388',2500,80700,,'',1,10000,,'',1,10000,,'',1,10000,,'',1,10000,,'',1,10000,,'',1,10000,,'',1,10000,,'',1,10000,,'',1,10000,,'',1,10000,,'',1
'3-SUNmerged559388',2501,191000,4,'',1
'4-NYE',2500,80700,,'',1,10000,,'',1,10000,,'',1,10000,,'',1,10000,,'',1,10000,,'',1,10000,,'',1,10000,,'',1,10000,,'',1,10000,,'',1,10000,,'',1
'4-NYE',2501,191000,4,'',1
'1-WKDYmerged559390',7101,194100,4,'',1
