'1-WKDYmerged559387',1901,61600,4,'',1,10300,4,'',1,3200,4,'',1,7100,4,'',1,10000,4,'',1,10000,4,'',1,10100,4,'',1,10000,4,'',1,10100,4,'',1,10000,4,'',1,3000,4,'',1,7000,4,'',1,2900,4,'',1,7000,4,'',1,3000,4,'',1,7000,4,'',1,9800,4,'',1,10000,4,'',1,9800,4,'',1
'2-SATmerged559386',4800,83600,4,'',1,20000,4,'',1,19900,4,'',1,20000,4,'',1,20000,4,'',1,20000,4,'',1
'3-SUNmerged559385',4800,83600,4,'',1,20000,4,'',1,19900,4,'',1,20000,4,'',1,20000,4,'',1,20000,4,'',1
'2-SATmerged559386',7101,72900,4,'',1,59500,4,'',1,20000,4,'',1,20100,4,'',1
'3-SUNmerged559385',7101,111600,4,'',1,20800,4,'',1,20000,4,'',1,20100,4,'',1
'1-WKDYmerged559387',7800,43800,,'',1,10200,,'',1,7000,,'',1,3000,,'',1,7000,,'',1,3000,,'',1,7000,,'',1,3000,,'',1,10000,,'',1,10000,,'',1,10000,,'',1,10000,,'',1,10000,,'',1,10000,,'',1,7000,,'',1,3000,,'',1,7000,,'',1,3000,,'',1,7000,,'',1,3000,,'',1,10000,,'',1,10000,,'',1,10000,,'',1,10000,,'',1
'1-WKDYmerged559387',7801,70800,4,'',1,142800,4,'',1
'2-SATmerged559386',7800,74000,,'',1,10000,,'',1,10000,,'',1,10000,,'',1,10000,,'',1,10000,,'',1,10000,,'',1,10000,,'',1,10000,,'',1,10000,,'',1,10000,,'',1,10000,,'',1,10000,,'',1
'2-SATmerged559386',7801,83900,4,'',1,60500,4,'',1,19800,4,'',1,19900,4,'',1,9700,4,'',1
'3-SUNmerged559385',7800,74000,,'',1,10000,,'',1,10000,,'',1,10000,,'',1,10000,,'',1,10000,,'',1,10000,,'',1,10000,,'',1,10000,,'',1,10000,,'',1,10000,,'',1,10000,,'',1,10000,,'',1
'3-SUNmerged559385',7801,83900,4,'',1,109900,4,'',1
