'1-WKDYmerged532355',600,60000,,'',1,1700,4,'',1,1300,,'',1,1400,4,'',1,5600,,'',1,1500,4,'',1,1500,,'',1,1700,4,'',1,5300,,'',1,1800,4,'',1,1200,,'',1,1800,4,'',1,5200,,'',1,1800,4,'',1,1200,,'',1,1700,4,'',1,5300,,'',1,1700,4,'',1,1300,,'',1,1700,4,'',1,5300,,'',1,1700,4,'',1,1300,,'',1,1700,4,'',1,5300,,'',1,1700,4,'',1,1300,,'',1,1700,4,'',1,5300,,'',1,1700,4,'',1,1300,,'',1,1700,4,'',1,5300,,'',1,1700,4,'',1,1300,,'',1,1800,4,'',1,5200,,'',1,1800,4,'',1,1200,,'',1,1800,4,'',1,5200,,'',1,1800,4,'',1,1200,,'',1,1700,4,'',1,5300,,'',1,1700,4,'',1,1300,,'',1,1700,4,'',1,5300,,'',1,1500,4,'',1,1500,,'',1,1500,4,'',1,5500,,'',1,1400,4,'',1,1600,,'',1,1400,4,'',1,5600,,'',1,1300,4,'',1,2900,4,'',1,5800,,'',1
'1-WKDYmerged532355',601,55300,4,'',1,100,,'',1,6600,4,'',1,100,,'',1,3000,4,'',1,100,,'',1,7100,4,'',1,100,,'',1,2900,4,'',1,100,,'',1,6900,4,'',1,100,,'',1,2900,4,'',1,100,,'',1,6800,4,'',1,100,,'',1,2900,4,'',1,100,,'',1,6900,4,'',1,100,,'',1,2900,4,'',1,100,,'',1,6900,4,'',1,100,,'',1,2900,4,'',1,100,,'',1,6900,4,'',1,100,,'',1,2900,4,'',1,100,,'',1,6900,4,'',1,100,,'',1,2900,4,'',1,100,,'',1,7000,4,'',1,100,,'',1,2900,4,'',1,100,,'',1,6900,4,'',1,100,,'',1,2900,4,'',1,100,,'',1,6800,4,'',1,100,,'',1,2900,4,'',1,100,,'',1,6900,4,'',1,100,,'',1,2800,4,'',1,100,,'',1,6900,4,'',1,100,,'',1,2800,4,'',1,100,,'',1,6900,4,'',1,100,,'',1,2800,4,'',1,100,,'',1,6900,4,'',1,100,,'',1,9900,4,'',1
'2-SATmerged532354',600,80000,,'',1,5200,4,'',1,4800,,'',1,5200,4,'',1,4800,,'',1,5200,4,'',1,4800,,'',1,5200,4,'',1,4800,,'',1,5200,4,'',1,4800,,'',1,5200,4,'',1,4800,,'',1,5200,4,'',1,4800,,'',1,5200,4,'',1,4800,,'',1,5200,4,'',1,4800,,'',1,5200,4,'',1,4800,,'',1,5200,4,'',1,4800,,'',1
'2-SATmerged532354',601,82000,4,'',1,1000,,'',1,9000,4,'',1,1000,,'',1,9200,4,'',1,800,,'',1,9200,4,'',1,800,,'',1,9200,4,'',1,800,,'',1,9200,4,'',1,800,,'',1,9200,4,'',1,800,,'',1,9100,4,'',1,900,,'',1,9100,4,'',1,900,,'',1,9000,4,'',1,1000,,'',1,9000,4,'',1,1000,,'',1,8900,4,'',1
'3-SUNmerged532353',600,80000,,'',1,5200,4,'',1,4800,,'',1,5200,4,'',1,4800,,'',1,5200,4,'',1,4800,,'',1,5200,4,'',1,4800,,'',1,5200,4,'',1,4800,,'',1,5200,4,'',1,4800,,'',1,5200,4,'',1,4800,,'',1,5200,4,'',1,4800,,'',1,5200,4,'',1,4800,,'',1,5200,4,'',1,4800,,'',1,5200,4,'',1,4800,,'',1
'3-SUNmerged532353',601,82000,4,'',1,1000,,'',1,9000,4,'',1,1000,,'',1,9200,4,'',1,800,,'',1,9200,4,'',1,800,,'',1,9200,4,'',1,800,,'',1,9200,4,'',1,800,,'',1,9200,4,'',1,800,,'',1,9100,4,'',1,900,,'',1,9100,4,'',1,900,,'',1,9000,4,'',1,1000,,'',1,9000,4,'',1,1000,,'',1,8900,4,'',1
'5-CCFWK',600,60000,,'',1,1700,4,'',1,1300,,'',1,1400,4,'',1,5600,,'',1,1500,4,'',1,1500,,'',1,1700,4,'',1,5300,,'',1,1800,4,'',1,1200,,'',1,1800,4,'',1,5200,,'',1,1800,4,'',1,1200,,'',1,1700,4,'',1,5300,,'',1,1700,4,'',1,1300,,'',1,1700,4,'',1,5300,,'',1,1700,4,'',1,1300,,'',1,1700,4,'',1,5300,,'',1,1700,4,'',1,1300,,'',1,1700,4,'',1,5300,,'',1,1700,4,'',1,1300,,'',1,1700,4,'',1,5300,,'',1,1700,4,'',1,1300,,'',1,1800,4,'',1,5200,,'',1,1800,4,'',1,1200,,'',1,1800,4,'',1,5200,,'',1,1800,4,'',1,1200,,'',1,1700,4,'',1,5300,,'',1,1700,4,'',1,1300,,'',1,1700,4,'',1,5300,,'',1,1500,4,'',1,1500,,'',1,1500,4,'',1,5500,,'',1,1400,4,'',1,1600,,'',1,1400,4,'',1,5600,,'',1,1300,4,'',1,2900,4,'',1,5800,,'',1
'5-CCFWK',601,55300,4,'',1,100,,'',1,6600,4,'',1,100,,'',1,3000,4,'',1,100,,'',1,7100,4,'',1,100,,'',1,2900,4,'',1,100,,'',1,6900,4,'',1,100,,'',1,2900,4,'',1,100,,'',1,6800,4,'',1,100,,'',1,2900,4,'',1,100,,'',1,6900,4,'',1,100,,'',1,2900,4,'',1,100,,'',1,6900,4,'',1,100,,'',1,2900,4,'',1,100,,'',1,6900,4,'',1,100,,'',1,2900,4,'',1,100,,'',1,6900,4,'',1,100,,'',1,2900,4,'',1,100,,'',1,7000,4,'',1,100,,'',1,2900,4,'',1,100,,'',1,6900,4,'',1,100,,'',1,2900,4,'',1,100,,'',1,6800,4,'',1,100,,'',1,2900,4,'',1,100,,'',1,6900,4,'',1,100,,'',1,2800,4,'',1,100,,'',1,6900,4,'',1,100,,'',1,2800,4,'',1,100,,'',1,6900,4,'',1,100,,'',1,2800,4,'',1,100,,'',1,6900,4,'',1,100,,'',1,9900,4,'',1
'6-CCFFF',600,60000,,'',1,1700,4,'',1,1300,,'',1,1400,4,'',1,5600,,'',1,1500,4,'',1,1500,,'',1,1700,4,'',1,5300,,'',1,1800,4,'',1,1200,,'',1,1800,4,'',1,5200,,'',1,1800,4,'',1,1200,,'',1,1700,4,'',1,5300,,'',1,1700,4,'',1,1300,,'',1,1700,4,'',1,5300,,'',1,1700,4,'',1,1300,,'',1,1700,4,'',1,5300,,'',1,1700,4,'',1,1300,,'',1,1700,4,'',1,5300,,'',1,1700,4,'',1,1300,,'',1,1700,4,'',1,5300,,'',1,1700,4,'',1,1300,,'',1,1800,4,'',1,5200,,'',1,1800,4,'',1,1200,,'',1,1800,4,'',1,5200,,'',1,1800,4,'',1,1200,,'',1,1700,4,'',1,5300,,'',1,1700,4,'',1,1300,,'',1,1700,4,'',1,5300,,'',1,1500,4,'',1,1500,,'',1,1500,4,'',1,5500,,'',1,1400,4,'',1,1600,,'',1,1400,4,'',1,5600,,'',1,1300,4,'',1,2900,4,'',1,5800,,'',1
'6-CCFFF',601,55300,4,'',1,100,,'',1,6600,4,'',1,100,,'',1,3000,4,'',1,100,,'',1,7100,4,'',1,100,,'',1,2900,4,'',1,100,,'',1,6900,4,'',1,100,,'',1,2900,4,'',1,100,,'',1,6800,4,'',1,100,,'',1,2900,4,'',1,100,,'',1,6900,4,'',1,100,,'',1,2900,4,'',1,100,,'',1,6900,4,'',1,100,,'',1,2900,4,'',1,100,,'',1,6900,4,'',1,100,,'',1,2900,4,'',1,100,,'',1,6900,4,'',1,100,,'',1,2900,4,'',1,100,,'',1,7000,4,'',1,100,,'',1,2900,4,'',1,100,,'',1,6900,4,'',1,100,,'',1,2900,4,'',1,100,,'',1,6800,4,'',1,100,,'',1,2900,4,'',1,100,,'',1,6900,4,'',1,100,,'',1,2800,4,'',1,100,,'',1,6900,4,'',1,100,,'',1,2800,4,'',1,100,,'',1,6900,4,'',1,100,,'',1,2800,4,'',1,100,,'',1,6900,4,'',1,100,,'',1,9900,4,'',1
'7-CCFSAT',600,80000,,'',1,5200,4,'',1,4800,,'',1,5200,4,'',1,4800,,'',1,5200,4,'',1,4800,,'',1,5200,4,'',1,4800,,'',1,5200,4,'',1,4800,,'',1,5200,4,'',1,4800,,'',1,5200,4,'',1,4800,,'',1,5200,4,'',1,4800,,'',1,5200,4,'',1,4800,,'',1,5200,4,'',1,4800,,'',1,5200,4,'',1,4800,,'',1
'7-CCFSAT',601,82000,4,'',1,1000,,'',1,9000,4,'',1,1000,,'',1,9200,4,'',1,800,,'',1,9200,4,'',1,800,,'',1,9200,4,'',1,800,,'',1,9200,4,'',1,800,,'',1,9200,4,'',1,800,,'',1,9100,4,'',1,900,,'',1,9100,4,'',1,900,,'',1,9000,4,'',1,1000,,'',1,9000,4,'',1,1000,,'',1,8900,4,'',1
'8-CCFSUN',600,80000,,'',1,5200,4,'',1,4800,,'',1,5200,4,'',1,4800,,'',1,5200,4,'',1,4800,,'',1,5200,4,'',1,4800,,'',1,5200,4,'',1,4800,,'',1,5200,4,'',1,4800,,'',1,5200,4,'',1,4800,,'',1,5200,4,'',1,4800,,'',1,5200,4,'',1,4800,,'',1,5200,4,'',1,4800,,'',1,5200,4,'',1,4800,,'',1
'8-CCFSUN',601,82000,4,'',1,1000,,'',1,9000,4,'',1,1000,,'',1,9200,4,'',1,800,,'',1,9200,4,'',1,800,,'',1,9200,4,'',1,800,,'',1,9200,4,'',1,800,,'',1,9200,4,'',1,800,,'',1,9100,4,'',1,900,,'',1,9100,4,'',1,900,,'',1,9000,4,'',1,1000,,'',1,9000,4,'',1,1000,,'',1,8900,4,'',1
