'1-WKDYmerged456718',7200,51900,4,'',1,9200,4,'',1,3000,4,'',1,7000,4,'',1,3300,4,'',1,7000,4,'',1,3000,4,'',1,7000,4,'',1,10000,4,'',1,10000,4,'',1,10200,4,'',1,9800,4,'',1,10000,4,'',1,10000,4,'',1,3200,4,'',1,7000,4,'',1,2900,4,'',1,7000,4,'',1,2800,4,'',1,6900,4,'',1,3000,4,'',1,6900,4,'',1,10000,4,'',1,11000,4,'',1
'1-WKDYmerged456718',7201,51900,,'',1,9200,,'',1,3000,,'',1,7000,,'',1,3300,,'',1,7000,,'',1,3000,,'',1,7000,,'',1,10000,,'',1,10000,,'',1,10200,,'',1,9800,,'',1,10000,,'',1,10000,,'',1,3200,,'',1,7000,,'',1,2900,,'',1,7000,,'',1,2800,,'',1,6900,,'',1,3000,,'',1,6900,,'',1,10000,,'',1,11000,,'',1
'2-SATmerged456717',7200,74300,4,'',1,10000,4,'',1,10000,4,'',1,10000,4,'',1,10000,4,'',1,10000,4,'',1,10000,4,'',1,10000,4,'',1,10000,4,'',1,10000,4,'',1,10000,4,'',1,10000,4,'',1,10000,4,'',1
'2-SATmerged456717',7201,74300,,'',1,10000,,'',1,10000,,'',1,10000,,'',1,10000,,'',1,10000,,'',1,10000,,'',1,10000,,'',1,10000,,'',1,10000,,'',1,10000,,'',1,10000,,'',1,10000,,'',1
'3-SUNmerged456716',7200,74300,4,'',1,10000,4,'',1,10000,4,'',1,10000,4,'',1,10000,4,'',1,10000,4,'',1,10000,4,'',1,10000,4,'',1,10000,4,'',1,10000,4,'',1,10000,4,'',1,10000,4,'',1,10000,4,'',1
'3-SUNmerged456716',7201,74300,,'',1,10000,,'',1,10000,,'',1,10000,,'',1,10000,,'',1,10000,,'',1,10000,,'',1,10000,,'',1,10000,,'',1,10000,,'',1,10000,,'',1,10000,,'',1,10000,,'',1
'1-WKDYmerged456718',7400,51800,,'',1,8500,,'',1,10800,,'',1,10000,,'',1,10000,,'',1,10000,,'',1,10000,,'',1,10100,,'',1,3000,,'',1,7200,,'',1,3000,,'',1,7100,,'',1,3000,,'',1,7100,,'',1,3000,,'',1,7100,,'',1,3000,,'',1,7000,,'',1,3000,,'',1,6800,,'',1,3000,,'',1,6700,,'',1,9900,,'',1,10800,,'',1
'1-WKDYmerged456718',7401,51800,4,'',1,8500,4,'',1,10800,4,'',1,10000,4,'',1,10000,4,'',1,10000,4,'',1,10000,4,'',1,10100,4,'',1,3000,4,'',1,7200,4,'',1,3000,4,'',1,7100,4,'',1,3000,4,'',1,7100,4,'',1,3000,4,'',1,7100,4,'',1,3000,4,'',1,7000,4,'',1,3000,4,'',1,6800,4,'',1,3000,4,'',1,6700,4,'',1,9900,4,'',1,10800,4,'',1
'2-SATmerged456717',7400,73900,,'',1,10000,,'',1,10200,,'',1,10000,,'',1,10000,,'',1,10200,,'',1,10000,,'',1,10000,,'',1,10000,,'',1,10000,,'',1,10000,,'',1,9900,,'',1,10000,,'',1
'2-SATmerged456717',7401,73900,4,'',1,10000,4,'',1,10200,4,'',1,10000,4,'',1,10000,4,'',1,10200,4,'',1,10000,4,'',1,10000,4,'',1,10000,4,'',1,10000,4,'',1,10000,4,'',1,9900,4,'',1,10000,4,'',1
'3-SUNmerged456716',7400,73900,,'',1,10000,,'',1,10200,,'',1,10000,,'',1,10000,,'',1,10200,,'',1,10000,,'',1,10000,,'',1,10000,,'',1,10000,,'',1,10000,,'',1,9900,,'',1,10000,,'',1
'3-SUNmerged456716',7401,73900,4,'',1,10000,4,'',1,10200,4,'',1,10000,4,'',1,10000,4,'',1,10200,4,'',1,10000,4,'',1,10000,4,'',1,10000,4,'',1,10000,4,'',1,10000,4,'',1,9900,4,'',1,10000,4,'',1
