203,632,1,0
203,633,2,0
203,3259,3,0
203,3260,4,0
203,2000,5,0
203,504,6,0
203,2001,7,0
203,505,8,0
203,4138,9,0
203,4137,10,0
203,3296,11,0
203,3297,12,0
203,6056,13,0
203,545,14,0
203,546,15,0
203,547,16,0
203,548,17,0
203,549,18,0
203,550,19,0
203,551,20,0
203,552,21,0
203,2006,22,0
203,553,23,0
203,554,24,0
203,2708,25,0
203,3114,26,0
203,2868,27,0
203,2709,28,0
203,2710,29,0
203,2836,30,0
203,2926,31,0
203,2927,32,0
203,744,33,0
203,2989,34,0
203,747,35,0
203,3465,36,0
203,748,37,0
203,749,38,0
203,750,39,0
203,752,40,0
203,753,41,0
203,3200,42,0
203,4153,43,0
203,110,44,1
204,110,1,0
204,4152,2,0
204,2233,3,0
204,2231,4,0
204,783,5,0
204,784,6,0
204,786,7,0
204,787,8,0
204,788,9,0
204,789,10,0
204,2838,11,0
204,2839,12,0
204,2840,13,0
204,2706,14,0
204,3242,15,0
204,2930,16,0
204,558,17,0
204,559,18,0
204,560,19,0
204,2007,20,0
204,561,21,0
204,4183,22,0
204,4184,23,0
204,2844,24,0
204,2845,25,0
204,2846,26,0
204,2847,27,0
204,6055,28,0
204,3283,29,0
204,3284,30,0
204,3285,31,0
204,3294,32,0
204,524,33,0
204,525,34,0
204,2003,35,0
204,3260,36,0
204,3492,37,0
204,579,38,0
204,2024,39,0
204,638,40,0
204,632,41,1
601,6023,1,0
601,6024,2,0
601,6025,3,0
601,2847,4,0
601,6055,5,0
601,3283,6,0
601,3284,7,0
601,3285,8,0
601,6060,9,0
601,6061,10,0
601,675,11,0
601,676,12,0
601,1607,13,0
601,321,14,0
601,678,15,0
601,679,16,0
601,680,17,0
601,6062,18,0
601,6063,19,0
601,3303,20,0
601,3304,21,0
601,3306,22,0
601,3308,23,0
601,3495,24,0
601,6066,25,1
602,6066,1,0
602,3273,2,0
602,3274,3,0
602,3275,4,0
602,3276,5,0
602,3277,6,0
602,6065,7,0
602,6064,8,0
602,6171,9,0
602,724,10,0
602,725,11,0
602,1607,12,0
602,728,13,0
602,6057,14,0
602,6058,15,0
602,6059,16,0
602,3061,17,0
602,6023,18,1
703,6137,1,0
703,702,2,0
703,2274,3,0
703,1082,4,0
703,1083,5,0
703,1084,6,0
703,1085,7,0
703,6177,8,0
703,6097,9,0
703,6098,10,0
703,2696,11,0
703,812,12,0
703,3221,13,0
703,814,14,0
703,815,15,0
703,816,16,0
703,818,17,0
703,820,18,0
703,6049,19,0
703,3071,20,0
703,211,21,0
703,4159,22,0
703,2381,23,0
703,827,24,0
703,2382,25,0
703,828,26,0
703,829,27,0
703,2383,28,0
703,831,29,0
703,3074,30,0
703,3076,31,1
704,3076,1,0
704,6039,2,0
704,6040,3,0
704,6041,4,0
704,835,5,0
704,836,6,0
704,1375,7,0
704,6011,8,0
704,3072,9,0
704,3070,10,0
704,6050,11,0
704,2395,12,0
704,846,13,0
704,848,14,0
704,849,15,0
704,850,16,0
704,2399,17,0
704,851,18,0
704,852,19,0
704,853,20,0
704,6095,21,0
704,6096,22,0
704,1094,23,0
704,1100,24,0
704,1102,25,0
704,1103,26,0
704,2278,27,0
704,2273,28,0
704,701,29,0
704,6137,30,1
903,110,1,0
903,780,2,0
903,782,3,0
903,781,4,0
903,2233,5,0
903,2231,6,0
903,4174,7,0
903,2961,8,0
903,2962,9,0
903,2963,10,0
903,2964,11,0
903,2965,12,0
903,2966,13,0
903,2967,14,0
903,4175,15,0
903,2410,16,0
903,2411,17,0
903,4176,18,0
903,2998,19,0
903,2999,20,0
903,3000,21,0
903,3001,22,0
903,3041,23,0
903,4177,24,0
903,3002,25,0
903,2973,26,0
903,3003,27,0
903,3038,28,0
903,3005,29,0
903,4178,30,0
903,3006,31,0
903,6014,32,1
904,6014,1,0
904,4179,2,0
904,6015,3,0
904,3010,4,0
904,4180,5,0
904,3011,6,0
904,3039,7,0
904,3012,8,0
904,3013,9,0
904,4181,10,0
904,3043,11,0
904,3015,12,0
904,3016,13,0
904,3017,14,0
904,3037,15,0
904,4182,16,0
904,2974,17,0
904,2969,18,0
904,6054,19,0
904,2977,20,0
904,2978,21,0
904,2979,22,0
904,2980,23,0
904,2981,24,0
904,2982,25,0
904,2983,26,0
904,2984,27,0
904,752,28,0
904,753,29,0
904,4143,30,0
904,755,31,0
904,3310,32,0
904,3312,33,0
904,3313,34,0
904,110,35,1
1903,110,1,0
1903,2212,2,0
1903,3254,3,0
1903,1342,4,0
1903,2213,5,0
1903,4150,6,0
1903,4151,7,0
1903,4145,8,0
1903,3702,9,0
1903,3703,10,0
1903,3701,11,0
1903,6122,12,1
1904,6122,1,0
1904,6123,2,0
1904,768,3,0
1904,2489,4,0
1904,2216,5,0
1904,2218,6,0
1904,1343,7,0
1904,1344,8,0
1904,1345,9,0
1904,1334,10,0
1904,110,11,1
2503,3492,1,0
2503,6069,2,0
2503,6070,3,0
2503,1104,4,0
2503,2060,5,0
2503,2648,6,0
2503,2647,7,0
2503,972,8,0
2503,973,9,0
2503,974,10,0
2503,975,11,0
2503,977,12,0
2503,978,13,0
2503,979,14,0
2503,980,15,0
2503,981,16,0
2503,982,17,0
2503,983,18,0
2503,984,19,0
2503,985,20,0
2503,986,21,0
2503,4162,22,0
2503,989,23,0
2503,990,24,0
2503,2079,25,0
2503,315,26,0
2503,992,27,0
2503,2080,28,0
2503,294,29,0
2503,2091,30,0
2503,6118,31,0
2503,2992,32,0
2503,2725,33,0
2503,3034,34,0
2503,2745,35,0
2503,2750,36,0
2503,6119,37,0
2503,110,38,1
2504,110,1,0
2504,6120,2,0
2504,2743,3,0
2504,6173,4,0
2504,3035,5,0
2504,2726,6,0
2504,2990,7,0
2504,6121,8,0
2504,2828,9,0
2504,2093,10,0
2504,1013,11,0
2504,1014,12,0
2504,2095,13,0
2504,1015,14,0
2504,2078,15,0
2504,1017,16,0
2504,1018,17,0
2504,1019,18,0
2504,1020,19,0
2504,2098,20,0
2504,1022,21,0
2504,1023,22,0
2504,2099,23,0
2504,1024,24,0
2504,1026,25,0
2504,2082,26,0
2504,1028,27,0
2504,1030,28,0
2504,1031,29,0
2504,1032,30,0
2504,2104,31,0
2504,1033,32,0
2504,1305,33,0
2504,1151,34,0
2504,2673,35,0
2504,635,36,0
2504,6067,37,0
2504,6068,38,0
2504,4165,39,0
2504,3293,40,0
2504,3492,41,1
3001,632,1,0
3001,633,2,0
3001,6172,3,0
3001,581,4,0
3001,582,5,0
3001,583,6,0
3001,227,7,0
3001,587,8,0
3001,588,9,0
3001,589,10,0
3001,648,11,0
3001,649,12,0
3001,650,13,0
3001,651,14,0
3001,652,15,0
3001,1037,16,0
3001,1038,17,0
3001,1039,18,0
3001,1040,19,0
3001,3058,20,0
3001,1120,21,0
3001,1121,22,0
3001,1046,23,0
3001,1047,24,0
3001,1043,25,0
3001,3128,26,0
3001,1044,27,0
3001,293,28,0
3001,3314,29,0
3001,3315,30,0
3001,3316,31,0
3001,3317,32,0
3001,3319,33,0
3001,3320,34,0
3001,3322,35,0
3001,3107,36,0
3001,3203,37,0
3001,3229,38,0
3001,3089,39,0
3001,3494,40,0
3001,3090,41,0
3001,3092,42,0
3001,3093,43,0
3001,3095,44,0
3001,3232,45,0
3001,3237,46,0
3001,3238,47,0
3001,3239,48,0
3001,2886,49,0
3001,2887,50,0
3001,1323,51,0
3001,3485,52,0
3001,1310,53,0
3001,2156,54,0
3001,1281,55,0
3001,1315,56,0
3001,1318,57,0
3001,106,58,1
3002,106,1,0
3002,1316,2,0
3002,1314,3,0
3002,2909,4,0
3002,2130,5,0
3002,1397,6,0
3002,2928,7,0
3002,2915,8,0
3002,2917,9,0
3002,3233,10,0
3002,3234,11,0
3002,3235,12,0
3002,3236,13,0
3002,3102,14,0
3002,3104,15,0
3002,6022,16,0
3002,3230,17,0
3002,3105,18,0
3002,3106,19,0
3002,3205,20,0
3002,2237,21,0
3002,1060,22,0
3002,1062,23,0
3002,1063,24,0
3002,1064,25,0
3002,2862,26,0
3002,1065,27,0
3002,1066,28,0
3002,1067,29,0
3002,1068,30,0
3002,1070,31,0
3002,1071,32,0
3002,2241,33,0
3002,1074,34,0
3002,2242,35,0
3002,1134,36,0
3002,1075,37,0
3002,1076,38,0
3002,1077,39,0
3002,1078,40,0
3002,1079,41,0
3002,1080,42,0
3002,597,43,0
3002,598,44,0
3002,599,45,0
3002,600,46,0
3002,601,47,0
3002,659,48,0
3002,660,49,0
3002,661,50,0
3002,663,51,0
3002,664,52,0
3002,665,53,0
3002,666,54,0
3002,579,55,0
3002,2024,56,0
3002,638,57,0
3002,632,58,1
3100,635,1,0
3100,633,2,0
3100,6172,3,0
3100,627,4,0
3100,628,5,0
3100,630,6,0
3100,729,7,0
3100,730,8,0
3100,731,9,0
3100,733,10,0
3100,734,11,0
3100,4149,12,0
3100,4148,13,0
3100,4147,14,0
3100,736,15,0
3100,737,16,0
3100,739,17,0
3100,740,18,0
3100,2702,19,0
3100,2703,20,0
3100,2705,21,0
3100,4153,22,0
3100,110,23,1
3101,110,1,0
3101,3024,2,0
3101,3028,3,0
3101,3026,4,0
3101,3498,5,0
3101,3022,6,0
3101,793,7,0
3101,794,8,0
3101,796,9,0
3101,296,10,0
3101,798,11,0
3101,799,12,0
3101,800,13,0
3101,801,14,0
3101,3075,15,0
3101,803,16,0
3101,804,17,0
3101,805,18,0
3101,617,19,0
3101,619,20,0
3101,2013,21,0
3101,579,22,0
3101,1104,23,1
3200,6137,1,0
3200,2687,2,0
3200,2688,3,0
3200,2689,4,0
3200,2676,5,0
3200,3325,6,0
3200,1132,7,0
3200,1133,8,0
3200,1134,9,0
3200,3060,10,0
3200,1135,11,0
3200,2053,12,0
3200,1136,13,0
3200,1137,14,0
3200,2054,15,0
3200,2055,16,0
3200,1138,17,0
3200,1140,18,0
3200,1139,19,0
3200,1141,20,0
3200,1142,21,0
3200,2056,22,0
3200,1144,23,0
3200,1145,24,0
3200,1146,25,0
3200,1147,26,0
3200,2057,27,0
3200,2058,28,0
3200,1149,29,0
3200,2059,30,0
3200,1150,31,0
3200,1151,32,0
3200,2673,33,0
3200,635,34,1
3201,1104,1,0
3201,2060,2,0
3201,1105,3,0
3201,2062,4,0
3201,1106,5,0
3201,1107,6,0
3201,1108,7,0
3201,2063,8,0
3201,1109,9,0
3201,1110,10,0
3201,243,11,0
3201,1112,12,0
3201,2065,13,0
3201,1114,14,0
3201,1115,15,0
3201,1116,16,0
3201,1117,17,0
3201,2866,18,0
3201,1118,19,0
3201,3132,20,0
3201,3131,21,0
3201,1119,22,0
3201,2069,23,0
3201,2070,24,0
3201,1393,25,0
3201,1120,26,0
3201,1121,27,0
3201,1122,28,0
3201,217,29,0
3201,2677,30,0
3201,2951,31,0
3201,2679,32,0
3201,2865,33,0
3201,2680,34,0
3201,6137,35,1
3701,1104,1,0
3701,2060,2,0
3701,1189,3,0
3701,1190,4,0
3701,1192,5,0
3701,1193,6,0
3701,1194,7,0
3701,1196,8,0
3701,1197,9,0
3701,1199,10,0
3701,1200,11,0
3701,1202,12,0
3701,1203,13,0
3701,1205,14,0
3701,2114,15,0
3701,3356,16,0
3701,1214,17,0
3701,1215,18,0
3701,2106,19,0
3701,1217,20,0
3701,1218,21,0
3701,1219,22,0
3701,1220,23,0
3701,1222,24,0
3701,2108,25,0
3701,1224,26,0
3701,2140,27,0
3701,1307,28,0
3701,1308,29,0
3701,2367,30,0
3701,2148,31,0
3701,2149,32,0
3701,2137,33,0
3701,1312,34,0
3701,1310,35,0
3701,2156,36,0
3701,1281,37,0
3701,1315,38,0
3701,1318,39,0
3701,2919,40,0
3701,6020,41,0
3701,2911,42,0
3701,6079,43,0
3701,6080,44,0
3701,6081,45,0
3701,6082,46,0
3701,6083,47,0
3701,6084,48,0
3701,6085,49,0
3701,6086,50,0
3701,106,51,1
3702,106,1,0
3702,6087,2,0
3702,6088,3,0
3702,6089,4,0
3702,6090,5,0
3702,6091,6,0
3702,6092,7,0
3702,6093,8,0
3702,6094,9,0
3702,2920,10,0
3702,2932,11,0
3702,6021,12,0
3702,2933,13,0
3702,6043,14,0
3702,1316,15,0
3702,1314,16,0
3702,2909,17,0
3702,2130,18,0
3702,1320,19,0
3702,1324,20,0
3702,2138,21,0
3702,2139,22,0
3702,1311,23,0
3702,2141,24,0
3702,1225,25,0
3702,3148,26,0
3702,1227,27,0
3702,1229,28,0
3702,2045,29,0
3702,1230,30,0
3702,1231,31,0
3702,1233,32,0
3702,1234,33,0
3702,3361,34,0
3702,3329,35,0
3702,1242,36,0
3702,1244,37,0
3702,1245,38,0
3702,2115,39,0
3702,2116,40,0
3702,2117,41,0
3702,1249,42,0
3702,1250,43,0
3702,1251,44,0
3702,1252,45,0
3702,1254,46,0
3702,1256,47,0
3702,1257,48,0
3702,6046,49,0
3702,579,50,0
3702,1104,51,1
3901,1607,1,0
3901,977,2,0
3901,606,3,0
3901,607,4,0
3901,608,5,0
3901,609,6,0
3901,610,7,0
3901,611,8,0
3901,612,9,0
3901,613,10,0
3901,236,11,0
3901,231,12,0
3901,543,13,0
3901,572,14,0
3901,573,15,0
3901,2672,16,0
3901,575,17,0
3901,2011,18,0
3901,576,19,0
3901,6133,20,0
3901,6106,21,0
3901,6107,22,0
3901,6132,23,0
3901,1384,24,0
3901,631,25,0
3901,632,26,1
3902,632,1,0
3902,633,2,0
3902,6172,3,0
3902,533,4,0
3902,534,5,0
3902,2004,6,0
3902,535,7,0
3902,536,8,0
3902,537,9,0
3902,538,10,0
3902,544,11,0
3902,3300,12,0
3902,2659,13,0
3902,3202,14,0
3902,2660,15,0
3902,2661,16,0
3902,2662,17,0
3902,2663,18,0
3902,2664,19,0
3902,2665,20,0
3902,643,21,0
3902,644,22,0
3902,645,23,0
3902,682,24,0
3902,684,25,0
3902,685,26,0
3902,687,27,0
3902,688,28,0
3902,689,29,0
3902,2033,30,0
3902,719,31,0
3902,721,32,0
3902,6171,33,0
3902,724,34,0
3902,725,35,0
3902,1607,36,1
4101,6046,1,0
4101,579,2,0
4101,6053,3,0
4101,106,4,1
4102,106,1,0
4102,6046,2,1
4703,3741,1,0
4703,631,2,0
4703,632,3,0
4703,633,4,0
4703,2647,5,0
4703,972,6,0
4703,973,7,0
4703,110,8,0
4703,1360,9,0
4703,211,10,0
4703,4159,11,0
4703,2381,12,0
4703,827,13,0
4703,2382,14,0
4703,828,15,0
4703,829,16,0
4703,2383,17,0
4703,831,18,0
4703,6200,19,0
4703,6201,20,1
4704,6200,1,0
4704,3741,2,0
4704,6201,3,0
4704,835,4,0
4704,836,5,0
4704,1375,6,0
4704,6011,7,0
4704,2403,8,0
4704,2638,9,0
4704,110,10,0
4704,1032,11,0
4704,2104,12,0
4704,1033,13,0
4704,6046,14,0
4704,579,15,0
4704,6053,16,1
5001,6136,1,0
5001,6155,2,0
5001,6156,3,0
5001,6157,4,0
5001,6158,5,0
5001,6159,6,0
5001,6160,7,0
5001,6161,8,0
5001,6162,9,0
5001,6163,10,0
5001,6164,11,0
5001,6165,12,0
5001,6166,13,0
5001,6167,14,0
5001,6168,15,0
5001,6169,16,0
5001,6134,17,0
5001,6137,18,1
5002,6137,1,0
5002,6135,2,0
5002,6170,3,0
5002,6140,4,0
5002,6141,5,0
5002,6142,6,0
5002,6143,7,0
5002,6144,8,0
5002,6145,9,0
5002,6146,10,0
5002,6147,11,0
5002,6148,12,0
5002,6149,13,0
5002,6150,14,0
5002,6151,15,0
5002,6152,16,0
5002,6153,17,0
5002,6136,18,1
6003,111,1,0
6003,1612,2,0
6003,1611,3,0
6003,6052,4,0
6003,631,5,1
6004,631,1,0
6004,632,2,0
6004,6154,3,0
6004,6013,4,0
6004,6052,5,0
6004,111,6,1
6503,101,1,0
6503,106,2,1
6504,106,1,0
6504,101,2,1
7103,632,1,0
7103,633,2,0
7103,6172,3,0
7103,627,4,0
7103,628,5,0
7103,630,6,0
7103,729,7,0
7103,730,8,0
7103,731,9,0
7103,733,10,0
7103,734,11,0
7103,1329,12,0
7103,1330,13,0
7103,2210,14,0
7103,1332,15,0
7103,1340,16,0
7103,1346,17,0
7103,1336,18,0
7103,1337,19,0
7103,1338,20,0
7103,1339,21,0
7103,110,22,1
7104,110,1,0
7104,1347,2,0
7104,2221,3,0
7104,1349,4,0
7104,1350,5,0
7104,1351,6,0
7104,1352,7,0
7104,1353,8,0
7104,2224,9,0
7104,1354,10,0
7104,2225,11,0
7104,1355,12,0
7104,1356,13,0
7104,801,14,0
7104,3075,15,0
7104,803,16,0
7104,804,17,0
7104,805,18,0
7104,617,19,0
7104,619,20,0
7104,2013,21,0
7104,579,22,0
7104,2024,23,0
7104,638,24,0
7104,632,25,1
7201,6137,1,0
7201,702,2,0
7201,2272,3,0
7201,4122,4,0
7201,4119,5,0
7201,907,6,0
7201,908,7,0
7201,2173,8,0
7201,879,9,0
7201,2694,10,0
7201,2695,11,0
7201,4161,12,0
7201,2696,13,0
7201,812,14,0
7201,3221,15,0
7201,814,16,0
7201,890,17,0
7201,3343,18,0
7201,3344,19,0
7201,3345,20,0
7201,3346,21,0
7201,3347,22,0
7201,3348,23,0
7201,3350,24,0
7201,3486,25,0
7201,3487,26,0
7201,3351,27,0
7201,3352,28,0
7201,6113,29,0
7201,1095,30,1
7202,1095,1,0
7202,1096,2,0
7202,3422,3,0
7202,1097,4,0
7202,1098,5,0
7202,1099,6,0
7202,2267,7,0
7202,2268,8,0
7202,2270,9,0
7202,2692,10,0
7202,2861,11,0
7202,899,12,0
7202,900,13,0
7202,901,14,0
7202,903,15,0
7202,904,16,0
7202,905,17,0
7202,906,18,0
7202,4121,19,0
7202,4123,20,0
7202,2273,21,0
7202,701,22,0
7202,6137,23,1
7401,6137,1,0
7401,702,2,0
7401,2274,3,0
7401,1082,4,0
7401,1083,5,0
7401,1084,6,0
7401,1085,7,0
7401,1086,8,0
7401,1087,9,0
7401,1088,10,0
7401,2275,11,0
7401,1089,12,0
7401,1090,13,0
7401,2277,14,0
7401,1091,15,0
7401,1092,16,0
7401,6108,17,0
7401,6110,18,0
7401,6111,19,0
7401,6175,20,0
7401,6174,21,1
7402,6174,1,0
7402,6113,2,0
7402,322,3,0
7402,4108,4,0
7402,6114,5,0
7402,2279,6,0
7402,4109,7,0
7402,4110,8,0
7402,4111,9,0
7402,2883,10,0
7402,1094,11,0
7402,1100,12,0
7402,1102,13,0
7402,1103,14,0
7402,2278,15,0
7402,2273,16,0
7402,701,17,0
7402,6137,18,1
7801,110,1,0
7801,1347,2,0
7801,2221,3,0
7801,1349,4,0
7801,1350,5,0
7801,2988,6,0
7801,2991,7,0
7801,3206,8,0
7801,2993,9,0
7801,2994,10,0
7801,3253,11,0
7801,3032,12,0
7801,2996,13,0
7801,2997,14,0
7801,3033,15,0
7801,2946,16,0
7801,2947,17,0
7801,2948,18,0
7801,2949,19,0
7801,2951,20,0
7801,2679,21,0
7801,2865,22,0
7801,2680,23,0
7801,6137,24,1
7802,6137,1,0
7802,2687,2,0
7802,2688,3,0
7802,2689,4,0
7802,2942,5,0
7802,2943,6,0
7802,2944,7,0
7802,2957,8,0
7802,3029,9,0
7802,2732,10,0
7802,2733,11,0
7802,3251,12,0
7802,3051,13,0
7802,2734,14,0
7802,2735,15,0
7802,2736,16,0
7802,2737,17,0
7802,3031,18,0
7802,1346,19,0
7802,1336,20,0
7802,1337,21,0
7802,1338,22,0
7802,1339,23,0
7802,110,24,1
8001,6137,1,0
8001,702,2,0
8001,2274,3,0
8001,1082,4,0
8001,1083,5,0
8001,2161,6,0
8001,936,7,0
8001,2179,8,0
8001,937,9,0
8001,2182,10,0
8001,932,11,0
8001,939,12,0
8001,3316,13,0
8001,3317,14,0
8001,3319,15,0
8001,3320,16,0
8001,3322,17,0
8001,330,18,0
8001,300,19,0
8001,325,20,0
8001,332,21,0
8001,301,22,0
8001,324,23,0
8001,302,24,0
8001,303,25,0
8001,6124,26,0
8001,6125,27,0
8001,6126,28,0
8001,6127,29,0
8001,1278,30,0
8001,1279,31,0
8001,323,32,0
8001,307,33,0
8001,308,34,0
8001,106,35,1
8002,106,1,0
8002,305,2,0
8002,310,3,0
8002,311,4,0
8002,1282,5,0
8002,1283,6,0
8002,6128,7,0
8002,6129,8,0
8002,6130,9,0
8002,6131,10,0
8002,1306,11,0
8002,316,12,0
8002,317,13,0
8002,318,14,0
8002,326,15,0
8002,329,16,0
8002,2237,17,0
8002,1060,18,0
8002,1062,19,0
8002,1063,20,0
8002,1064,21,0
8002,2862,22,0
8002,1065,23,0
8002,3307,24,0
8002,2203,25,0
8002,933,26,0
8002,3119,27,0
8002,934,28,0
8002,935,29,0
8002,2172,30,0
8002,1102,31,0
8002,1103,32,0
8002,2278,33,0
8002,2273,34,0
8002,701,35,0
8002,6137,36,1
9201,106,1,0
9201,967,2,0
9201,968,3,0
9201,2159,4,0
9201,2284,5,0
9201,6048,6,0
9201,1168,7,0
9201,1169,8,0
9201,2314,9,0
9201,2315,10,0
9201,2316,11,0
9201,2312,12,0
9201,2318,13,0
9201,2319,14,0
9201,2320,15,0
9201,2321,16,0
9201,2322,17,0
9201,2323,18,0
9201,2324,19,0
9201,2325,20,0
9201,2327,21,0
9201,2329,22,0
9201,2331,23,0
9201,1171,24,0
9201,2333,25,0
9201,2334,26,0
9201,1173,27,0
9201,2336,28,0
9201,252,29,0
9201,6178,30,1
9202,6178,1,0
9202,252,2,0
9202,2345,3,0
9202,2346,4,0
9202,2347,5,0
9202,2348,6,0
9202,2350,7,0
9202,2351,8,0
9202,1176,9,0
9202,2353,10,0
9202,1178,11,0
9202,3372,12,0
9202,3373,13,0
9202,3374,14,0
9202,3375,15,0
9202,3376,16,0
9202,3377,17,0
9202,3378,18,0
9202,3379,19,0
9202,3383,20,0
9202,3381,21,0
9202,3380,22,0
9202,290,23,0
9202,3382,24,0
9202,6047,25,0
9202,3385,26,0
9202,2125,27,0
9202,963,28,0
9202,964,29,0
9202,106,30,1
10503,6002,1,0
10503,6004,2,0
10503,6006,3,0
10503,5001,4,0
10503,5003,5,0
10503,5007,6,0
10503,5009,7,0
10503,631,8,0
10503,632,9,0
10503,633,10,0
10503,110,11,0
10503,105,12,1
10504,105,1,0
10504,110,2,0
10504,6046,3,0
10504,579,4,0
10504,6053,5,0
10504,5001,6,0
10504,6002,7,1
13403,6002,1,0
13403,6004,2,0
13403,6006,3,0
13403,110,4,0
13403,105,5,1
13404,105,1,0
13404,110,2,0
13404,5001,3,0
13404,5004,4,0
13404,5007,5,0
13404,5009,6,1
15703,3171,1,0
15703,3172,2,0
15703,3181,3,0
15703,3179,4,0
15703,3176,5,0
15703,3178,6,0
15703,6007,7,0
15703,3175,8,0
15703,3173,9,0
15703,3170,10,0
15703,110,11,1
15704,110,1,0
15704,3195,2,0
15704,3171,3,0
15704,3172,4,0
15704,3181,5,0
15704,3179,6,1
16403,6001,1,0
16403,6003,2,0
16403,6005,3,0
16403,5002,4,0
16403,5005,5,0
16403,5006,6,0
16403,5008,7,0
16403,106,8,1
16404,106,1,0
16404,6001,2,0
16404,5002,3,1
17703,6001,1,0
17703,6003,2,0
17703,6005,3,0
17703,5008,4,0
17703,102,5,1
17704,102,1,0
17704,5002,2,0
17704,5005,3,0
17704,5006,4,0
17704,5008,5,0
17704,6001,6,1
19003,3185,1,0
19003,3186,2,0
19003,3187,3,0
19003,3188,4,0
19003,3193,5,0
19003,3192,6,0
19003,3194,7,0
19003,6016,8,0
19003,6017,9,0
19003,6018,10,0
19003,6019,11,0
19003,112,12,1
19004,112,1,0
19004,3185,2,0
19004,3186,3,0
19004,3187,4,0
19004,3188,5,0
19004,3193,6,1
19900,110,1,0
19900,5001,2,0
19900,5003,3,0
19900,5007,4,0
19900,5009,5,1
19901,6002,1,0
19901,6004,2,0
19901,6006,3,0
19901,110,4,1
