700,'SAT',750,,4159,28,4,,1,100,,4160,28,4,,1,102,,4148,28,4,,1,105,,4149,28,4,,1,143,,4150,28,4,,1,100,,4151,28,4,,1,101,,4152,28,4,,1,100,,4153,28,4,,1,99,,4154,28,4,,1,58,,4155,28,4,,1,99,,4156,28,4,,1,99,,4157,28,4,,1
700,'SUN',750,,4174,28,4,,1,100,,4175,28,4,,1,102,,4163,28,4,,1,105,,4164,28,4,,1,143,,4165,28,4,,1,100,,4166,28,4,,1,101,,4167,28,4,,1,100,,4168,28,4,,1,99,,4169,28,4,,1,58,,4170,28,4,,1,99,,4171,28,4,,1,99,,4172,28,4,,1
1200,'SAT',737,,4294,29,4,,1,100,,4295,29,4,,1,102,,4296,29,4,,1,100,,4297,29,4,,1,101,,4298,29,4,,1,100,,4299,29,4,,1,100,,4300,29,4,,1,100,,4301,29,4,,1,100,,4302,29,4,,1,100,,4303,29,4,,1,99,,4304,29,4,,1,100,,4305,29,4,,1,98,,4306,29,4,,1,100,,4307,29,4,,1
1200,'SUN',737,,4310,29,4,,1,100,,4311,29,4,,1,102,,4312,29,4,,1,100,,4313,29,4,,1,101,,4314,29,4,,1,100,,4315,29,4,,1,100,,4316,29,4,,1,100,,4317,29,4,,1,100,,4318,29,4,,1,100,,4319,29,4,,1,99,,4320,29,4,,1,100,,4321,29,4,,1,98,,4322,29,4,,1,100,,4323,29,4,,1
8000,'WKDY',632,,7349,36,4,,1,71,,7350,36,4,,1,31,,7351,36,4,,1,72,,7352,36,4,,1,30,,7353,36,4,,1,70,,7354,36,4,,1,29,,7355,36,4,,1,70,,7356,36,4,,1,30,,7357,36,4,,1,71,,7358,36,4,,1,30,,7359,36,4,,1,70,,7360,36,4,,1,30,,7361,36,4,,1,71,,7362,36,4,,1,30,,7363,36,4,,1,71,,7364,36,4,,1,30,,7365,36,4,,1,70,,7366,36,4,,1,34,,7367,36,4,,1,73,,7368,36,4,,1,27,,7369,36,4,,1,69,,7370,36,4,,1,29,,7371,36,4,,1,66,,7372,36,4,,1,29,,7373,36,4,,1,70,,7374,36,4,,1,28,,7375,36,4,,1,69,,7376,36,4,,1,30,,7377,36,4,,1,70,,7378,36,4,,1,28,,7379,36,4,,1
8000,'SAT',2031,,7407,36,4,,1,172,,7406,36,4,,1
8000,'SUN',2031,,7435,36,4,,1,169,,7434,36,4,,1
8001,'WKDY',520,,7436,1,,,1,30,,7467,1,,,1,70,,7437,1,,,1,30,,7438,1,,,1,70,,7439,1,,,1,30,,7440,1,,,1,70,,7441,1,,,1,30,,7442,1,,,1,70,,7443,1,,,1,30,,7444,1,,,1,70,,7445,1,,,1,30,,7446,1,,,1,70,,7447,1,,,1,30,,7448,1,,,1,70,,7449,1,,,1,30,,7450,1,,,1,70,,7451,1,,,1,30,,7452,1,,,1,70,,7453,1,,,1,30,,7454,1,,,1,70,,7455,1,,,1,30,,7456,1,,,1,70,,7457,1,,,1,27,,7458,1,,,1,70,,7459,1,,,1,30,,7460,1,,,1,70,,7461,1,,,1,33,,7462,1,,,1,70,,7463,1,,,1,30,,7464,1,,,1,70,,7465,1,,,1,30,,7466,1,,,1
8001,'SAT',620,,7480,1,,,1,100,,7468,1,,,1,30,,7469,1,,,1,70,,7470,1,,,1,30,,7481,1,,,1,70,,7471,1,,,1,30,,7482,1,,,1,70,,7472,1,,,1,30,,7483,1,,,1,70,,7473,1,,,1,30,,7484,1,,,1,70,,7474,1,,,1,30,,7485,1,,,1,70,,7475,1,,,1,30,,7486,1,,,1,70,,7476,1,,,1,30,,7487,1,,,1,70,,7477,1,,,1,30,,7488,1,,,1,70,,7478,1,,,1,30,,7489,1,,,1,70,,7479,1,,,1,30,,7490,1,,,1,70,,7491,1,,,1,30,,7492,1,,,1,70,,7493,1,,,1,30,,7494,1,,,1,100,,7495,1,,,1
8001,'SUN',620,,7509,1,,,1,100,,7496,1,,,1,30,,7497,1,,,1,70,,7498,1,,,1,30,,7510,1,,,1,70,,7499,1,,,1,30,,7511,1,,,1,70,,7500,1,,,1,30,,7512,1,,,1,70,,7501,1,,,1,30,,7513,1,,,1,70,,7502,1,,,1,30,,7514,1,,,1,70,,7503,1,,,1,30,,7515,1,,,1,70,,7504,1,,,1,30,,7516,1,,,1,70,,7505,1,,,1,30,,7517,1,,,1,70,,7506,1,,,1,30,,7518,1,,,1,70,,7507,1,,,1,30,,7519,1,,,1,70,,7508,1,,,1,30,,7520,1,,,1,70,,7522,1,,,1,30,,7521,1,,,1,100,,7523,1,,,1
