701,'WKDY',545,,4178,3,,,1,106,,4179,3,,,1,68,,4180,3,,,1,30,,4181,3,,,1,70,,4182,3,,,1,30,,4183,3,,,1,70,,4184,3,,,1,30,,4185,3,,,1,70,,4186,3,,,1,30,,4187,3,,,1,70,,4188,3,,,1,30,,4189,3,,,1,71,,4190,3,,,1,30,,4191,3,,,1,70,,4192,3,,,1,30,,4193,3,,,1,70,,4194,3,,,1,30,,4195,3,,,1,70,,4196,3,,,1,30,,4197,3,,,1,70,,4198,3,,,1,30,,4199,3,,,1,70,,4200,3,,,1,30,,4201,3,,,1,70,,4202,3,,,1,29,,4203,3,,,1,70,,4204,3,,,1,100,,4205,3,,,1,100,,4206,3,,,1
701,'SAT',649,,4218,3,,,1,100,,4219,3,,,1,100,,4207,3,,,1,100,,4208,3,,,1,100,,4209,3,,,1,100,,4210,3,,,1,100,,4211,3,,,1,100,,4212,3,,,1,100,,4213,3,,,1,100,,4214,3,,,1,100,,4215,3,,,1,100,,4216,3,,,1,100,,4217,3,,,1,100,,4220,3,,,1,100,,4221,3,,,1
701,'SUN',649,,4233,3,,,1,100,,4234,3,,,1,100,,4222,3,,,1,100,,4223,3,,,1,100,,4224,3,,,1,100,,4225,3,,,1,100,,4226,3,,,1,100,,4227,3,,,1,100,,4228,3,,,1,100,,4229,3,,,1,100,,4230,3,,,1,100,,4231,3,,,1,100,,4232,3,,,1,100,,4235,3,,,1,100,,4236,3,,,1
1201,'WKDY',526,,4326,3,,,1,30,,4327,3,,,1,70,,4328,3,,,1,30,,4329,3,,,1,70,,4330,3,,,1,30,,4331,3,,,1,70,,4332,3,,,1,30,,4333,3,,,1,70,,4334,3,,,1,30,,4335,3,,,1,70,,4336,3,,,1,30,,4337,3,,,1,70,,4338,3,,,1,30,,4339,3,,,1,70,,4340,3,,,1,30,,4341,3,,,1,70,,4342,3,,,1,30,,4343,3,,,1,70,,4344,3,,,1,30,,4345,3,,,1,70,,4346,3,,,1,30,,4347,3,,,1,70,,4348,3,,,1,30,,4349,3,,,1,70,,4350,3,,,1,30,,4351,3,,,1,70,,4352,3,,,1,30,,4353,3,,,1,70,,4354,3,,,1,30,,4355,3,,,1,70,,4356,3,,,1,30,,4357,3,,,1
1201,'SAT',618,,4358,3,,,1,100,,4359,3,,,1,100,,4360,3,,,1,100,,4361,3,,,1,100,,4362,3,,,1,100,,4363,3,,,1,100,,4364,3,,,1,100,,4365,3,,,1,100,,4366,3,,,1,100,,4367,3,,,1,100,,4368,3,,,1,100,,4369,3,,,1,100,,4370,3,,,1,100,,4371,3,,,1,100,,4372,3,,,1,100,,4373,3,,,1
1201,'SUN',618,,4374,3,,,1,100,,4375,3,,,1,100,,4376,3,,,1,100,,4377,3,,,1,100,,4378,3,,,1,100,,4379,3,,,1,100,,4380,3,,,1,100,,4381,3,,,1,100,,4382,3,,,1,100,,4383,3,,,1,100,,4384,3,,,1,100,,4385,3,,,1,100,,4386,3,,,1,100,,4387,3,,,1,100,,4388,3,,,1,100,,4389,3,,,1
7401,'WKDY',447,,7179,3,,,1,100,,7180,3,,,1,70,,7208,3,,,1,30,,7181,3,,,1,70,,7209,3,,,1,30,,7182,3,,,1,70,,7183,3,,,1,30,,7184,3,,,1,70,,7185,3,,,1,30,,7186,3,,,1,70,,7187,3,,,1,30,,7188,3,,,1,71,,7189,3,,,1,30,,7190,3,,,1,70,,7191,3,,,1,30,,7192,3,,,1,70,,7193,3,,,1,30,,7194,3,,,1,70,,7195,3,,,1,30,,7196,3,,,1,70,,7197,3,,,1,30,,7198,3,,,1,70,,7199,3,,,1,30,,7200,3,,,1,70,,7201,3,,,1,30,,7202,3,,,1,70,,7203,3,,,1,30,,7204,3,,,1,69,,7205,3,,,1,30,,7206,3,,,1,70,,7210,3,,,1,30,,7211,3,,,1,70,,7207,3,,,1
7401,'SAT',723,,7212,3,,,1,100,,7213,3,,,1,100,,7214,3,,,1,100,,7215,3,,,1,101,,7216,3,,,1,100,,7217,3,,,1,100,,7218,3,,,1,100,,7219,3,,,1,100,,7220,3,,,1,100,,7221,3,,,1,100,,7222,3,,,1,100,,7223,3,,,1,99,,7224,3,,,1,100,,7225,3,,,1
7401,'SUN',723,,7226,3,,,1,100,,7227,3,,,1,100,,7228,3,,,1,100,,7229,3,,,1,101,,7230,3,,,1,100,,7231,3,,,1,100,,7232,3,,,1,100,,7233,3,,,1,100,,7234,3,,,1,100,,7235,3,,,1,100,,7236,3,,,1,100,,7237,3,,,1,99,,7238,3,,,1,100,,7239,3,,,1
8001,'WKDY',523,,7436,3,,,1,30,,7467,3,,,1,70,,7437,3,,,1,30,,7438,3,,,1,71,,7439,3,,,1,30,,7440,3,,,1,70,,7441,3,,,1,30,,7442,3,,,1,70,,7443,3,,,1,30,,7444,3,,,1,70,,7445,3,,,1,30,,7446,3,,,1,70,,7447,3,,,1,30,,7448,3,,,1,70,,7449,3,,,1,30,,7450,3,,,1,70,,7451,3,,,1,30,,7452,3,,,1,70,,7453,3,,,1,30,,7454,3,,,1,70,,7455,3,,,1,30,,7456,3,,,1,70,,7457,3,,,1,27,,7458,3,,,1,70,,7459,3,,,1,30,,7460,3,,,1,70,,7461,3,,,1,32,,7462,3,,,1,70,,7463,3,,,1,30,,7464,3,,,1,70,,7465,3,,,1,30,,7466,3,,,1
8001,'SAT',623,,7480,3,,,1,100,,7468,3,,,1,30,,7469,3,,,1,70,,7470,3,,,1,30,,7481,3,,,1,70,,7471,3,,,1,30,,7482,3,,,1,71,,7472,3,,,1,30,,7483,3,,,1,70,,7473,3,,,1,30,,7484,3,,,1,70,,7474,3,,,1,30,,7485,3,,,1,70,,7475,3,,,1,30,,7486,3,,,1,70,,7476,3,,,1,30,,7487,3,,,1,70,,7477,3,,,1,30,,7488,3,,,1,70,,7478,3,,,1,30,,7489,3,,,1,70,,7479,3,,,1,30,,7490,3,,,1,70,,7491,3,,,1,29,,7492,3,,,1,70,,7493,3,,,1,30,,7494,3,,,1,100,,7495,3,,,1
8001,'SUN',623,,7509,3,,,1,100,,7496,3,,,1,30,,7497,3,,,1,70,,7498,3,,,1,30,,7510,3,,,1,70,,7499,3,,,1,30,,7511,3,,,1,71,,7500,3,,,1,30,,7512,3,,,1,70,,7501,3,,,1,30,,7513,3,,,1,70,,7502,3,,,1,30,,7514,3,,,1,70,,7503,3,,,1,30,,7515,3,,,1,70,,7504,3,,,1,30,,7516,3,,,1,70,,7505,3,,,1,30,,7517,3,,,1,70,,7506,3,,,1,30,,7518,3,,,1,70,,7507,3,,,1,30,,7519,3,,,1,70,,7508,3,,,1,29,,7520,3,,,1,70,,7522,3,,,1,30,,7521,3,,,1,100,,7523,3,,,1
