'1-WKDY',701,64900,4,'',1,5900,4,'',1,12400,4,'',1,49900,4,'',1,17600,4,'',1,20300,4,'',1,12400,4,'',1
'5-CCFWK',701,64900,4,'',1,5900,4,'',1,12400,4,'',1,49900,4,'',1,17600,4,'',1,20300,4,'',1,12400,4,'',1
'6-CCFFF',701,64900,4,'',1,5900,4,'',1,12400,4,'',1,49900,4,'',1,17600,4,'',1,20300,4,'',1,12400,4,'',1
'1-WKDY',7200,50000,,'',1,4900,,'',1,7000,,'',1,3000,,'',1,7000,,'',1,3000,,'',1,7000,,'',1,3000,,'',1,10000,,'',1,10000,,'',1,10000,,'',1,10000,,'',1,10000,,'',1,10000,,'',1,7000,,'',1,3000,,'',1,7000,,'',1,3000,,'',1,7000,,'',1,3000,,'',1,7000,,'',1,3000,,'',1,10000,,'',1,15100,,'',1
'1-WKDY',7201,54100,4,'',1,19300,4,'',1,7400,4,'',1,9800,4,'',1,3000,4,'',1,10000,4,'',1,10200,4,'',1,10000,4,'',1,20100,4,'',1,10300,4,'',1,7200,4,'',1,3000,4,'',1,16500,4,'',1,12400,4,'',1,9900,4,'',1
'2-SAT',7200,71900,,'',1,10000,,'',1,10000,,'',1,10000,,'',1,10000,,'',1,10000,,'',1,10000,,'',1,10000,,'',1,10000,,'',1,10000,,'',1,10000,,'',1,10000,,'',1,10000,,'',1
'2-SAT',7201,90300,4,'',1,70500,4,'',1,19900,4,'',1,19700,4,'',1
'3-SUN',7200,71900,,'',1,10000,,'',1,10000,,'',1,10000,,'',1,10000,,'',1,10000,,'',1,10000,,'',1,10000,,'',1,10000,,'',1,10000,,'',1,10000,,'',1,10000,,'',1,10000,,'',1
'3-SUN',7201,90300,4,'',1,70500,4,'',1,19900,4,'',1,19700,4,'',1
'5-CCFWK',7200,50000,,'',1,4900,,'',1,7000,,'',1,3000,,'',1,7000,,'',1,3000,,'',1,7000,,'',1,3000,,'',1,10000,,'',1,10000,,'',1,10000,,'',1,10000,,'',1,10000,,'',1,10000,,'',1,7000,,'',1,3000,,'',1,7000,,'',1,3000,,'',1,7000,,'',1,3000,,'',1,7000,,'',1,3000,,'',1,10000,,'',1,15100,,'',1
'5-CCFWK',7201,54100,4,'',1,19300,4,'',1,7400,4,'',1,9800,4,'',1,3000,4,'',1,10000,4,'',1,10200,4,'',1,10000,4,'',1,20100,4,'',1,10300,4,'',1,7200,4,'',1,3000,4,'',1,16500,4,'',1,12400,4,'',1,9900,4,'',1
'6-CCFFF',7200,50000,,'',1,4900,,'',1,7000,,'',1,3000,,'',1,7000,,'',1,3000,,'',1,7000,,'',1,3000,,'',1,10000,,'',1,10000,,'',1,10000,,'',1,10000,,'',1,10000,,'',1,10000,,'',1,7000,,'',1,3000,,'',1,7000,,'',1,3000,,'',1,7000,,'',1,3000,,'',1,7000,,'',1,3000,,'',1,10000,,'',1,15100,,'',1
'6-CCFFF',7201,54100,4,'',1,19300,4,'',1,7400,4,'',1,9800,4,'',1,3000,4,'',1,10000,4,'',1,10200,4,'',1,10000,4,'',1,20100,4,'',1,10300,4,'',1,7200,4,'',1,3000,4,'',1,16500,4,'',1,12400,4,'',1,9900,4,'',1
'7-CCFSAT',7200,71900,,'',1,10000,,'',1,10000,,'',1,10000,,'',1,10000,,'',1,10000,,'',1,10000,,'',1,10000,,'',1,10000,,'',1,10000,,'',1,10000,,'',1,10000,,'',1,10000,,'',1
'7-CCFSAT',7201,90300,4,'',1,70500,4,'',1,19900,4,'',1,19700,4,'',1
'8-CCFSUN',7200,71900,,'',1,10000,,'',1,10000,,'',1,10000,,'',1,10000,,'',1,10000,,'',1,10000,,'',1,10000,,'',1,10000,,'',1,10000,,'',1,10000,,'',1,10000,,'',1,10000,,'',1
'8-CCFSUN',7201,90300,4,'',1,70500,4,'',1,19900,4,'',1,19700,4,'',1
'2-SAT',7800,80400,4,'',1
'3-SUN',7800,80400,4,'',1
'7-CCFSAT',7800,80400,4,'',1
'8-CCFSUN',7800,80400,4,'',1
'2-SAT',8001,100200,4,'',1,10000,4,'',1,10200,4,'',1,10100,4,'',1,10000,4,'',1,10000,4,'',1,20000,4,'',1,19800,4,'',1
'3-SUN',8001,100200,4,'',1,10000,4,'',1,10200,4,'',1,10100,4,'',1,10000,4,'',1,10000,4,'',1,20000,4,'',1,19800,4,'',1
'7-CCFSAT',8001,100200,4,'',1,10000,4,'',1,10200,4,'',1,10100,4,'',1,10000,4,'',1,10000,4,'',1,20000,4,'',1,19800,4,'',1
'8-CCFSUN',8001,100200,4,'',1,10000,4,'',1,10200,4,'',1,10100,4,'',1,10000,4,'',1,10000,4,'',1,20000,4,'',1,19800,4,'',1
