700,'WKDY',642,,4118,26,,,1,62,,4147,26,,,1,55,,4119,26,,,1,71,,4120,26,,,1,27,,4121,26,,,1,69,,4122,26,,,1,31,,4123,26,,,1,68,,4124,26,,,1,30,,4125,26,,,1,70,,4126,26,,,1,30,,4127,26,,,1,70,,4128,26,,,1,32,,4129,26,,,1,71,,4130,26,,,1,73,,4131,26,,,1,31,,4132,26,,,1,70,,4133,26,,,1,31,,4134,26,,,1,71,,4135,26,,,1,30,,4136,26,,,1,70,,4137,26,,,1,27,,4138,26,,,1,70,,4139,26,,,1,29,,4140,26,,,1,27,,4141,26,,,1,68,,4142,26,,,1,29,,4143,26,,,1,67,,4144,26,,,1,100,,4145,26,,,1,100,,4146,26,,,1
700,'SAT',746,,4159,26,,,1,100,,4160,26,,,1,102,,4148,26,,,1,105,,4149,26,,,1,103,,4150,26,,,1,100,,4151,26,,,1,101,,4152,26,,,1,100,,4153,26,,,1,99,,4154,26,,,1,98,,4155,26,,,1,99,,4156,26,,,1,99,,4157,26,,,1,97,,4158,26,,,1,100,,4161,26,,,1,100,,4162,26,,,1
700,'SUN',746,,4174,26,,,1,100,,4175,26,,,1,102,,4163,26,,,1,105,,4164,26,,,1,103,,4165,26,,,1,100,,4166,26,,,1,101,,4167,26,,,1,100,,4168,26,,,1,99,,4169,26,,,1,98,,4170,26,,,1,99,,4171,26,,,1,99,,4172,26,,,1,97,,4173,26,,,1,100,,4176,26,,,1,100,,4177,26,,,1
1200,'WKDY',643,,4262,27,,,1,70,,4263,27,,,1,30,,4264,27,,,1,71,,4265,27,,,1,30,,4266,27,,,1,70,,4267,27,,,1,30,,4268,27,,,1,70,,4269,27,,,1,30,,4270,27,,,1,70,,4271,27,,,1,30,,4272,27,,,1,70,,4273,27,,,1,30,,4274,27,,,1,70,,4275,27,,,1,30,,4276,27,,,1,70,,4277,27,,,1,30,,4278,27,,,1,70,,4279,27,,,1,33,,4280,27,,,1,70,,4281,27,,,1,30,,4282,27,,,1,70,,4283,27,,,1,30,,4284,27,,,1,70,,4285,27,,,1,26,,4286,27,,,1,70,,4287,27,,,1,30,,4288,27,,,1,69,,4289,27,,,1,30,,4290,27,,,1,68,,4291,27,,,1,30,,4292,27,,,1,70,,4293,27,,,1
1200,'SAT',733,,4294,27,,,1,100,,4295,27,,,1,101,,4296,27,,,1,100,,4297,27,,,1,101,,4298,27,,,1,100,,4299,27,,,1,100,,4300,27,,,1,100,,4301,27,,,1,100,,4302,27,,,1,100,,4303,27,,,1,99,,4304,27,,,1,100,,4305,27,,,1,99,,4306,27,,,1,100,,4307,27,,,1,100,,4308,27,,,1,100,,4309,27,,,1
1200,'SUN',733,,4310,27,,,1,100,,4311,27,,,1,101,,4312,27,,,1,100,,4313,27,,,1,101,,4314,27,,,1,100,,4315,27,,,1,100,,4316,27,,,1,100,,4317,27,,,1,100,,4318,27,,,1,100,,4319,27,,,1,99,,4320,27,,,1,100,,4321,27,,,1,99,,4322,27,,,1,100,,4323,27,,,1,100,,4324,27,,,1,100,,4325,27,,,1
7200,'WKDY',537,,7007,28,,,1,93,,7008,28,,,1,70,,7009,28,,,1,30,,7010,28,,,1,74,,7011,28,,,1,29,,7012,28,,,1,69,,7013,28,,,1,30,,7014,28,,,1,70,,7031,28,,,1,30,,7015,28,,,1,71,,7032,28,,,1,30,,7016,28,,,1,70,,7033,28,,,1,30,,7017,28,,,1,71,,7034,28,,,1,29,,7018,28,,,1,71,,7035,28,,,1,31,,7019,28,,,1,72,,7036,28,,,1,30,,7020,28,,,1,73,,7021,28,,,1,29,,7022,28,,,1,66,,7023,28,,,1,30,,7024,28,,,1,70,,7025,28,,,1,25,,7026,28,,,1,70,,7027,28,,,1,30,,7028,28,,,1,99,,7029,28,,,1,110,,7030,28,,,1
7200,'SAT',758,,7037,28,,,1,142,,7038,28,,,1,101,,7039,28,,,1,100,,7040,28,,,1,102,,7041,28,,,1,100,,7042,28,,,1,102,,7043,28,,,1,99,,7044,28,,,1,100,,7045,28,,,1,100,,7046,28,,,1,98,,7047,28,,,1,100,,7048,28,,,1,99,,7049,28,,,1
7200,'SUN',758,,7050,28,,,1,142,,7051,28,,,1,101,,7052,28,,,1,100,,7053,28,,,1,102,,7054,28,,,1,101,,7055,28,,,1,101,,7056,28,,,1,99,,7057,28,,,1,100,,7058,28,,,1,100,,7059,28,,,1,98,,7060,28,,,1,100,,7061,28,,,1,99,,7062,28,,,1
7400,'WKDY',535,,7119,25,,,1,100,,7120,25,,,1,70,,7148,25,,,1,30,,7121,25,,,1,71,,7149,25,,,1,29,,7122,25,,,1,69,,7123,25,,,1,30,,7124,25,,,1,70,,7125,25,,,1,30,,7126,25,,,1,70,,7127,25,,,1,31,,7128,25,,,1,71,,7129,25,,,1,30,,7130,25,,,1,71,,7131,25,,,1,30,,7132,25,,,1,70,,7133,25,,,1,30,,7134,25,,,1,69,,7135,25,,,1,30,,7136,25,,,1,70,,7137,25,,,1,30,,7138,25,,,1,70,,7139,25,,,1,30,,7140,25,,,1,70,,7141,25,,,1,30,,7142,25,,,1,70,,7143,25,,,1,28,,7144,25,,,1,71,,7146,25,,,1,30,,7150,25,,,1,70,,7145,25,,,1,99,,7147,25,,,1
7400,'SAT',814,,7151,25,,,1,100,,7152,25,,,1,99,,7153,25,,,1,100,,7154,25,,,1,100,,7155,25,,,1,100,,7156,25,,,1,100,,7157,25,,,1,100,,7158,25,,,1,100,,7159,25,,,1,100,,7160,25,,,1,100,,7161,25,,,1,100,,7162,25,,,1,100,,7163,25,,,1,101,,7164,25,,,1
7400,'SUN',814,,7165,25,,,1,100,,7166,25,,,1,99,,7167,25,,,1,100,,7168,25,,,1,100,,7169,25,,,1,100,,7170,25,,,1,100,,7171,25,,,1,100,,7172,25,,,1,100,,7173,25,,,1,100,,7174,25,,,1,100,,7175,25,,,1,100,,7176,25,,,1,100,,7177,25,,,1,101,,7178,25,,,1
8000,'WKDY',627,,7349,34,,,1,30,,7350,34,,,1,71,,7351,34,,,1,72,,7352,34,,,1,30,,7353,34,,,1,70,,7354,34,,,1,29,,7355,34,,,1,30,,7356,34,,,1,70,,7357,34,,,1,71,,7358,34,,,1,30,,7359,34,,,1,70,,7360,34,,,1,30,,7361,34,,,1,70,,7362,34,,,1,30,,7363,34,,,1,71,,7364,34,,,1,30,,7365,34,,,1,70,,7366,34,,,1,34,,7367,34,,,1,73,,7368,34,,,1,27,,7369,34,,,1,69,,7370,34,,,1,29,,7371,34,,,1,67,,7372,34,,,1,29,,7373,34,,,1,30,,7374,34,,,1,68,,7375,34,,,1,29,,7376,34,,,1,70,,7377,34,,,1,30,,7378,34,,,1,69,,7379,34,,,1
8000,'SAT',725,,7393,34,,,1,101,,7380,34,,,1,29,,7381,34,,,1,71,,7382,34,,,1,29,,7394,34,,,1,71,,7383,34,,,1,31,,7395,34,,,1,70,,7384,34,,,1,30,,7396,34,,,1,70,,7385,34,,,1,31,,7397,34,,,1,70,,7386,34,,,1,30,,7398,34,,,1,70,,7387,34,,,1,30,,7399,34,,,1,70,,7388,34,,,1,30,,7400,34,,,1,70,,7389,34,,,1,30,,7401,34,,,1,70,,7390,34,,,1,29,,7402,34,,,1,70,,7391,34,,,1,30,,7403,34,,,1,70,,7392,34,,,1,30,,7404,34,,,1,69,,7407,34,,,1,31,,7405,34,,,1,100,,7406,34,,,1
8000,'SUN',725,,7421,34,,,1,101,,7408,34,,,1,29,,7409,34,,,1,71,,7410,34,,,1,29,,7422,34,,,1,71,,7411,34,,,1,31,,7423,34,,,1,70,,7412,34,,,1,30,,7424,34,,,1,70,,7413,34,,,1,31,,7425,34,,,1,70,,7414,34,,,1,30,,7426,34,,,1,70,,7415,34,,,1,30,,7427,34,,,1,70,,7416,34,,,1,30,,7428,34,,,1,70,,7417,34,,,1,30,,7429,34,,,1,70,,7418,34,,,1,29,,7430,34,,,1,70,,7419,34,,,1,30,,7431,34,,,1,70,,7420,34,,,1,30,,7432,34,,,1,69,,7435,34,,,1,31,,7433,34,,,1,98,,7434,34,,,1
