701,'WKDY',546,,4178,4,,,1,106,,4179,4,,,1,68,,4180,4,,,1,30,,4181,4,,,1,70,,4182,4,,,1,30,,4183,4,,,1,70,,4184,4,,,1,30,,4185,4,,,1,70,,4186,4,,,1,30,,4187,4,,,1,70,,4188,4,,,1,30,,4189,4,,,1,71,,4190,4,,,1,30,,4191,4,,,1,70,,4192,4,,,1,30,,4193,4,,,1,70,,4194,4,,,1,30,,4195,4,,,1,70,,4196,4,,,1,30,,4197,4,,,1,70,,4198,4,,,1,30,,4199,4,,,1,70,,4200,4,,,1,30,,4201,4,,,1,70,,4202,4,,,1,29,,4203,4,,,1,70,,4204,4,,,1,100,,4205,4,,,1,100,,4206,4,,,1
701,'SAT',649,,4218,4,,,1,100,,4219,4,,,1,100,,4207,4,,,1,101,,4208,4,,,1,100,,4209,4,,,1,100,,4210,4,,,1,100,,4211,4,,,1,100,,4212,4,,,1,100,,4213,4,,,1,100,,4214,4,,,1,100,,4215,4,,,1,100,,4216,4,,,1,100,,4217,4,,,1,100,,4220,4,,,1,100,,4221,4,,,1
701,'SUN',649,,4233,4,,,1,100,,4234,4,,,1,100,,4222,4,,,1,101,,4223,4,,,1,100,,4224,4,,,1,100,,4225,4,,,1,100,,4226,4,,,1,100,,4227,4,,,1,100,,4228,4,,,1,100,,4229,4,,,1,100,,4230,4,,,1,100,,4231,4,,,1,100,,4232,4,,,1,100,,4235,4,,,1,100,,4236,4,,,1
1201,'WKDY',527,,4326,4,,,1,30,,4327,4,,,1,70,,4328,4,,,1,30,,4329,4,,,1,70,,4330,4,,,1,30,,4331,4,,,1,70,,4332,4,,,1,30,,4333,4,,,1,70,,4334,4,,,1,30,,4335,4,,,1,70,,4336,4,,,1,30,,4337,4,,,1,70,,4338,4,,,1,30,,4339,4,,,1,70,,4340,4,,,1,30,,4341,4,,,1,70,,4342,4,,,1,30,,4343,4,,,1,70,,4344,4,,,1,30,,4345,4,,,1,70,,4346,4,,,1,30,,4347,4,,,1,70,,4348,4,,,1,30,,4349,4,,,1,70,,4350,4,,,1,30,,4351,4,,,1,70,,4352,4,,,1,30,,4353,4,,,1,70,,4354,4,,,1,30,,4355,4,,,1,69,,4356,4,,,1,30,,4357,4,,,1
1201,'SAT',619,,4358,4,,,1,100,,4359,4,,,1,100,,4360,4,,,1,100,,4361,4,,,1,100,,4362,4,,,1,100,,4363,4,,,1,100,,4364,4,,,1,100,,4365,4,,,1,100,,4366,4,,,1,100,,4367,4,,,1,100,,4368,4,,,1,100,,4369,4,,,1,100,,4370,4,,,1,100,,4371,4,,,1,100,,4372,4,,,1,100,,4373,4,,,1
1201,'SUN',619,,4374,4,,,1,100,,4375,4,,,1,100,,4376,4,,,1,100,,4377,4,,,1,100,,4378,4,,,1,100,,4379,4,,,1,100,,4380,4,,,1,100,,4381,4,,,1,100,,4382,4,,,1,100,,4383,4,,,1,100,,4384,4,,,1,100,,4385,4,,,1,100,,4386,4,,,1,100,,4387,4,,,1,100,,4388,4,,,1,100,,4389,4,,,1
7401,'WKDY',447,,7179,4,,,1,100,,7180,4,,,1,71,,7208,4,,,1,30,,7181,4,,,1,70,,7209,4,,,1,30,,7182,4,,,1,70,,7183,4,,,1,30,,7184,4,,,1,70,,7185,4,,,1,30,,7186,4,,,1,70,,7187,4,,,1,30,,7188,4,,,1,71,,7189,4,,,1,30,,7190,4,,,1,70,,7191,4,,,1,30,,7192,4,,,1,70,,7193,4,,,1,30,,7194,4,,,1,70,,7195,4,,,1,30,,7196,4,,,1,70,,7197,4,,,1,30,,7198,4,,,1,70,,7199,4,,,1,30,,7200,4,,,1,70,,7201,4,,,1,30,,7202,4,,,1,70,,7203,4,,,1,30,,7204,4,,,1,69,,7205,4,,,1,30,,7206,4,,,1,70,,7210,4,,,1,30,,7211,4,,,1,70,,7207,4,,,1
7401,'SAT',723,,7212,4,,,1,101,,7213,4,,,1,100,,7214,4,,,1,100,,7215,4,,,1,101,,7216,4,,,1,100,,7217,4,,,1,100,,7218,4,,,1,100,,7219,4,,,1,100,,7220,4,,,1,100,,7221,4,,,1,100,,7222,4,,,1,100,,7223,4,,,1,99,,7224,4,,,1,100,,7225,4,,,1
7401,'SUN',723,,7226,4,,,1,101,,7227,4,,,1,100,,7228,4,,,1,100,,7229,4,,,1,101,,7230,4,,,1,100,,7231,4,,,1,100,,7232,4,,,1,100,,7233,4,,,1,100,,7234,4,,,1,100,,7235,4,,,1,100,,7236,4,,,1,100,,7237,4,,,1,99,,7238,4,,,1,100,,7239,4,,,1
8001,'WKDY',524,,7436,4,,,1,30,,7467,4,,,1,70,,7437,4,,,1,30,,7438,4,,,1,70,,7439,4,,,1,30,,7440,4,,,1,70,,7441,4,,,1,30,,7442,4,,,1,70,,7443,4,,,1,30,,7444,4,,,1,70,,7445,4,,,1,30,,7446,4,,,1,70,,7447,4,,,1,30,,7448,4,,,1,70,,7449,4,,,1,30,,7450,4,,,1,70,,7451,4,,,1,30,,7452,4,,,1,70,,7453,4,,,1,30,,7454,4,,,1,70,,7455,4,,,1,31,,7456,4,,,1,70,,7457,4,,,1,26,,7458,4,,,1,70,,7459,4,,,1,30,,7460,4,,,1,70,,7461,4,,,1,33,,7462,4,,,1,70,,7463,4,,,1,30,,7464,4,,,1,70,,7465,4,,,1,30,,7466,4,,,1
8001,'SAT',624,,7480,4,,,1,100,,7468,4,,,1,30,,7469,4,,,1,70,,7470,4,,,1,30,,7481,4,,,1,70,,7471,4,,,1,30,,7482,4,,,1,70,,7472,4,,,1,30,,7483,4,,,1,70,,7473,4,,,1,30,,7484,4,,,1,70,,7474,4,,,1,30,,7485,4,,,1,70,,7475,4,,,1,30,,7486,4,,,1,70,,7476,4,,,1,30,,7487,4,,,1,70,,7477,4,,,1,30,,7488,4,,,1,70,,7478,4,,,1,30,,7489,4,,,1,70,,7479,4,,,1,30,,7490,4,,,1,70,,7491,4,,,1,30,,7492,4,,,1,70,,7493,4,,,1,30,,7494,4,,,1,100,,7495,4,,,1
8001,'SUN',624,,7509,4,,,1,100,,7496,4,,,1,30,,7497,4,,,1,70,,7498,4,,,1,30,,7510,4,,,1,70,,7499,4,,,1,30,,7511,4,,,1,70,,7500,4,,,1,30,,7512,4,,,1,70,,7501,4,,,1,30,,7513,4,,,1,70,,7502,4,,,1,30,,7514,4,,,1,70,,7503,4,,,1,30,,7515,4,,,1,70,,7504,4,,,1,30,,7516,4,,,1,70,,7505,4,,,1,30,,7517,4,,,1,70,,7506,4,,,1,30,,7518,4,,,1,70,,7507,4,,,1,30,,7519,4,,,1,70,,7508,4,,,1,30,,7520,4,,,1,70,,7522,4,,,1,30,,7521,4,,,1,100,,7523,4,,,1
