'1-WKDYmerged701408',3400,195300,4,'',1,17000,4,'',1,3200,4,'',1,7000,4,'',1,3000,4,'',1,7000,4,'',1,3000,4,'',1
'1-WKDYmerged701408',3401,52900,,'',1,8500,,'',1,3000,,'',1,7000,,'',1,3000,,'',1,7100,,'',1,3100,,'',1,7000,,'',1,3000,,'',1,7000,,'',1,3000,,'',1,7000,,'',1,3000,,'',1,7000,,'',1,3000,,'',1,7100,,'',1,3100,,'',1,7000,,'',1,3200,,'',1,7000,,'',1,3100,,'',1,7000,,'',1,3000,,'',1,6900,,'',1,2900,,'',1,7000,,'',1,3000,,'',1,6800,,'',1,3000,,'',1,6600,,'',1,3000,,'',1,7000,,'',1,3000,,'',1,7000,,'',1,3000,,'',1,7000,,'',1,3000,,'',1
'2-SATmerged701407',3400,73400,4,'',1,10000,4,'',1,10100,4,'',1,10000,4,'',1,10000,4,'',1,10000,4,'',1,10000,4,'',1,10000,4,'',1,10000,4,'',1,10000,4,'',1,10000,4,'',1,10000,4,'',1,10000,4,'',1,10000,4,'',1,10000,4,'',1,7100,4,'',1,3000,4,'',1,6800,4,'',1,3000,4,'',1,7000,4,'',1
'2-SATmerged701407',3401,70500,,'',1,3000,,'',1,7000,,'',1,3000,,'',1,7000,,'',1,3000,,'',1,7000,,'',1,3000,,'',1,7000,,'',1,3000,,'',1,7000,,'',1,3000,,'',1,7000,,'',1,3000,,'',1,7000,,'',1,3000,,'',1,7000,,'',1,3000,,'',1,7000,,'',1,3000,,'',1,7000,,'',1,3000,,'',1,7000,,'',1,3000,,'',1,7000,,'',1,3000,,'',1,7000,,'',1,3000,,'',1,7000,,'',1,3000,,'',1,7000,,'',1,3000,,'',1,7000,,'',1,3000,,'',1
'3-SUNmerged701406',3400,73400,4,'',1,10100,4,'',1,10000,4,'',1,10000,4,'',1,10000,4,'',1,10000,4,'',1,10000,4,'',1,10000,4,'',1,10000,4,'',1,10000,4,'',1,10000,4,'',1,10000,4,'',1,10000,4,'',1,10000,4,'',1,10000,4,'',1,7100,4,'',1,2800,4,'',1,7000,4,'',1,3000,4,'',1,7000,4,'',1
'3-SUNmerged701406',3401,70500,,'',1,3000,,'',1,7000,,'',1,3000,,'',1,7000,,'',1,3000,,'',1,7000,,'',1,3000,,'',1,7000,,'',1,3000,,'',1,7000,,'',1,3000,,'',1,7000,,'',1,3000,,'',1,7000,,'',1,3000,,'',1,7000,,'',1,3000,,'',1,7000,,'',1,3000,,'',1,7000,,'',1,3000,,'',1,7000,,'',1,3000,,'',1,7000,,'',1,3000,,'',1,7000,,'',1,3000,,'',1,7000,,'',1,3000,,'',1,7000,,'',1,3000,,'',1,7000,,'',1,3000,,'',1
'4-NYE',3400,195300,4,'',1,17000,4,'',1,3200,4,'',1,7000,4,'',1,3000,4,'',1,7000,4,'',1,3000,4,'',1,7200,4,'',1,3100,4,'',1,6800,4,'',1,3000,4,'',1,6900,4,'',1
'4-NYE',3401,52900,,'',1,8500,,'',1,3000,,'',1,7000,,'',1,3000,,'',1,7100,,'',1,3100,,'',1,7000,,'',1,3000,,'',1,7000,,'',1,3000,,'',1,7000,,'',1,3000,,'',1,7000,,'',1,3000,,'',1,7100,,'',1,3100,,'',1,7000,,'',1,3200,,'',1,7000,,'',1,3100,,'',1,7000,,'',1,3000,,'',1,6900,,'',1,2900,,'',1,7000,,'',1,3000,,'',1,6800,,'',1,3000,,'',1,6600,,'',1,3000,,'',1,7000,,'',1,3000,,'',1,7000,,'',1,3000,,'',1,7000,,'',1,3000,,'',1,7000,,'',1,1500,,'',1,3100,,'',1,6800,,'',1,3000,,'',1
'1-WKDYmerged701408',9200,61200,4,'',1,3000,4,'',1,7000,4,'',1,3000,4,'',1,7100,4,'',1,3100,4,'',1,7000,4,'',1,3000,4,'',1,7000,4,'',1,3000,4,'',1,7000,4,'',1,3000,4,'',1,7000,4,'',1,3000,4,'',1,7100,4,'',1,3100,4,'',1,7000,4,'',1,3200,4,'',1,7000,4,'',1,3100,4,'',1,7000,4,'',1,3000,4,'',1,6900,4,'',1,2900,4,'',1,7000,4,'',1,3000,4,'',1,6800,4,'',1,3000,4,'',1,6600,4,'',1,10000,4,'',1
'2-SATmerged701407',9200,80000,4,'',1,10000,4,'',1,10000,4,'',1,10100,4,'',1,10200,4,'',1,10000,4,'',1,10000,4,'',1,9900,4,'',1,10000,4,'',1,10000,4,'',1,9900,4,'',1,5800,4,'',1,10000,4,'',1,10000,4,'',1,10000,4,'',1
'3-SUNmerged701406',9200,80000,4,'',1,10000,4,'',1,10000,4,'',1,10100,4,'',1,10200,4,'',1,10000,4,'',1,10000,4,'',1,9900,4,'',1,10000,4,'',1,10000,4,'',1,9900,4,'',1,5800,4,'',1,10000,4,'',1,10000,4,'',1,10000,4,'',1
'4-NYE',9200,61200,4,'',1,3000,4,'',1,7000,4,'',1,3000,4,'',1,7100,4,'',1,3100,4,'',1,7000,4,'',1,3000,4,'',1,7000,4,'',1,3000,4,'',1,7000,4,'',1,3000,4,'',1,7000,4,'',1,3000,4,'',1,7100,4,'',1,3100,4,'',1,7000,4,'',1,3200,4,'',1,7000,4,'',1,3100,4,'',1,7000,4,'',1,3000,4,'',1,6900,4,'',1,2900,4,'',1,7000,4,'',1,3000,4,'',1,6800,4,'',1,3000,4,'',1,6600,4,'',1,10000,4,'',1
