3001,'SAT',718,,4703,51,4,,1,100,,4704,51,4,,1,34,,4705,51,4,,1,72,,4706,51,4,,1,31,,4707,51,4,,1,72,,4708,51,4,,1,31,,4709,51,4,,1,71,,4710,51,4,,1,71,,4711,51,4,,1,32,,4712,51,4,,1,70,,4713,51,4,,1,31,,4714,51,4,,1,70,,4715,51,4,,1,30,,4716,51,4,,1,69,,4717,51,4,,1,30,,4718,51,4,,1,70,,4719,51,4,,1,30,,4720,51,4,,1,70,,4721,51,4,,1,57,,4723,51,4,,1,68,,4724,51,4,,1,99,,4725,51,4,,1
6500,'WKDY',512,,6457,2,4,,1,27,,6458,2,4,,1,65,,6459,2,4,,1,18,,6460,2,4,,1,15,,6461,2,4,,1,15,,6462,2,4,,1,55,,6463,2,4,,1,15,,6464,2,4,,1,15,,6465,2,4,,1,16,,6466,2,4,,1,56,,6467,2,4,,1,15,,6468,2,4,,1,15,,6507,2,4,,1,15,,6469,2,4,,1,55,,6508,2,4,,1,15,,6470,2,4,,1,13,,6509,2,4,,1,15,,6471,2,4,,1,55,,6510,2,4,,1,15,,6472,2,4,,1,30,,6473,2,4,,1,70,,6474,2,4,,1,30,,6475,2,4,,1,71,,6476,2,4,,1,30,,6477,2,4,,1,70,,6478,2,4,,1,30,,6479,2,4,,1,70,,6480,2,4,,1,31,,6481,2,4,,1,72,,6482,2,4,,1,74,,6483,2,4,,1,31,,6484,2,4,,1,18,,6485,2,4,,1,56,,6486,2,4,,1,15,,6487,2,4,,1,15,,6488,2,4,,1,15,,6489,2,4,,1,53,,6490,2,4,,1,12,,6491,2,4,,1,14,,6492,2,4,,1,14,,6493,2,4,,1,11,,6494,2,4,,1,55,,6495,2,4,,1,14,,6496,2,4,,1,15,,6497,2,4,,1,70,,6498,2,4,,1,30,,6499,2,4,,1,70,,6500,2,4,,1,30,,6501,2,4,,1,69,,6502,2,4,,1,30,,6503,2,4,,1,70,,6504,2,4,,1,30,,6505,2,4,,1,99,,6506,2,4,,1
6500,'SAT',650,,6511,2,4,,1,100,,6513,2,4,,1,971,,6532,2,4,,1,100,,6534,2,4,,1,99,,6536,2,4,,1,100,,6538,2,4,,1,30,,6539,2,4,,1,70,,6540,2,4,,1,30,,6541,2,4,,1,70,,6542,2,4,,1,30,,6543,2,4,,1,70,,6544,2,4,,1,30,,6545,2,4,,1,69,,6546,2,4,,1
6500,'SUN',650,,6547,2,4,,1,70,,6548,2,4,,1,30,,6549,2,4,,1,70,,6550,2,4,,1,30,,6551,2,4,,1,70,,6552,2,4,,1,30,,6553,2,4,,1,70,,6554,2,4,,1,30,,6555,2,4,,1,71,,6556,2,4,,1,31,,6557,2,4,,1,71,,6558,2,4,,1,30,,6559,2,4,,1,71,,6560,2,4,,1,30,,6561,2,4,,1,70,,6562,2,4,,1,30,,6563,2,4,,1,68,,6564,2,4,,1,30,,6565,2,4,,1,70,,6566,2,4,,1,29,,6567,2,4,,1,70,,6568,2,4,,1,30,,6569,2,4,,1,70,,6570,2,4,,1,29,,6571,2,4,,1,70,,6572,2,4,,1,30,,6573,2,4,,1,70,,6574,2,4,,1,30,,6575,2,4,,1,70,,6576,2,4,,1,30,,6577,2,4,,1,70,,6578,2,4,,1,30,,6579,2,4,,1,70,,6580,2,4,,1,30,,6581,2,4,,1,69,,6582,2,4,,1
6501,'WKDY',450,,6583,1,,,1,67,,6584,1,,,1,25,,6585,1,,,1,58,,6586,1,,,1,15,,6587,1,,,1,15,,6588,1,,,1,15,,6589,1,,,1,55,,6590,1,,,1,15,,6591,1,,,1,15,,6592,1,,,1,15,,6593,1,,,1,55,,6594,1,,,1,15,,6633,1,,,1,15,,6595,1,,,1,15,,6634,1,,,1,55,,6596,1,,,1,15,,6635,1,,,1,15,,6597,1,,,1,15,,6636,1,,,1,55,,6598,1,,,1,30,,6599,1,,,1,70,,6600,1,,,1,30,,6601,1,,,1,70,,6602,1,,,1,30,,6603,1,,,1,70,,6604,1,,,1,30,,6605,1,,,1,70,,6606,1,,,1,30,,6607,1,,,1,70,,6608,1,,,1,30,,6609,1,,,1,70,,6610,1,,,1,15,,6611,1,,,1,15,,6612,1,,,1,15,,6613,1,,,1,55,,6614,1,,,1,15,,6615,1,,,1,15,,6616,1,,,1,15,,6617,1,,,1,55,,6618,1,,,1,15,,6619,1,,,1,15,,6620,1,,,1,15,,6621,1,,,1,55,,6622,1,,,1,15,,6623,1,,,1,30,,6624,1,,,1,70,,6625,1,,,1,30,,6626,1,,,1,70,,6627,1,,,1,30,,6628,1,,,1,70,,6629,1,,,1,30,,6630,1,,,1,70,,6631,1,,,1,100,,6632,1,,,1
6501,'SAT',630,,6637,1,,,1,70,,6638,1,,,1,30,,6639,1,,,1,70,,6640,1,,,1,30,,6641,1,,,1,70,,6642,1,,,1,30,,6643,1,,,1,70,,6644,1,,,1,30,,6645,1,,,1,70,,6646,1,,,1,30,,6647,1,,,1,70,,6648,1,,,1,30,,6649,1,,,1,70,,6650,1,,,1,30,,6651,1,,,1,70,,6652,1,,,1,30,,6653,1,,,1,70,,6654,1,,,1,30,,6655,1,,,1,70,,6656,1,,,1,30,,6657,1,,,1,70,,6658,1,,,1,30,,6659,1,,,1,70,,6660,1,,,1,30,,6661,1,,,1,70,,6662,1,,,1,30,,6663,1,,,1,70,,6664,1,,,1,30,,6665,1,,,1,70,,6666,1,,,1,30,,6667,1,,,1,70,,6668,1,,,1,30,,6669,1,,,1,70,,6670,1,,,1,30,,6671,1,,,1,70,,6672,1,,,1
6501,'SUN',630,,6673,1,,,1,70,,6674,1,,,1,30,,6675,1,,,1,70,,6676,1,,,1,30,,6677,1,,,1,70,,6678,1,,,1,30,,6679,1,,,1,70,,6680,1,,,1,30,,6681,1,,,1,70,,6682,1,,,1,30,,6683,1,,,1,70,,6684,1,,,1,30,,6685,1,,,1,70,,6686,1,,,1,30,,6687,1,,,1,70,,6688,1,,,1,30,,6689,1,,,1,70,,6690,1,,,1,30,,6691,1,,,1,70,,6692,1,,,1,30,,6693,1,,,1,70,,6694,1,,,1,30,,6695,1,,,1,70,,6696,1,,,1,30,,6697,1,,,1,70,,6698,1,,,1,30,,6699,1,,,1,70,,6700,1,,,1,30,,6701,1,,,1,70,,6702,1,,,1,30,,6703,1,,,1,70,,6704,1,,,1,30,,6705,1,,,1,70,,6706,1,,,1,30,,6707,1,,,1,70,,6708,1,,,1
6700,'WKDY',1416,,6709,1,,,1,30,,6710,1,,,1,70,,6711,1,,,1,30,,6712,1,,,1,585,,6713,1,,,1,85,,6714,1,,,1,85,,6715,1,,,1,45,,6716,1,,,1
6701,'WKDY',1448,,6717,2,4,,1,75,,6718,2,4,,1,32,,6719,2,4,,1,75,,6720,2,4,,1,574,,6721,2,4,,1,41,,6722,2,4,,1,85,,6723,2,4,,1,85,,6724,2,4,,1
16401,'WKDY',2101,,7735,5,4,,1
