3100,'WKDY',1929,,4770,22,4,,1
4800,'WKDY',912,,5212,5,4,,1,194,,5213,5,4,,1,206,,5214,5,4,,1,195,,5215,5,4,,1,204,,5216,5,4,,1,198,,5217,5,4,,1,130,,5218,5,4,,1
4801,'WKDY',620,,5231,1,,,1,200,,5232,1,,,1,196,,5233,1,,,1,205,,5234,1,,,1,195,,5235,1,,,1,204,,5236,1,,,1,201,,5237,1,,,1,130,,5238,1,,,1
4801,'SAT',750,,5239,1,,,1,197,,5240,1,,,1,200,,5241,1,,,1,200,,5242,1,,,1,200,,5243,1,,,1,200,,5244,1,,,1
4801,'SUN',750,,5245,1,,,1,197,,5246,1,,,1,200,,5247,1,,,1,200,,5248,1,,,1,200,,5249,1,,,1,200,,5250,1,,,1
7100,'WKDY',1749,,6768,23,4,,1,191,,6774,23,4,,1
7100,'SAT',727,,6784,23,4,,1
7100,'SUN',737,,6833,23,4,,1
7801,'SAT',940,,7326,28,4,,1,203,,7328,28,4,,1,200,,7330,28,4,,1,199,,7332,28,4,,1,199,,7334,28,4,,1
7801,'SUN',940,,7338,28,4,,1,203,,7340,28,4,,1,200,,7342,28,4,,1,199,,7344,28,4,,1,199,,7346,28,4,,1
10500,'WKDY',507,,7646,1,,,1,40,,7647,1,,,1,80,,7648,1,,,1,30,,7649,1,,,1,50,,7650,1,,,1,40,,7651,1,,,1,90,,7666,1,,,1,70,,7652,1,,,1,100,,7653,1,,,1,100,,7654,1,,,1,104,,7655,1,,,1,100,,7656,1,,,1,99,,7657,1,,,1,97,,7658,1,,,1,38,,7659,1,,,1,79,,7660,1,,,1,82,,7661,1,,,1,35,,7662,1,,,1,71,,7663,1,,,1,101,,7664,1,,,1,100,,7665,1,,,1
10501,'WKDY',606,,7667,7,4,,1,41,,7668,7,4,,1,86,,7669,7,4,,1,86,,7670,7,4,,1,81,,7671,7,4,,1,49,,7672,7,4,,1,68,,7673,7,4,,1,98,,7674,7,4,,1,100,,7675,7,4,,1,210,,7677,10,4,,1,106,,7678,10,4,,1,104,,7679,10,4,,1,80,,7680,10,4,,1,39,,7681,10,4,,1,76,,7682,10,4,,1,20,,7686,10,4,,1,70,,7683,10,4,,1,96,,7684,10,4,,1,100,,7685,10,4,,1
10600,'WKDY',527,,7687,1,,,1,80,,7688,1,,,1,40,,7689,1,,,1,80,,7690,1,,,1,80,,7691,1,,,1
10601,'WKDY',1609,,7692,7,4,,1,43,,7693,7,4,,1,80,,7694,7,4,,1,76,,7695,7,4,,1
