201,'WKDY',1514,,3899,43,4,,1
1901,'WKDY',623,,4440,12,4,,1,104,,4441,12,4,,1,31,,4442,12,4,,1,71,,4443,12,4,,1,29,,4444,12,4,,1,70,,4445,12,4,,1,31,,4446,12,4,,1,71,,4447,12,4,,1,70,,4462,12,4,,1,31,,4448,12,4,,1,71,,4463,12,4,,1,30,,4449,12,4,,1,70,,4464,12,4,,1,132,,4451,12,4,,1,67,,4452,12,4,,1,99,,4454,12,4,,1,328,,4459,12,4,,1
4800,'SAT',1037,,5220,5,4,,1,200,,5221,5,4,,1,198,,5222,5,4,,1,200,,5223,5,4,,1,200,,5224,5,4,,1
4800,'SUN',1037,,5226,5,4,,1,200,,5227,5,4,,1,198,,5228,5,4,,1,200,,5229,5,4,,1,200,,5230,5,4,,1
7100,'SAT',911,,6789,23,4,,1,205,,6795,23,4,,1,124,,6799,23,4,,1,62,,6800,23,4,,1,203,,6806,23,4,,1,199,,6812,23,4,,1
7100,'SUN',911,,6836,23,4,,1,412,,6844,23,4,,1,202,,6848,23,4,,1,199,,6852,23,4,,1
7800,'WKDY',438,,7240,1,,,1,102,,7241,1,,,1,70,,7242,1,,,1,30,,7243,1,,,1,70,,7244,1,,,1,30,,7245,1,,,1,70,,7246,1,,,1,30,,7247,1,,,1,70,,7264,1,,,1,30,,7248,1,,,1,70,,7265,1,,,1,30,,7249,1,,,1,70,,7266,1,,,1,30,,7250,1,,,1,70,,7267,1,,,1,30,,7251,1,,,1,70,,7268,1,,,1,30,,7252,1,,,1,70,,7269,1,,,1,30,,7253,1,,,1,70,,7254,1,,,1,30,,7255,1,,,1,70,,7256,1,,,1,30,,7257,1,,,1,70,,7258,1,,,1,32,,7259,1,,,1,100,,7260,1,,,1,98,,7261,1,,,1,100,,7262,1,,,1,100,,7263,1,,,1
7800,'SAT',740,,7270,1,,,1,100,,7271,1,,,1,100,,7272,1,,,1,100,,7273,1,,,1,100,,7274,1,,,1,100,,7275,1,,,1,100,,7276,1,,,1,100,,7277,1,,,1,100,,7278,1,,,1,100,,7279,1,,,1,100,,7280,1,,,1,100,,7281,1,,,1,100,,7282,1,,,1
7800,'SUN',740,,7283,1,,,1,100,,7284,1,,,1,100,,7285,1,,,1,100,,7286,1,,,1,100,,7287,1,,,1,100,,7288,1,,,1,100,,7289,1,,,1,100,,7290,1,,,1,100,,7291,1,,,1,100,,7292,1,,,1,100,,7293,1,,,1,100,,7294,1,,,1,100,,7295,1,,,1
7801,'WKDY',1344,,7307,28,4,,1,70,,7319,28,4,,1,132,,7309,28,4,,1,72,,7310,28,4,,1,33,,7311,28,4,,1,69,,7312,28,4,,1,96,,7314,28,4,,1,221,,7317,28,4,,1,100,,7318,28,4,,1
7801,'SAT',840,,7325,28,4,,1,1099,,7336,28,4,,1
7801,'SUN',840,,7337,28,4,,1,1099,,7348,28,4,,1
10501,'WKDY',1319,,7676,10,4,,1
