200,'WKDY',647,,3878,39,4,,1,100,,3879,39,4,,1,100,,3880,39,4,,1,92,,3881,39,4,,1,107,,3882,39,4,,1,100,,3883,39,4,,1,100,,3884,39,4,,1,100,,3885,39,4,,1,102,,3886,39,4,,1,100,,3887,39,4,,1,99,,3888,39,4,,1,101,,3889,39,4,,1,96,,3890,39,4,,1
201,'WKDY',647,,3891,1,,,1,100,,3892,1,,,1,100,,3893,1,,,1,92,,3894,1,,,1,107,,3895,1,,,1,100,,3896,1,,,1,100,,3897,1,,,1,100,,3898,1,,,1,102,,3899,1,,,1,100,,3900,1,,,1,99,,3901,1,,,1,101,,3902,1,,,1,96,,3903,1,,,1
3000,'WKDY',552,,4598,20,4,,1,70,,4599,20,4,,1,23,,4600,54,4,,1,76,,4601,54,4,,1,30,,4602,54,4,,1,70,,4603,54,4,,1,30,,4604,54,4,,1,70,,4605,54,4,,1,29,,4606,54,4,,1,69,,4607,54,4,,1,30,,4608,54,4,,1,70,,4609,54,4,,1,30,,4610,54,4,,1,70,,4611,54,4,,1,31,,4612,54,4,,1,70,,4613,54,4,,1,29,,4614,54,4,,1,72,,4615,54,4,,1,32,,4616,54,4,,1,70,,4617,54,4,,1,31,,4618,54,4,,1,69,,4619,54,4,,1,30,,4620,54,4,,1,70,,4621,54,4,,1,27,,4622,54,4,,1,70,,4623,54,4,,1,27,,4624,54,4,,1,68,,4625,54,4,,1,29,,4626,54,4,,1,70,,4627,54,4,,1,29,,4628,54,4,,1,98,,4629,54,4,,1
3000,'SAT',639,,4630,20,4,,1,100,,4631,20,4,,1,73,,4632,54,4,,1,32,,4633,54,4,,1,70,,4634,54,4,,1,30,,4635,54,4,,1,70,,4636,54,4,,1,31,,4637,54,4,,1,70,,4638,54,4,,1,31,,4639,54,4,,1,70,,4640,54,4,,1,31,,4641,54,4,,1,70,,4642,54,4,,1,30,,4643,54,4,,1,70,,4644,54,4,,1,30,,4645,54,4,,1,70,,4646,54,4,,1,30,,4647,54,4,,1,70,,4648,54,4,,1,30,,4649,54,4,,1,70,,4650,54,4,,1,29,,4651,54,4,,1,99,,4652,54,4,,1,98,,4653,54,4,,1,100,,4654,54,4,,1
3000,'SUN',639,,4655,20,4,,1,100,,4656,20,4,,1,105,,4657,54,4,,1,100,,4658,54,4,,1,101,,4659,54,4,,1,101,,4660,54,4,,1,101,,4661,54,4,,1,100,,4662,54,4,,1,100,,4663,54,4,,1,100,,4664,54,4,,1,100,,4665,54,4,,1,99,,4666,54,4,,1,99,,4667,54,4,,1,98,,4668,54,4,,1,100,,4669,54,4,,1
3001,'WKDY',552,,4671,1,,,1,70,,4672,1,,,1,23,,4673,1,,,1,76,,4674,1,,,1,30,,4675,1,,,1,70,,4676,1,,,1,30,,4677,1,,,1,70,,4678,1,,,1,29,,4679,1,,,1,69,,4680,1,,,1,30,,4681,1,,,1,70,,4682,1,,,1,30,,4683,1,,,1,70,,4684,1,,,1,31,,4685,1,,,1,70,,4686,1,,,1,29,,4687,1,,,1,72,,4688,1,,,1,32,,4689,1,,,1,70,,4690,1,,,1,31,,4691,1,,,1,69,,4692,1,,,1,30,,4693,1,,,1,70,,4694,1,,,1,27,,4695,1,,,1,70,,4696,1,,,1,27,,4697,1,,,1,68,,4698,1,,,1,29,,4699,1,,,1,70,,4700,1,,,1,29,,4701,1,,,1,98,,4702,1,,,1
3001,'SAT',639,,4703,1,,,1,100,,4704,1,,,1,73,,4705,1,,,1,32,,4706,1,,,1,70,,4707,1,,,1,30,,4708,1,,,1,70,,4709,1,,,1,31,,4710,1,,,1,70,,4711,1,,,1,31,,4712,1,,,1,70,,4713,1,,,1,31,,4714,1,,,1,70,,4715,1,,,1,30,,4716,1,,,1,70,,4717,1,,,1,30,,4718,1,,,1,70,,4719,1,,,1,30,,4720,1,,,1,70,,4721,1,,,1,30,,4722,1,,,1,70,,4723,1,,,1,29,,4724,1,,,1,99,,4725,1,,,1,98,,4726,1,,,1,100,,4727,1,,,1
3001,'SUN',639,,4728,1,,,1,100,,4729,1,,,1,105,,4730,1,,,1,100,,4731,1,,,1,101,,4732,1,,,1,101,,4733,1,,,1,101,,4734,1,,,1,100,,4735,1,,,1,100,,4736,1,,,1,100,,4737,1,,,1,100,,4738,1,,,1,99,,4739,1,,,1,99,,4740,1,,,1,98,,4741,1,,,1,100,,4742,1,,,1
6000,'WKDY',453,,6063,2,0,5 6,1,68,,6064,2,0,5 6,1,30,,6065,2,0,5 6,1,52,,6066,2,0,5 6,1,13,,6067,2,0,5 6,1,16,,6068,2,0,5 6,1,15,,6069,2,0,5 6,1,55,,6070,2,0,5 6,1,15,,6071,2,0,5 6,1,15,,6072,2,0,5 6,1,15,,6073,2,0,5 6,1,55,,6074,2,0,5 6,1,15,,6075,2,0,5 6,1,15,,6076,2,0,5 6,1,15,,6077,2,0,5 6,1,55,,6078,2,0,5 6,1,15,,6079,2,0,5 6,1,15,,6080,2,0,5 6,1,16,,6081,2,0,5 6,1,56,,6082,2,0,5 6,1,15,,6083,2,0,5 6,1,15,,6084,2,0,5 6,1,15,,6085,2,0,5 6,1,55,,6086,2,0,5 6,1,15,,6087,2,0,5 6,1,15,,6088,2,0,5 6,1,15,,6089,2,,,1,55,,6090,2,,,1,9,,6091,2,,,1,15,,6092,2,,,1,15,,6093,2,,,1,16,,6094,2,,,1,55,,6095,2,,,1,15,,6096,2,,,1,16,,6097,2,,,1,56,,6098,2,,,1,15,,6099,2,,,1,15,,6100,2,,,1,16,,6101,2,,,1,55,,6102,2,,,1,14,,6103,2,,,1,15,,6104,2,,,1,16,,6105,2,,,1,55,,6106,2,,,1,15,,6107,2,,,1,15,,6108,2,,,1,15,,6109,2,,,1,55,,6110,2,,,1,15,,6111,2,,,1,15,,6112,2,,,1,14,,6113,2,,,1,57,,6114,2,,,1,15,,6115,2,,,1,12,,6116,2,,,1,14,,6117,2,,,1,14,,6118,2,,,1,54,,6119,2,,,1,15,,6120,2,,,1,15,,6121,2,,,1,15,,6122,2,,,1,55,,6123,2,,,1,15,,6124,2,,,1,15,,6125,2,,,1,15,,6126,2,,,1,55,,6127,2,,,1,15,,6128,2,,,1,15,,6129,2,,,1,65,,6130,2,,,1,30,,6131,2,,,1,70,,6132,2,,,1,30,,6133,2,,,1,69,,6134,2,,,1
6000,'SAT',617,,6135,2,0,5 6,1,30,,6136,2,0,5 6,1,70,,6137,2,0,5 6,1,30,,6138,2,0,5 6,1,71,,6139,2,0,5 6,1,30,,6140,2,0,5 6,1,70,,6141,2,0,5 6,1,15,,6142,2,0,5 6,1,15,,6143,2,0,5 6,1,55,,6144,2,0,5 6,1,15,,6145,2,0,5 6,1,16,,6146,2,0,5 6,1,15,,6147,2,0,5 6,1,55,,6148,2,0,5 6,1,15,,6149,2,0,5 6,1,15,,6150,2,0,5 6,1,15,,6151,2,,,1,55,,6152,2,,,1,8,,6153,2,,,1,12,,6154,2,,,1,15,,6155,2,,,1,15,,6156,2,,,1,55,,6157,2,,,1,15,,6158,2,,,1,16,,6159,2,,,1,16,,6160,2,,,1,55,,6161,2,,,1,15,,6162,2,,,1,15,,6163,2,,,1,16,,6164,2,,,1,55,,6165,2,,,1,15,,6166,2,,,1,15,,6167,2,,,1,15,,6168,2,,,1,55,,6169,2,,,1,14,,6170,2,,,1,14,,6171,2,,,1,15,,6172,2,,,1,55,,6173,2,,,1,15,,6174,2,,,1,14,,6175,2,,,1,15,,6176,2,,,1,54,,6177,2,,,1,14,,6178,2,,,1,15,,6179,2,,,1,15,,6180,2,,,1,55,,6181,2,,,1,15,,6182,2,,,1,15,,6183,2,,,1,15,,6184,2,,,1,55,,6185,2,,,1,15,,6186,2,,,1,15,,6187,2,,,1,15,,6188,2,,,1,55,,6189,2,,,1,15,,6190,2,,,1,15,,6191,2,,,1,73,,6192,2,,,1,30,,6193,2,,,1,70,,6194,2,,,1,30,,6195,2,,,1
6000,'SUN',617,,6196,2,0,5 6,1,30,,6197,2,0,5 6,1,70,,6198,2,0,5 6,1,30,,6199,2,0,5 6,1,71,,6200,2,0,5 6,1,30,,6201,2,0,5 6,1,70,,6202,2,0,5 6,1,15,,6203,2,0,5 6,1,15,,6204,2,0,5 6,1,55,,6205,2,0,5 6,1,15,,6206,2,0,5 6,1,16,,6207,2,0,5 6,1,15,,6208,2,0,5 6,1,55,,6209,2,0,5 6,1,15,,6210,2,0,5 6,1,15,,6211,2,0,5 6,1,15,,6212,2,,,1,55,,6213,2,,,1,8,,6214,2,,,1,12,,6215,2,,,1,15,,6216,2,,,1,15,,6217,2,,,1,55,,6218,2,,,1,15,,6219,2,,,1,16,,6220,2,,,1,16,,6221,2,,,1,55,,6222,2,,,1,15,,6223,2,,,1,15,,6224,2,,,1,16,,6225,2,,,1,55,,6226,2,,,1,15,,6227,2,,,1,15,,6228,2,,,1,15,,6229,2,,,1,55,,6230,2,,,1,14,,6231,2,,,1,14,,6232,2,,,1,15,,6233,2,,,1,55,,6234,2,,,1,15,,6235,2,,,1,14,,6236,2,,,1,15,,6237,2,,,1,54,,6238,2,,,1,14,,6239,2,,,1,15,,6240,2,,,1,15,,6241,2,,,1,55,,6242,2,,,1,15,,6243,2,,,1,15,,6244,2,,,1,15,,6245,2,,,1,55,,6246,2,,,1,15,,6247,2,,,1,15,,6248,2,,,1,15,,6249,2,,,1,55,,6250,2,,,1,15,,6251,2,,,1,15,,6252,2,,,1,73,,6253,2,,,1,30,,6254,2,,,1,70,,6255,2,,,1,30,,6256,2,,,1
6001,'WKDY',2156,,6330,2,,,1,279,,6329,2,,,1
6001,'SAT',2151,,6387,2,,,1,258,,6393,2,,,1
6001,'SUN',2151,,6450,2,,,1,258,,6456,2,,,1
7100,'WKDY',551,,6725,4,,,1,66,,6726,4,,,1,30,,6727,4,,,1,70,,6728,4,,,1,15,,6729,4,,,1,15,,6730,4,,,1,55,,6731,4,,,1,16,,6732,4,,,1,15,,6733,4,,,1,15,,6734,4,,,1,55,,6735,4,,,1,16,,6736,4,,,1,15,,6737,4,,,1,16,,6738,4,,,1,55,,6739,4,,,1,15,,6740,4,,,1,16,,6741,4,,,1,15,,6742,4,,,1,55,,6743,4,,,1,15,,6744,4,,,1,16,,6745,4,,,1,15,,6746,4,,,1,59,,6747,4,,,1,8,,6748,4,,,1,15,,6749,4,,,1,15,,6750,4,,,1,56,,6751,4,,,1,15,,6752,4,,,1,15,,6753,4,,,1,15,,6754,4,,,1,56,,6755,4,,,1,15,,6756,4,,,1,16,,6757,4,,,1,15,,6758,4,,,1,55,,6759,4,,,1,16,,6760,4,,,1,15,,6761,4,,,1,16,,6762,4,,,1,55,,6763,4,,,1,15,,6764,4,,,1,15,,6765,4,,,1,15,,6766,4,,,1,55,,6767,4,,,1,15,,6768,4,,,1,15,,6769,4,,,1,14,,6770,4,,,1,54,,6771,4,,,1,15,,6772,4,,,1,28,,6773,4,,,1,68,,6774,4,,,1,30,,6775,4,,,1,70,,6776,4,,,1,29,,6777,4,,,1,69,,6778,4,,,1,29,,6779,4,,,1,69,,6780,4,,,1,30,,6781,4,,,1,100,,6782,4,,,1
7100,'SAT',648,,6783,4,,,1,60,,6784,4,,,1,21,,6785,4,,,1,20,,6786,4,,,1,60,,6787,4,,,1,21,,6788,4,,,1,20,,6789,4,,,1,60,,6790,4,,,1,21,,6791,4,,,1,20,,6792,4,,,1,60,,6793,4,,,1,21,,6794,4,,,1,20,,6795,4,,,1,61,,6796,4,,,1,20,,6797,4,,,1,20,,6798,4,,,1,61,,6799,4,,,1,22,,6800,4,,,1,21,,6801,4,,,1,60,,6802,4,,,1,20,,6803,4,,,1,21,,6804,4,,,1,60,,6805,4,,,1,21,,6806,4,,,1,20,,6807,4,,,1,60,,6808,4,,,1,20,,6809,4,,,1,20,,6810,4,,,1,60,,6811,4,,,1,19,,6812,4,,,1,20,,6813,4,,,1,60,,6814,4,,,1,19,,6815,4,,,1,20,,6816,4,,,1,60,,6817,4,,,1,19,,6818,4,,,1,20,,6819,4,,,1,59,,6820,4,,,1,20,,6821,4,,,1,20,,6822,4,,,1,59,,6823,4,,,1,20,,6824,4,,,1,20,,6825,4,,,1,58,,6826,4,,,1,20,,6827,4,,,1,20,,6828,4,,,1,70,,6829,4,,,1,29,,6830,4,,,1,70,,6831,4,,,1
7100,'SUN',648,,6832,4,,,1,70,,6833,4,,,1,31,,6834,4,,,1,71,,6835,4,,,1,30,,6836,4,,,1,70,,6837,4,,,1,31,,6838,4,,,1,70,,6839,4,,,1,31,,6840,4,,,1,71,,6841,4,,,1,30,,6842,4,,,1,74,,6843,4,,,1,30,,6844,4,,,1,70,,6845,4,,,1,31,,6846,4,,,1,70,,6847,4,,,1,31,,6848,4,,,1,70,,6849,4,,,1,30,,6850,4,,,1,70,,6851,4,,,1,29,,6852,4,,,1,70,,6853,4,,,1,29,,6854,4,,,1,69,,6855,4,,,1,30,,6856,4,,,1,69,,6857,4,,,1,30,,6858,4,,,1,69,,6859,4,,,1,30,,6860,4,,,1,70,,6861,4,,,1,30,,6862,4,,,1,58,,6863,4,,,1,30,,6864,4,,,1,69,,6865,4,,,1
10501,'WKDY',554,,7667,5,,,1,80,,7668,5,,,1,86,,7669,5,,,1,86,,7670,5,,,1,41,,7671,5,,,1,89,,7672,5,,,1,67,,7673,5,,,1,98,,7674,5,,,1,100,,7675,5,,,1,104,,7676,8,,,1,106,,7677,8,,,1,106,,7678,8,,,1,104,,7679,8,,,1,80,,7680,8,,,1,39,,7681,8,,,1,76,,7682,8,,,1,20,,7686,8,,,1,70,,7683,8,,,1,97,,7684,8,,,1,100,,7685,8,,,1
