700,'WKDY',646,,4118,28,4,,1,62,,4147,28,4,,1,95,,4119,28,4,,1,31,,4120,28,4,,1,67,,4121,28,4,,1,29,,4122,28,4,,1,71,,4123,28,4,,1,28,,4124,28,4,,1,30,,4125,28,4,,1,70,,4126,28,4,,1,30,,4127,28,4,,1,70,,4128,28,4,,1,72,,4129,28,4,,1,31,,4130,28,4,,1,74,,4131,28,4,,1,31,,4132,28,4,,1,70,,4133,28,4,,1,31,,4134,28,4,,1,71,,4135,28,4,,1,30,,4136,28,4,,1,70,,4137,28,4,,1,26,,4138,28,4,,1,70,,4139,28,4,,1,29,,4140,28,4,,1,67,,4141,28,4,,1,28,,4142,28,4,,1,29,,4143,28,4,,1,67,,4144,28,4,,1,100,,4145,28,4,,1,100,,4146,28,4,,1
700,'SAT',1953,,4158,28,4,,1,100,,4161,28,4,,1,100,,4162,28,4,,1
700,'SUN',1953,,4173,28,4,,1,100,,4176,28,4,,1,100,,4177,28,4,,1
701,'WKDY',543,,4178,1,,,1,105,,4179,1,,,1,68,,4180,1,,,1,30,,4181,1,,,1,70,,4182,1,,,1,30,,4183,1,,,1,70,,4184,1,,,1,30,,4185,1,,,1,70,,4186,1,,,1,30,,4187,1,,,1,70,,4188,1,,,1,30,,4189,1,,,1,70,,4190,1,,,1,30,,4191,1,,,1,70,,4192,1,,,1,30,,4193,1,,,1,70,,4194,1,,,1,30,,4195,1,,,1,70,,4196,1,,,1,30,,4197,1,,,1,70,,4198,1,,,1,30,,4199,1,,,1,70,,4200,1,,,1,30,,4201,1,,,1,70,,4202,1,,,1,30,,4203,1,,,1,70,,4204,1,,,1,100,,4205,1,,,1,100,,4206,1,,,1
701,'SAT',646,,4218,1,,,1,100,,4219,1,,,1,100,,4207,1,,,1,100,,4208,1,,,1,100,,4209,1,,,1,100,,4210,1,,,1,100,,4211,1,,,1,100,,4212,1,,,1,100,,4213,1,,,1,100,,4214,1,,,1,100,,4215,1,,,1,100,,4216,1,,,1,100,,4217,1,,,1,100,,4220,1,,,1,100,,4221,1,,,1
701,'SUN',646,,4233,1,,,1,100,,4234,1,,,1,100,,4222,1,,,1,100,,4223,1,,,1,100,,4224,1,,,1,100,,4225,1,,,1,100,,4226,1,,,1,100,,4227,1,,,1,100,,4228,1,,,1,100,,4229,1,,,1,100,,4230,1,,,1,100,,4231,1,,,1,100,,4232,1,,,1,100,,4235,1,,,1,100,,4236,1,,,1
4700,'WKDY',515,,5205,1,,,1,635,,5206,1,,,1,605,,5207,1,,,1
4701,'WKDY',1342,,5209,5,4,,1,597,,5210,5,4,,1
8000,'SAT',730,,7393,36,4,,1,101,,7380,36,4,,1,100,,7382,36,4,,1,100,,7383,36,4,,1,102,,7384,36,4,,1,100,,7385,36,4,,1,101,,7386,36,4,,1,100,,7387,36,4,,1,100,,7388,36,4,,1,100,,7389,36,4,,1,100,,7390,36,4,,1,99,,7391,36,4,,1,100,,7392,36,4,,1
8000,'SUN',730,,7421,36,4,,1,101,,7408,36,4,,1,100,,7410,36,4,,1,100,,7411,36,4,,1,102,,7412,36,4,,1,100,,7413,36,4,,1,101,,7414,36,4,,1,100,,7415,36,4,,1,100,,7416,36,4,,1,100,,7417,36,4,,1,100,,7418,36,4,,1,99,,7419,36,4,,1,100,,7420,36,4,,1
