701,'WKDY',544,,4178,2,,,1,105,,4179,2,,,1,68,,4180,2,,,1,30,,4181,2,,,1,70,,4182,2,,,1,30,,4183,2,,,1,70,,4184,2,,,1,30,,4185,2,,,1,70,,4186,2,,,1,30,,4187,2,,,1,70,,4188,2,,,1,30,,4189,2,,,1,71,,4190,2,,,1,30,,4191,2,,,1,70,,4192,2,,,1,30,,4193,2,,,1,70,,4194,2,,,1,30,,4195,2,,,1,70,,4196,2,,,1,30,,4197,2,,,1,70,,4198,2,,,1,30,,4199,2,,,1,70,,4200,2,,,1,30,,4201,2,,,1,70,,4202,2,,,1,29,,4203,2,,,1,70,,4204,2,,,1,100,,4205,2,,,1,100,,4206,2,,,1
701,'SAT',647,,4218,2,,,1,100,,4219,2,,,1,100,,4207,2,,,1,100,,4208,2,,,1,100,,4209,2,,,1,100,,4210,2,,,1,100,,4211,2,,,1,100,,4212,2,,,1,100,,4213,2,,,1,100,,4214,2,,,1,100,,4215,2,,,1,100,,4216,2,,,1,100,,4217,2,,,1,100,,4220,2,,,1,100,,4221,2,,,1
701,'SUN',647,,4233,2,,,1,100,,4234,2,,,1,100,,4222,2,,,1,100,,4223,2,,,1,100,,4224,2,,,1,100,,4225,2,,,1,100,,4226,2,,,1,100,,4227,2,,,1,100,,4228,2,,,1,100,,4229,2,,,1,100,,4230,2,,,1,100,,4231,2,,,1,100,,4232,2,,,1,100,,4235,2,,,1,100,,4236,2,,,1
1201,'WKDY',524,,4326,2,,,1,30,,4327,2,,,1,70,,4328,2,,,1,30,,4329,2,,,1,70,,4330,2,,,1,30,,4331,2,,,1,70,,4332,2,,,1,30,,4333,2,,,1,70,,4334,2,,,1,30,,4335,2,,,1,70,,4336,2,,,1,30,,4337,2,,,1,70,,4338,2,,,1,30,,4339,2,,,1,70,,4340,2,,,1,30,,4341,2,,,1,70,,4342,2,,,1,30,,4343,2,,,1,70,,4344,2,,,1,30,,4345,2,,,1,70,,4346,2,,,1,30,,4347,2,,,1,70,,4348,2,,,1,30,,4349,2,,,1,70,,4350,2,,,1,30,,4351,2,,,1,70,,4352,2,,,1,30,,4353,2,,,1,70,,4354,2,,,1,30,,4355,2,,,1,70,,4356,2,,,1,30,,4357,2,,,1
1201,'SAT',616,,4358,2,,,1,100,,4359,2,,,1,100,,4360,2,,,1,100,,4361,2,,,1,100,,4362,2,,,1,100,,4363,2,,,1,100,,4364,2,,,1,100,,4365,2,,,1,100,,4366,2,,,1,100,,4367,2,,,1,100,,4368,2,,,1,100,,4369,2,,,1,100,,4370,2,,,1,100,,4371,2,,,1,100,,4372,2,,,1,100,,4373,2,,,1
1201,'SUN',616,,4374,2,,,1,100,,4375,2,,,1,100,,4376,2,,,1,100,,4377,2,,,1,100,,4378,2,,,1,100,,4379,2,,,1,100,,4380,2,,,1,100,,4381,2,,,1,100,,4382,2,,,1,100,,4383,2,,,1,100,,4384,2,,,1,100,,4385,2,,,1,100,,4386,2,,,1,100,,4387,2,,,1,100,,4388,2,,,1,100,,4389,2,,,1
7201,'WKDY',501,,7063,2,,,1,49,,7064,2,,,1,70,,7065,2,,,1,30,,7066,2,,,1,70,,7067,2,,,1,30,,7068,2,,,1,70,,7069,2,,,1,30,,7070,2,,,1,70,,7087,2,,,1,30,,7071,2,,,1,70,,7088,2,,,1,30,,7072,2,,,1,70,,7089,2,,,1,30,,7073,2,,,1,70,,7090,2,,,1,30,,7074,2,,,1,70,,7091,2,,,1,30,,7075,2,,,1,70,,7092,2,,,1,30,,7076,2,,,1,70,,7077,2,,,1,30,,7078,2,,,1,70,,7079,2,,,1,30,,7080,2,,,1,70,,7081,2,,,1,30,,7082,2,,,1,70,,7083,2,,,1,30,,7084,2,,,1,100,,7085,2,,,1,151,,7086,2,,,1
7201,'SAT',720,,7093,2,,,1,100,,7094,2,,,1,100,,7095,2,,,1,100,,7096,2,,,1,100,,7097,2,,,1,100,,7098,2,,,1,100,,7099,2,,,1,100,,7100,2,,,1,100,,7101,2,,,1,100,,7102,2,,,1,100,,7103,2,,,1,100,,7104,2,,,1,100,,7105,2,,,1
7201,'SUN',720,,7106,2,,,1,100,,7107,2,,,1,100,,7108,2,,,1,100,,7109,2,,,1,100,,7110,2,,,1,100,,7111,2,,,1,100,,7112,2,,,1,100,,7113,2,,,1,100,,7114,2,,,1,100,,7115,2,,,1,100,,7116,2,,,1,100,,7117,2,,,1,100,,7118,2,,,1
7401,'WKDY',445,,7179,2,,,1,100,,7180,2,,,1,70,,7208,2,,,1,30,,7181,2,,,1,70,,7209,2,,,1,30,,7182,2,,,1,70,,7183,2,,,1,30,,7184,2,,,1,70,,7185,2,,,1,30,,7186,2,,,1,70,,7187,2,,,1,30,,7188,2,,,1,70,,7189,2,,,1,30,,7190,2,,,1,70,,7191,2,,,1,30,,7192,2,,,1,70,,7193,2,,,1,30,,7194,2,,,1,70,,7195,2,,,1,30,,7196,2,,,1,70,,7197,2,,,1,30,,7198,2,,,1,71,,7199,2,,,1,30,,7200,2,,,1,70,,7201,2,,,1,30,,7202,2,,,1,69,,7203,2,,,1,30,,7204,2,,,1,70,,7205,2,,,1,30,,7206,2,,,1,70,,7210,2,,,1,30,,7211,2,,,1,70,,7207,2,,,1
7401,'SAT',721,,7212,2,,,1,100,,7213,2,,,1,100,,7214,2,,,1,100,,7215,2,,,1,100,,7216,2,,,1,100,,7217,2,,,1,100,,7218,2,,,1,100,,7219,2,,,1,100,,7220,2,,,1,100,,7221,2,,,1,100,,7222,2,,,1,100,,7223,2,,,1,100,,7224,2,,,1,100,,7225,2,,,1
7401,'SUN',721,,7226,2,,,1,100,,7227,2,,,1,100,,7228,2,,,1,100,,7229,2,,,1,100,,7230,2,,,1,100,,7231,2,,,1,100,,7232,2,,,1,100,,7233,2,,,1,100,,7234,2,,,1,100,,7235,2,,,1,100,,7236,2,,,1,100,,7237,2,,,1,100,,7238,2,,,1,100,,7239,2,,,1
8001,'WKDY',521,,7436,2,,,1,30,,7467,2,,,1,70,,7437,2,,,1,30,,7438,2,,,1,71,,7439,2,,,1,30,,7440,2,,,1,70,,7441,2,,,1,30,,7442,2,,,1,70,,7443,2,,,1,30,,7444,2,,,1,70,,7445,2,,,1,30,,7446,2,,,1,70,,7447,2,,,1,30,,7448,2,,,1,70,,7449,2,,,1,30,,7450,2,,,1,70,,7451,2,,,1,30,,7452,2,,,1,70,,7453,2,,,1,30,,7454,2,,,1,70,,7455,2,,,1,30,,7456,2,,,1,70,,7457,2,,,1,27,,7458,2,,,1,70,,7459,2,,,1,30,,7460,2,,,1,70,,7461,2,,,1,32,,7462,2,,,1,70,,7463,2,,,1,30,,7464,2,,,1,70,,7465,2,,,1,30,,7466,2,,,1
8001,'SAT',621,,7480,2,,,1,100,,7468,2,,,1,30,,7469,2,,,1,70,,7470,2,,,1,30,,7481,2,,,1,70,,7471,2,,,1,30,,7482,2,,,1,71,,7472,2,,,1,30,,7483,2,,,1,70,,7473,2,,,1,30,,7484,2,,,1,70,,7474,2,,,1,30,,7485,2,,,1,70,,7475,2,,,1,30,,7486,2,,,1,70,,7476,2,,,1,30,,7487,2,,,1,70,,7477,2,,,1,30,,7488,2,,,1,70,,7478,2,,,1,30,,7489,2,,,1,70,,7479,2,,,1,30,,7490,2,,,1,70,,7491,2,,,1,29,,7492,2,,,1,70,,7493,2,,,1,30,,7494,2,,,1,100,,7495,2,,,1
8001,'SUN',621,,7509,2,,,1,100,,7496,2,,,1,30,,7497,2,,,1,70,,7498,2,,,1,30,,7510,2,,,1,70,,7499,2,,,1,30,,7511,2,,,1,71,,7500,2,,,1,30,,7512,2,,,1,70,,7501,2,,,1,30,,7513,2,,,1,70,,7502,2,,,1,30,,7514,2,,,1,70,,7503,2,,,1,30,,7515,2,,,1,70,,7504,2,,,1,30,,7516,2,,,1,70,,7505,2,,,1,30,,7517,2,,,1,70,,7506,2,,,1,30,,7518,2,,,1,70,,7507,2,,,1,30,,7519,2,,,1,70,,7508,2,,,1,29,,7520,2,,,1,70,,7522,2,,,1,30,,7521,2,,,1,100,,7523,2,,,1
