201,'WKDY',647,,3891,2,,,1,100,,3892,2,,,1,100,,3893,2,,,1,92,,3894,2,,,1,107,,3895,2,,,1,100,,3896,2,,,1,100,,3897,2,,,1,100,,3898,2,,,1,102,,3899,2,,,1,100,,3900,2,,,1,99,,3901,2,,,1,101,,3902,2,,,1,96,,3903,2,,,1
3001,'WKDY',552,,4671,2,,,1,70,,4672,2,,,1,23,,4673,2,,,1,76,,4674,2,,,1,30,,4675,2,,,1,70,,4676,2,,,1,30,,4677,2,,,1,70,,4678,2,,,1,29,,4679,2,,,1,69,,4680,2,,,1,30,,4681,2,,,1,70,,4682,2,,,1,30,,4683,2,,,1,70,,4684,2,,,1,31,,4685,2,,,1,70,,4686,2,,,1,29,,4687,2,,,1,72,,4688,2,,,1,32,,4689,2,,,1,70,,4690,2,,,1,31,,4691,2,,,1,69,,4692,2,,,1,30,,4693,2,,,1,70,,4694,2,,,1,27,,4695,2,,,1,70,,4696,2,,,1,27,,4697,2,,,1,68,,4698,2,,,1,29,,4699,2,,,1,70,,4700,2,,,1,29,,4701,2,,,1,98,,4702,2,,,1
3001,'SAT',639,,4703,2,,,1,100,,4704,2,,,1,73,,4705,2,,,1,32,,4706,2,,,1,70,,4707,2,,,1,30,,4708,2,,,1,70,,4709,2,,,1,31,,4710,2,,,1,70,,4711,2,,,1,31,,4712,2,,,1,70,,4713,2,,,1,31,,4714,2,,,1,70,,4715,2,,,1,30,,4716,2,,,1,70,,4717,2,,,1,30,,4718,2,,,1,70,,4719,2,,,1,30,,4720,2,,,1,70,,4721,2,,,1,30,,4722,2,,,1,70,,4723,2,,,1,29,,4724,2,,,1,99,,4725,2,,,1,98,,4726,2,,,1,100,,4727,2,,,1
3001,'SUN',639,,4728,2,,,1,100,,4729,2,,,1,105,,4730,2,,,1,100,,4731,2,,,1,101,,4732,2,,,1,101,,4733,2,,,1,101,,4734,2,,,1,100,,4735,2,,,1,100,,4736,2,,,1,100,,4737,2,,,1,100,,4738,2,,,1,99,,4739,2,,,1,99,,4740,2,,,1,98,,4741,2,,,1,100,,4742,2,,,1
3100,'WKDY',539,,4743,2,,,1,71,,4744,2,,,1,30,,4745,2,,,1,70,,4746,2,,,1,31,,4747,2,,,1,72,,4748,2,,,1,30,,4749,2,,,1,68,,4750,2,,,1,31,,4751,2,,,1,70,,4752,2,,,1,30,,4753,2,,,1,70,,4754,2,,,1,32,,4755,2,,,1,70,,4756,2,,,1,30,,4757,2,,,1,70,,4758,2,,,1,30,,4759,2,,,1,70,,4760,2,,,1,32,,4761,2,,,1,70,,4762,2,,,1,30,,4763,2,,,1,70,,4764,2,,,1,28,,4765,2,,,1,68,,4766,2,,,1,30,,4767,2,,,1,70,,4768,2,,,1,29,,4769,2,,,1,70,,4770,2,,,1,100,,4771,2,,,1,97,,4772,2,,,1
3100,'SAT',846,,4773,2,,,1,80,,4774,2,,,1,80,,4775,2,,,1,40,,4776,2,,,1,81,,4777,2,,,1,80,,4778,2,,,1,40,,4779,2,,,1,80,,4780,2,,,1,80,,4781,2,,,1,40,,4782,2,,,1,80,,4783,2,,,1,80,,4784,2,,,1,40,,4785,2,,,1,80,,4786,2,,,1,80,,4787,2,,,1,39,,4788,2,,,1,80,,4789,2,,,1,80,,4790,2,,,1
3100,'SUN',846,,4791,2,,,1,100,,4792,2,,,1,100,,4793,2,,,1,101,,4794,2,,,1,100,,4795,2,,,1,100,,4796,2,,,1,100,,4797,2,,,1,100,,4798,2,,,1,100,,4799,2,,,1,99,,4800,2,,,1,100,,4801,2,,,1,100,,4802,2,,,1
7100,'WKDY',551,,6725,5,,,1,66,,6726,5,,,1,30,,6727,5,,,1,70,,6728,5,,,1,15,,6729,5,,,1,15,,6730,5,,,1,55,,6731,5,,,1,16,,6732,5,,,1,15,,6733,5,,,1,15,,6734,5,,,1,55,,6735,5,,,1,16,,6736,5,,,1,15,,6737,5,,,1,16,,6738,5,,,1,55,,6739,5,,,1,15,,6740,5,,,1,16,,6741,5,,,1,15,,6742,5,,,1,55,,6743,5,,,1,15,,6744,5,,,1,16,,6745,5,,,1,15,,6746,5,,,1,59,,6747,5,,,1,8,,6748,5,,,1,15,,6749,5,,,1,15,,6750,5,,,1,56,,6751,5,,,1,15,,6752,5,,,1,15,,6753,5,,,1,15,,6754,5,,,1,56,,6755,5,,,1,15,,6756,5,,,1,17,,6757,5,,,1,15,,6758,5,,,1,55,,6759,5,,,1,16,,6760,5,,,1,15,,6761,5,,,1,15,,6762,5,,,1,55,,6763,5,,,1,15,,6764,5,,,1,15,,6765,5,,,1,15,,6766,5,,,1,55,,6767,5,,,1,15,,6768,5,,,1,15,,6769,5,,,1,14,,6770,5,,,1,54,,6771,5,,,1,15,,6772,5,,,1,28,,6773,5,,,1,68,,6774,5,,,1,30,,6775,5,,,1,70,,6776,5,,,1,29,,6777,5,,,1,69,,6778,5,,,1,29,,6779,5,,,1,69,,6780,5,,,1,30,,6781,5,,,1,100,,6782,5,,,1
7100,'SAT',648,,6783,5,,,1,60,,6784,5,,,1,21,,6785,5,,,1,20,,6786,5,,,1,60,,6787,5,,,1,21,,6788,5,,,1,20,,6789,5,,,1,60,,6790,5,,,1,21,,6791,5,,,1,20,,6792,5,,,1,60,,6793,5,,,1,21,,6794,5,,,1,20,,6795,5,,,1,61,,6796,5,,,1,20,,6797,5,,,1,20,,6798,5,,,1,61,,6799,5,,,1,22,,6800,5,,,1,21,,6801,5,,,1,60,,6802,5,,,1,20,,6803,5,,,1,21,,6804,5,,,1,60,,6805,5,,,1,21,,6806,5,,,1,20,,6807,5,,,1,60,,6808,5,,,1,20,,6809,5,,,1,20,,6810,5,,,1,60,,6811,5,,,1,19,,6812,5,,,1,20,,6813,5,,,1,60,,6814,5,,,1,19,,6815,5,,,1,20,,6816,5,,,1,60,,6817,5,,,1,19,,6818,5,,,1,20,,6819,5,,,1,59,,6820,5,,,1,20,,6821,5,,,1,20,,6822,5,,,1,59,,6823,5,,,1,20,,6824,5,,,1,20,,6825,5,,,1,58,,6826,5,,,1,20,,6827,5,,,1,20,,6828,5,,,1,70,,6829,5,,,1,29,,6830,5,,,1,70,,6831,5,,,1
7100,'SUN',648,,6832,5,,,1,70,,6833,5,,,1,31,,6834,5,,,1,71,,6835,5,,,1,30,,6836,5,,,1,70,,6837,5,,,1,31,,6838,5,,,1,70,,6839,5,,,1,31,,6840,5,,,1,71,,6841,5,,,1,30,,6842,5,,,1,74,,6843,5,,,1,30,,6844,5,,,1,70,,6845,5,,,1,31,,6846,5,,,1,70,,6847,5,,,1,31,,6848,5,,,1,70,,6849,5,,,1,30,,6850,5,,,1,70,,6851,5,,,1,29,,6852,5,,,1,70,,6853,5,,,1,29,,6854,5,,,1,69,,6855,5,,,1,30,,6856,5,,,1,69,,6857,5,,,1,30,,6858,5,,,1,69,,6859,5,,,1,30,,6860,5,,,1,70,,6861,5,,,1,30,,6862,5,,,1,58,,6863,5,,,1,30,,6864,5,,,1,69,,6865,5,,,1
10501,'WKDY',554,,7667,6,,,1,80,,7668,6,,,1,86,,7669,6,,,1,86,,7670,6,,,1,41,,7671,6,,,1,89,,7672,6,,,1,67,,7673,6,,,1,98,,7674,6,,,1,100,,7675,6,,,1,104,,7676,9,,,1,106,,7677,9,,,1,106,,7678,9,,,1,104,,7679,9,,,1,80,,7680,9,,,1,39,,7681,9,,,1,76,,7682,9,,,1,20,,7686,9,,,1,70,,7683,9,,,1,97,,7684,9,,,1,100,,7685,9,,,1
