200,'WKDY',644,,3878,37,,,1,100,,3879,37,,,1,100,,3880,37,,,1,92,,3881,37,,,1,107,,3882,37,,,1,100,,3883,37,,,1,100,,3884,37,,,1,100,,3885,37,,,1,102,,3886,37,,,1,100,,3887,37,,,1,99,,3888,37,,,1,101,,3889,37,,,1,96,,3890,37,,,1
3000,'WKDY',549,,4598,18,,,1,70,,4599,18,,,1,23,,4600,52,,,1,76,,4601,52,,,1,30,,4602,52,,,1,70,,4603,52,,,1,30,,4604,52,,,1,70,,4605,52,,,1,29,,4606,52,,,1,69,,4607,52,,,1,30,,4608,52,,,1,70,,4609,52,,,1,30,,4610,52,,,1,70,,4611,52,,,1,31,,4612,52,,,1,70,,4613,52,,,1,29,,4614,52,,,1,72,,4615,52,,,1,32,,4616,52,,,1,70,,4617,52,,,1,31,,4618,52,,,1,69,,4619,52,,,1,30,,4620,52,,,1,70,,4621,52,,,1,27,,4622,52,,,1,70,,4623,52,,,1,27,,4624,52,,,1,68,,4625,52,,,1,29,,4626,52,,,1,70,,4627,52,,,1,29,,4628,52,,,1,98,,4629,52,,,1
3000,'SAT',636,,4630,18,,,1,100,,4631,18,,,1,73,,4632,52,,,1,32,,4633,52,,,1,70,,4634,52,,,1,30,,4635,52,,,1,70,,4636,52,,,1,31,,4637,52,,,1,70,,4638,52,,,1,31,,4639,52,,,1,70,,4640,52,,,1,31,,4641,52,,,1,70,,4642,52,,,1,30,,4643,52,,,1,70,,4644,52,,,1,30,,4645,52,,,1,70,,4646,52,,,1,30,,4647,52,,,1,70,,4648,52,,,1,30,,4649,52,,,1,70,,4650,52,,,1,29,,4651,52,,,1,99,,4652,52,,,1,98,,4653,52,,,1,100,,4654,52,,,1
3000,'SUN',636,,4655,18,,,1,100,,4656,18,,,1,105,,4657,52,,,1,100,,4658,52,,,1,101,,4659,52,,,1,101,,4660,52,,,1,101,,4661,52,,,1,100,,4662,52,,,1,100,,4663,52,,,1,100,,4664,52,,,1,100,,4665,52,,,1,99,,4666,52,,,1,99,,4667,52,,,1,98,,4668,52,,,1,100,,4669,52,,,1
3201,'WKDY',541,,4924,2,,,1,70,,4925,2,,,1,30,,4926,2,,,1,70,,4927,2,,,1,30,,4928,2,,,1,70,,4929,2,,,1,30,,4930,2,,,1,69,,4931,2,,,1,30,,4932,2,,,1,70,,4933,2,,,1,29,,4934,2,,,1,70,,4935,2,,,1,29,,4936,2,,,1,70,,4937,2,,,1,28,,4938,2,,,1,70,,4939,2,,,1,30,,4940,2,,,1,70,,4941,2,,,1,29,,4942,2,,,1,70,,4943,2,,,1,31,,4944,2,,,1,70,,4945,2,,,1,30,,4946,2,,,1,71,,4947,2,,,1,32,,4948,2,,,1,71,,4949,2,,,1,31,,4950,2,,,1,70,,4951,2,,,1,100,,4952,2,,,1,100,,4953,2,,,1
3201,'SAT',749,,4970,2,,,1,79,,4971,2,,,1,79,,4972,2,,,1,40,,4954,2,,,1,79,,4955,2,,,1,80,,4956,2,,,1,39,,4957,2,,,1,80,,4958,2,,,1,80,,4959,2,,,1,40,,4960,2,,,1,80,,4961,2,,,1,80,,4962,2,,,1,40,,4963,2,,,1,81,,4964,2,,,1,80,,4965,2,,,1,40,,4966,2,,,1,81,,4967,2,,,1,81,,4968,2,,,1,40,,4969,2,,,1
3201,'SUN',749,,4973,2,,,1,100,,4974,2,,,1,98,,4975,2,,,1,100,,4976,2,,,1,98,,4977,2,,,1,100,,4978,2,,,1,100,,4979,2,,,1,100,,4980,2,,,1,100,,4981,2,,,1,100,,4982,2,,,1,101,,4983,2,,,1,100,,4984,2,,,1,102,,4985,2,,,1
4100,'WKDY',730,,5197,14,0,18 13,1,70,,5201,14,0,18 13,1
4101,'WKDY',1712,,5203,2,,,1,30,,5204,2,,,1
7101,'WKDY',543,,6866,21,,,1,66,,6867,21,,,1,29,,6868,21,,,1,70,,6869,21,,,1,15,,6870,21,,,1,15,,6871,21,,,1,15,,6872,21,,,1,56,,6873,21,,,1,15,,6874,21,,,1,15,,6875,21,,,1,15,,6876,21,,,1,56,,6877,21,,,1,15,,6878,21,,,1,16,,6879,21,,,1,15,,6880,21,,,1,55,,6881,21,,,1,15,,6882,21,,,1,15,,6883,21,,,1,15,,6884,21,,,1,55,,6885,21,,,1,15,,6886,21,,,1,15,,6887,21,,,1,59,,6888,21,,,1,8,,6889,21,,,1,15,,6890,21,,,1,15,,6891,21,,,1,16,,6892,21,,,1,55,,6893,21,,,1,15,,6894,21,,,1,15,,6895,21,,,1,16,,6896,21,,,1,55,,6897,21,,,1,16,,6898,21,,,1,16,,6899,21,,,1,15,,6900,21,,,1,56,,6901,21,,,1,15,,6902,21,,,1,16,,6903,21,,,1,15,,6904,21,,,1,55,,6905,21,,,1,15,,6906,21,,,1,15,,6907,21,,,1,15,,6908,21,,,1,55,,6909,21,,,1,16,,6910,21,,,1,14,,6911,21,,,1,14,,6912,21,,,1,55,,6913,21,,,1,28,,6914,21,,,1,68,,6915,21,,,1,30,,6916,21,,,1,70,,6917,21,,,1,29,,6918,21,,,1,69,,6919,21,,,1,29,,6920,21,,,1,70,,6921,21,,,1,30,,6922,21,,,1,100,,6923,21,,,1
7101,'SAT',640,,6924,21,,,1,60,,6971,21,,,1,20,,6972,21,,,1,20,,6925,21,,,1,60,,6926,21,,,1,21,,6927,21,,,1,20,,6928,21,,,1,60,,6929,21,,,1,21,,6930,21,,,1,20,,6931,21,,,1,60,,6932,21,,,1,20,,6933,21,,,1,20,,6934,21,,,1,60,,6935,21,,,1,20,,6936,21,,,1,20,,6937,21,,,1,61,,6938,21,,,1,22,,6939,21,,,1,21,,6940,21,,,1,61,,6941,21,,,1,20,,6942,21,,,1,21,,6943,21,,,1,60,,6944,21,,,1,21,,6945,21,,,1,20,,6946,21,,,1,60,,6947,21,,,1,20,,6948,21,,,1,20,,6949,21,,,1,60,,6950,21,,,1,19,,6951,21,,,1,20,,6952,21,,,1,60,,6953,21,,,1,19,,6954,21,,,1,20,,6955,21,,,1,60,,6956,21,,,1,19,,6957,21,,,1,20,,6958,21,,,1,60,,6959,21,,,1,20,,6960,21,,,1,20,,6961,21,,,1,59,,6962,21,,,1,20,,6963,21,,,1,20,,6964,21,,,1,58,,6965,21,,,1,20,,6966,21,,,1,20,,6967,21,,,1,70,,6968,21,,,1,30,,6969,21,,,1,70,,6970,21,,,1
7101,'SUN',640,,6973,21,,,1,70,,7006,21,,,1,30,,6974,21,,,1,71,,6975,21,,,1,30,,6976,21,,,1,70,,6977,21,,,1,31,,6978,21,,,1,70,,6979,21,,,1,30,,6980,21,,,1,70,,6981,21,,,1,30,,6982,21,,,1,74,,6983,21,,,1,30,,6984,21,,,1,71,,6985,21,,,1,31,,6986,21,,,1,70,,6987,21,,,1,31,,6988,21,,,1,70,,6989,21,,,1,30,,6990,21,,,1,70,,6991,21,,,1,29,,6992,21,,,1,70,,6993,21,,,1,29,,6994,21,,,1,69,,6995,21,,,1,30,,6996,21,,,1,70,,6997,21,,,1,30,,6998,21,,,1,69,,6999,21,,,1,30,,7000,21,,,1,70,,7001,21,,,1,30,,7002,21,,,1,58,,7003,21,,,1,30,,7004,21,,,1,70,,7005,21,,,1
10500,'WKDY',515,,7646,3,,,1,40,,7647,3,,,1,83,,7648,3,,,1,70,,7649,3,,,1,10,,7650,3,,,1,40,,7651,3,,,1,89,,7666,3,,,1,69,,7652,3,,,1,100,,7653,3,,,1,100,,7654,3,,,1,104,,7655,3,,,1,100,,7656,3,,,1,99,,7657,3,,,1,98,,7658,3,,,1,38,,7659,3,,,1,79,,7660,3,,,1,81,,7661,3,,,1,35,,7662,3,,,1,71,,7663,3,,,1,101,,7664,3,,,1,100,,7665,3,,,1
