700,'WKDY',642,,4118,25,,,1,61,,4147,25,,,1,55,,4119,25,,,1,71,,4120,25,,,1,27,,4121,25,,,1,69,,4122,25,,,1,31,,4123,25,,,1,68,,4124,25,,,1,30,,4125,25,,,1,70,,4126,25,,,1,30,,4127,25,,,1,70,,4128,25,,,1,32,,4129,25,,,1,71,,4130,25,,,1,73,,4131,25,,,1,31,,4132,25,,,1,70,,4133,25,,,1,31,,4134,25,,,1,71,,4135,25,,,1,30,,4136,25,,,1,70,,4137,25,,,1,27,,4138,25,,,1,70,,4139,25,,,1,29,,4140,25,,,1,27,,4141,25,,,1,68,,4142,25,,,1,29,,4143,25,,,1,67,,4144,25,,,1,100,,4145,25,,,1,100,,4146,25,,,1
700,'SAT',746,,4159,25,,,1,100,,4160,25,,,1,101,,4148,25,,,1,105,,4149,25,,,1,103,,4150,25,,,1,100,,4151,25,,,1,101,,4152,25,,,1,100,,4153,25,,,1,99,,4154,25,,,1,98,,4155,25,,,1,99,,4156,25,,,1,99,,4157,25,,,1,97,,4158,25,,,1,100,,4161,25,,,1,100,,4162,25,,,1
700,'SUN',746,,4174,25,,,1,100,,4175,25,,,1,101,,4163,25,,,1,105,,4164,25,,,1,103,,4165,25,,,1,100,,4166,25,,,1,101,,4167,25,,,1,100,,4168,25,,,1,99,,4169,25,,,1,98,,4170,25,,,1,99,,4171,25,,,1,99,,4172,25,,,1,97,,4173,25,,,1,100,,4176,25,,,1,100,,4177,25,,,1
1200,'WKDY',642,,4262,26,,,1,70,,4263,26,,,1,30,,4264,26,,,1,71,,4265,26,,,1,30,,4266,26,,,1,70,,4267,26,,,1,30,,4268,26,,,1,70,,4269,26,,,1,30,,4270,26,,,1,70,,4271,26,,,1,30,,4272,26,,,1,70,,4273,26,,,1,30,,4274,26,,,1,70,,4275,26,,,1,30,,4276,26,,,1,70,,4277,26,,,1,30,,4278,26,,,1,70,,4279,26,,,1,33,,4280,26,,,1,70,,4281,26,,,1,30,,4282,26,,,1,70,,4283,26,,,1,30,,4284,26,,,1,70,,4285,26,,,1,26,,4286,26,,,1,70,,4287,26,,,1,30,,4288,26,,,1,69,,4289,26,,,1,30,,4290,26,,,1,68,,4291,26,,,1,30,,4292,26,,,1,70,,4293,26,,,1
1200,'SAT',732,,4294,26,,,1,100,,4295,26,,,1,101,,4296,26,,,1,100,,4297,26,,,1,101,,4298,26,,,1,100,,4299,26,,,1,100,,4300,26,,,1,100,,4301,26,,,1,100,,4302,26,,,1,100,,4303,26,,,1,99,,4304,26,,,1,100,,4305,26,,,1,99,,4306,26,,,1,100,,4307,26,,,1,100,,4308,26,,,1,100,,4309,26,,,1
1200,'SUN',732,,4310,26,,,1,100,,4311,26,,,1,101,,4312,26,,,1,100,,4313,26,,,1,101,,4314,26,,,1,100,,4315,26,,,1,100,,4316,26,,,1,100,,4317,26,,,1,100,,4318,26,,,1,100,,4319,26,,,1,99,,4320,26,,,1,100,,4321,26,,,1,99,,4322,26,,,1,100,,4323,26,,,1,100,,4324,26,,,1,100,,4325,26,,,1
7400,'WKDY',534,,7119,24,,,1,100,,7120,24,,,1,70,,7148,24,,,1,31,,7121,24,,,1,71,,7149,24,,,1,29,,7122,24,,,1,69,,7123,24,,,1,30,,7124,24,,,1,70,,7125,24,,,1,30,,7126,24,,,1,70,,7127,24,,,1,31,,7128,24,,,1,71,,7129,24,,,1,30,,7130,24,,,1,71,,7131,24,,,1,30,,7132,24,,,1,70,,7133,24,,,1,29,,7134,24,,,1,69,,7135,24,,,1,30,,7136,24,,,1,70,,7137,24,,,1,30,,7138,24,,,1,70,,7139,24,,,1,30,,7140,24,,,1,71,,7141,24,,,1,30,,7142,24,,,1,70,,7143,24,,,1,28,,7144,24,,,1,70,,7146,24,,,1,30,,7150,24,,,1,70,,7145,24,,,1,99,,7147,24,,,1
7400,'SAT',813,,7151,24,,,1,100,,7152,24,,,1,100,,7153,24,,,1,100,,7154,24,,,1,100,,7155,24,,,1,100,,7156,24,,,1,100,,7157,24,,,1,100,,7158,24,,,1,100,,7159,24,,,1,100,,7160,24,,,1,100,,7161,24,,,1,100,,7162,24,,,1,100,,7163,24,,,1,100,,7164,24,,,1
7400,'SUN',813,,7165,24,,,1,100,,7166,24,,,1,100,,7167,24,,,1,100,,7168,24,,,1,100,,7169,24,,,1,100,,7170,24,,,1,100,,7171,24,,,1,100,,7172,24,,,1,100,,7173,24,,,1,100,,7174,24,,,1,100,,7175,24,,,1,100,,7176,24,,,1,100,,7177,24,,,1,100,,7178,24,,,1
8000,'WKDY',625,,7349,33,,,1,31,,7350,33,,,1,71,,7351,33,,,1,31,,7352,33,,,1,70,,7353,33,,,1,30,,7354,33,,,1,69,,7355,33,,,1,30,,7356,33,,,1,70,,7357,33,,,1,31,,7358,33,,,1,70,,7359,33,,,1,30,,7360,33,,,1,70,,7361,33,,,1,31,,7362,33,,,1,70,,7363,33,,,1,71,,7364,33,,,1,30,,7365,33,,,1,70,,7366,33,,,1,34,,7367,33,,,1,73,,7368,33,,,1,27,,7369,33,,,1,69,,7370,33,,,1,29,,7371,33,,,1,26,,7372,33,,,1,69,,7373,33,,,1,30,,7374,33,,,1,69,,7375,33,,,1,29,,7376,33,,,1,70,,7377,33,,,1,30,,7378,33,,,1,68,,7379,33,,,1
8000,'SAT',724,,7393,33,,,1,100,,7380,33,,,1,30,,7381,33,,,1,70,,7382,33,,,1,30,,7394,33,,,1,70,,7383,33,,,1,32,,7395,33,,,1,70,,7384,33,,,1,30,,7396,33,,,1,70,,7385,33,,,1,31,,7397,33,,,1,70,,7386,33,,,1,30,,7398,33,,,1,70,,7387,33,,,1,30,,7399,33,,,1,70,,7388,33,,,1,30,,7400,33,,,1,70,,7389,33,,,1,30,,7401,33,,,1,70,,7390,33,,,1,29,,7402,33,,,1,70,,7391,33,,,1,30,,7403,33,,,1,70,,7392,33,,,1,30,,7404,33,,,1,68,,7407,33,,,1,32,,7405,33,,,1,100,,7406,33,,,1
8000,'SUN',724,,7421,33,,,1,100,,7408,33,,,1,30,,7409,33,,,1,70,,7410,33,,,1,30,,7422,33,,,1,70,,7411,33,,,1,32,,7423,33,,,1,70,,7412,33,,,1,30,,7424,33,,,1,70,,7413,33,,,1,31,,7425,33,,,1,70,,7414,33,,,1,30,,7426,33,,,1,70,,7415,33,,,1,30,,7427,33,,,1,70,,7416,33,,,1,30,,7428,33,,,1,70,,7417,33,,,1,30,,7429,33,,,1,70,,7418,33,,,1,29,,7430,33,,,1,70,,7419,33,,,1,30,,7431,33,,,1,70,,7420,33,,,1,30,,7432,33,,,1,68,,7435,33,,,1,32,,7433,33,,,1,98,,7434,33,,,1
