4800,'WKDY',716,,5211,5,4,,1
4800,'SAT',839,,5219,5,4,,1
4800,'SUN',839,,5225,5,4,,1
7100,'WKDY',611,,6725,23,4,,1,27,,6726,23,4,,1,70,,6727,23,4,,1,30,,6728,23,4,,1,16,,6729,23,4,,1,56,,6730,23,4,,1,15,,6731,23,4,,1,16,,6732,23,4,,1,15,,6733,23,4,,1,55,,6734,23,4,,1,15,,6735,23,4,,1,16,,6736,23,4,,1,15,,6737,23,4,,1,56,,6738,23,4,,1,15,,6739,23,4,,1,16,,6740,23,4,,1,56,,6741,23,4,,1,15,,6742,23,4,,1,15,,6743,23,4,,1,17,,6744,23,4,,1,56,,6745,23,4,,1,15,,6746,23,4,,1,19,,6747,23,4,,1,8,,6748,23,4,,1,55,,6749,23,4,,1,15,,6750,23,4,,1,16,,6751,23,4,,1,15,,6752,23,4,,1,55,,6753,23,4,,1,15,,6754,23,4,,1,17,,6755,23,4,,1,15,,6756,23,4,,1,58,,6757,23,4,,1,15,,6758,23,4,,1,15,,6759,23,4,,1,16,,6760,23,4,,1,54,,6761,23,4,,1,14,,6762,23,4,,1,15,,6763,23,4,,1,14,,6764,23,4,,1,55,,6765,23,4,,1,15,,6766,23,4,,1,15,,6767,23,4,,1,68,,6769,23,4,,1,14,,6770,23,4,,1,14,,6771,23,4,,1,15,,6772,23,4,,1,68,,6773,23,4,,1,97,,6775,23,4,,1,28,,6776,23,4,,1,69,,6777,23,4,,1,28,,6778,23,4,,1,68,,6779,23,4,,1,29,,6780,23,4,,1,69,,6781,23,4,,1,100,,6782,23,4,,1
7100,'SAT',706,,6783,23,4,,1,42,,6785,23,4,,1,60,,6786,23,4,,1,22,,6787,23,4,,1,21,,6788,23,4,,1,81,,6790,23,4,,1,21,,6791,23,4,,1,60,,6792,23,4,,1,21,,6793,23,4,,1,22,,6794,23,4,,1,83,,6796,23,4,,1,20,,6797,23,4,,1,60,,6798,23,4,,1,104,,6801,23,4,,1,20,,6802,23,4,,1,60,,6803,23,4,,1,21,,6804,23,4,,1,20,,6805,23,4,,1,81,,6807,23,4,,1,20,,6808,23,4,,1,60,,6809,23,4,,1,20,,6810,23,4,,1,20,,6811,23,4,,1,79,,6813,23,4,,1,20,,6814,23,4,,1,59,,6815,23,4,,1,20,,6816,23,4,,1,19,,6817,23,4,,1,58,,6818,23,4,,1,20,,6819,23,4,,1,16,,6820,23,4,,1,20,,6821,23,4,,1,60,,6822,23,4,,1,18,,6823,23,4,,1,20,,6824,23,4,,1,60,,6825,23,4,,1,18,,6826,23,4,,1,20,,6827,23,4,,1,60,,6828,23,4,,1,27,,6829,23,4,,1,69,,6830,23,4,,1,30,,6831,23,4,,1
7100,'SUN',706,,6832,23,4,,1,102,,6834,23,4,,1,33,,6835,23,4,,1,101,,6837,23,4,,1,71,,6838,23,4,,1,31,,6839,23,4,,1,72,,6840,23,4,,1,33,,6841,23,4,,1,70,,6842,23,4,,1,34,,6843,23,4,,1,100,,6845,23,4,,1,71,,6846,23,4,,1,30,,6847,23,4,,1,101,,6849,23,4,,1,70,,6850,23,4,,1,30,,6851,23,4,,1,99,,6853,23,4,,1,69,,6854,23,4,,1,28,,6855,23,4,,1,69,,6856,23,4,,1,26,,6857,23,4,,1,70,,6858,23,4,,1,28,,6859,23,4,,1,70,,6860,23,4,,1,30,,6861,23,4,,1,70,,6862,23,4,,1,17,,6863,23,4,,1,28,,6864,23,4,,1,69,,6865,23,4,,1
7101,'WKDY',527,,6866,1,,,1,24,,6867,1,,,1,68,,6868,1,,,1,30,,6869,1,,,1,55,,6870,1,,,1,15,,6871,1,,,1,15,,6872,1,,,1,14,,6873,1,,,1,54,,6874,1,,,1,15,,6875,1,,,1,15,,6876,1,,,1,16,,6877,1,,,1,55,,6878,1,,,1,16,,6879,1,,,1,15,,6880,1,,,1,15,,6881,1,,,1,55,,6882,1,,,1,15,,6883,1,,,1,15,,6884,1,,,1,15,,6885,1,,,1,55,,6886,1,,,1,15,,6887,1,,,1,19,,6888,1,,,1,8,,6889,1,,,1,55,,6890,1,,,1,15,,6891,1,,,1,14,,6892,1,,,1,15,,6893,1,,,1,55,,6894,1,,,1,15,,6895,1,,,1,16,,6896,1,,,1,15,,6897,1,,,1,56,,6898,1,,,1,16,,6899,1,,,1,15,,6900,1,,,1,16,,6901,1,,,1,55,,6902,1,,,1,16,,6903,1,,,1,15,,6904,1,,,1,15,,6905,1,,,1,55,,6906,1,,,1,15,,6907,1,,,1,15,,6908,1,,,1,15,,6909,1,,,1,56,,6910,1,,,1,15,,6911,1,,,1,14,,6912,1,,,1,16,,6913,1,,,1,68,,6914,1,,,1,28,,6915,1,,,1,71,,6916,1,,,1,31,,6917,1,,,1,70,,6918,1,,,1,30,,6919,1,,,1,70,,6920,1,,,1,30,,6921,1,,,1,71,,6922,1,,,1,101,,6923,1,,,1
7101,'SAT',623,,6924,1,,,1,20,,6971,1,,,1,60,,6972,1,,,1,20,,6925,1,,,1,20,,6926,1,,,1,61,,6927,1,,,1,20,,6928,1,,,1,20,,6929,1,,,1,58,,6930,1,,,1,20,,6931,1,,,1,19,,6932,1,,,1,59,,6933,1,,,1,20,,6934,1,,,1,20,,6935,1,,,1,60,,6936,1,,,1,20,,6937,1,,,1,21,,6938,1,,,1,61,,6939,1,,,1,21,,6940,1,,,1,21,,6941,1,,,1,60,,6942,1,,,1,21,,6943,1,,,1,20,,6944,1,,,1,60,,6945,1,,,1,20,,6946,1,,,1,20,,6947,1,,,1,61,,6948,1,,,1,20,,6949,1,,,1,20,,6950,1,,,1,60,,6951,1,,,1,20,,6952,1,,,1,20,,6953,1,,,1,59,,6954,1,,,1,20,,6955,1,,,1,20,,6956,1,,,1,60,,6957,1,,,1,20,,6958,1,,,1,20,,6959,1,,,1,61,,6960,1,,,1,20,,6961,1,,,1,20,,6962,1,,,1,61,,6963,1,,,1,20,,6964,1,,,1,19,,6965,1,,,1,60,,6966,1,,,1,20,,6967,1,,,1,30,,6968,1,,,1,70,,6969,1,,,1,30,,6970,1,,,1
7101,'SUN',623,,6973,1,,,1,30,,7006,1,,,1,70,,6974,1,,,1,31,,6975,1,,,1,70,,6976,1,,,1,30,,6977,1,,,1,68,,6978,1,,,1,29,,6979,1,,,1,69,,6980,1,,,1,30,,6981,1,,,1,70,,6982,1,,,1,34,,6983,1,,,1,69,,6984,1,,,1,31,,6985,1,,,1,71,,6986,1,,,1,30,,6987,1,,,1,70,,6988,1,,,1,30,,6989,1,,,1,71,,6990,1,,,1,30,,6991,1,,,1,70,,6992,1,,,1,30,,6993,1,,,1,69,,6994,1,,,1,29,,6995,1,,,1,71,,6996,1,,,1,30,,6997,1,,,1,71,,6998,1,,,1,30,,6999,1,,,1,71,,7000,1,,,1,31,,7001,1,,,1,70,,7002,1,,,1,18,,7003,1,,,1,70,,7004,1,,,1,30,,7005,1,,,1
7801,'SAT',1042,,7327,28,4,,1,201,,7329,28,4,,1,200,,7331,28,4,,1,199,,7333,28,4,,1,199,,7335,28,4,,1
7801,'SUN',1042,,7339,28,4,,1,201,,7341,28,4,,1,200,,7343,28,4,,1,199,,7345,28,4,,1,199,,7347,28,4,,1
