201,'WKDY',710,,3891,43,4,,1,203,,3893,43,4,,1,196,,3895,43,4,,1
1900,'WKDY',550,,4390,1,,,1,100,,4391,1,,,1,70,,4392,1,,,1,30,,4393,1,,,1,70,,4394,1,,,1,30,,4395,1,,,1,70,,4396,1,,,1,30,,4397,1,,,1,70,,4412,1,,,1,30,,4398,1,,,1,70,,4413,1,,,1,30,,4399,1,,,1,70,,4414,1,,,1,30,,4400,1,,,1,70,,4415,1,,,1,30,,4401,1,,,1,70,,4402,1,,,1,30,,4403,1,,,1,70,,4404,1,,,1,30,,4405,1,,,1,72,,4406,1,,,1,33,,4407,1,,,1,100,,4408,1,,,1,95,,4409,1,,,1,100,,4410,1,,,1,100,,4411,1,,,1
1900,'SAT',820,,4426,1,,,1,100,,4416,1,,,1,100,,4417,1,,,1,100,,4418,1,,,1,100,,4419,1,,,1,100,,4420,1,,,1,100,,4421,1,,,1,100,,4422,1,,,1,100,,4423,1,,,1,100,,4424,1,,,1,100,,4425,1,,,1,100,,4427,1,,,1
1900,'SUN',820,,4438,1,,,1,100,,4428,1,,,1,100,,4429,1,,,1,100,,4430,1,,,1,100,,4431,1,,,1,100,,4432,1,,,1,100,,4433,1,,,1,100,,4434,1,,,1,100,,4435,1,,,1,100,,4436,1,,,1,100,,4437,1,,,1,100,,4439,1,,,1
1901,'WKDY',1333,,4450,12,4,,1,70,,4465,12,4,,1,127,,4453,12,4,,1,305,,4458,12,4,,1,191,,4460,12,4,,1,99,,4461,12,4,,1
1901,'SAT',1958,,4477,12,4,,1
1901,'SUN',1958,,4489,12,4,,1
2501,'WKDY',1622,,4563,36,4,,1,29,,4564,36,4,,1
2501,'SAT',809,,4583,36,4,,1,100,,4572,36,4,,1,102,,4573,36,4,,1,101,,4574,36,4,,1,100,,4575,36,4,,1,101,,4576,36,4,,1,101,,4577,36,4,,1,100,,4578,36,4,,1,100,,4579,36,4,,1,98,,4580,36,4,,1,99,,4581,36,4,,1,99,,4582,36,4,,1
2501,'SUN',809,,4596,36,4,,1,100,,4585,36,4,,1,102,,4586,36,4,,1,101,,4587,36,4,,1,100,,4588,36,4,,1,101,,4589,36,4,,1,101,,4590,36,4,,1,100,,4591,36,4,,1,100,,4592,36,4,,1,98,,4593,36,4,,1,99,,4594,36,4,,1,99,,4595,36,4,,1
7801,'WKDY',543,,7296,28,4,,1,96,,7297,28,4,,1,102,,7299,28,4,,1,70,,7300,28,4,,1,30,,7301,28,4,,1,100,,7303,28,4,,1,70,,7321,28,4,,1,30,,7304,28,4,,1,100,,7305,28,4,,1,71,,7323,28,4,,1,30,,7306,28,4,,1,72,,7324,28,4,,1,130,,7308,28,4,,1,306,,7313,28,4,,1,91,,7315,28,4,,1,98,,7316,28,4,,1
