700,'WKDY',644,,4118,27,,,1,62,,4147,27,,,1,95,,4119,27,,,1,31,,4120,27,,,1,27,,4121,27,,,1,69,,4122,27,,,1,31,,4123,27,,,1,68,,4124,27,,,1,30,,4125,27,,,1,70,,4126,27,,,1,30,,4127,27,,,1,70,,4128,27,,,1,32,,4129,27,,,1,71,,4130,27,,,1,73,,4131,27,,,1,31,,4132,27,,,1,70,,4133,27,,,1,31,,4134,27,,,1,71,,4135,27,,,1,30,,4136,27,,,1,70,,4137,27,,,1,27,,4138,27,,,1,70,,4139,27,,,1,29,,4140,27,,,1,27,,4141,27,,,1,68,,4142,27,,,1,29,,4143,27,,,1,67,,4144,27,,,1,100,,4145,27,,,1,100,,4146,27,,,1
700,'SAT',748,,4159,27,,,1,100,,4160,27,,,1,102,,4148,27,,,1,105,,4149,27,,,1,103,,4150,27,,,1,100,,4151,27,,,1,101,,4152,27,,,1,100,,4153,27,,,1,99,,4154,27,,,1,98,,4155,27,,,1,99,,4156,27,,,1,99,,4157,27,,,1,97,,4158,27,,,1,100,,4161,27,,,1,100,,4162,27,,,1
700,'SUN',748,,4174,27,,,1,100,,4175,27,,,1,102,,4163,27,,,1,105,,4164,27,,,1,103,,4165,27,,,1,100,,4166,27,,,1,101,,4167,27,,,1,100,,4168,27,,,1,99,,4169,27,,,1,98,,4170,27,,,1,99,,4171,27,,,1,99,,4172,27,,,1,97,,4173,27,,,1,100,,4176,27,,,1,100,,4177,27,,,1
1200,'WKDY',644,,4262,28,,,1,70,,4263,28,,,1,31,,4264,28,,,1,71,,4265,28,,,1,30,,4266,28,,,1,70,,4267,28,,,1,30,,4268,28,,,1,70,,4269,28,,,1,30,,4270,28,,,1,70,,4271,28,,,1,30,,4272,28,,,1,70,,4273,28,,,1,30,,4274,28,,,1,70,,4275,28,,,1,30,,4276,28,,,1,70,,4277,28,,,1,30,,4278,28,,,1,70,,4279,28,,,1,33,,4280,28,,,1,70,,4281,28,,,1,30,,4282,28,,,1,70,,4283,28,,,1,30,,4284,28,,,1,70,,4285,28,,,1,26,,4286,28,,,1,70,,4287,28,,,1,30,,4288,28,,,1,68,,4289,28,,,1,30,,4290,28,,,1,68,,4291,28,,,1,30,,4292,28,,,1,70,,4293,28,,,1
1200,'SAT',735,,4294,28,,,1,100,,4295,28,,,1,101,,4296,28,,,1,100,,4297,28,,,1,101,,4298,28,,,1,100,,4299,28,,,1,100,,4300,28,,,1,100,,4301,28,,,1,100,,4302,28,,,1,100,,4303,28,,,1,99,,4304,28,,,1,100,,4305,28,,,1,99,,4306,28,,,1,100,,4307,28,,,1,100,,4308,28,,,1,100,,4309,28,,,1
1200,'SUN',735,,4310,28,,,1,100,,4311,28,,,1,101,,4312,28,,,1,100,,4313,28,,,1,101,,4314,28,,,1,100,,4315,28,,,1,100,,4316,28,,,1,100,,4317,28,,,1,100,,4318,28,,,1,100,,4319,28,,,1,99,,4320,28,,,1,100,,4321,28,,,1,99,,4322,28,,,1,100,,4323,28,,,1,100,,4324,28,,,1,100,,4325,28,,,1
7200,'WKDY',539,,7007,29,,,1,92,,7008,29,,,1,71,,7009,29,,,1,29,,7010,29,,,1,74,,7011,29,,,1,29,,7012,29,,,1,69,,7013,29,,,1,30,,7014,29,,,1,70,,7031,29,,,1,30,,7015,29,,,1,72,,7032,29,,,1,30,,7016,29,,,1,70,,7033,29,,,1,30,,7017,29,,,1,71,,7034,29,,,1,29,,7018,29,,,1,71,,7035,29,,,1,31,,7019,29,,,1,72,,7036,29,,,1,30,,7020,29,,,1,73,,7021,29,,,1,29,,7022,29,,,1,65,,7023,29,,,1,30,,7024,29,,,1,70,,7025,29,,,1,26,,7026,29,,,1,69,,7027,29,,,1,30,,7028,29,,,1,99,,7029,29,,,1,110,,7030,29,,,1
7200,'SAT',800,,7037,29,,,1,102,,7038,29,,,1,101,,7039,29,,,1,99,,7040,29,,,1,103,,7041,29,,,1,100,,7042,29,,,1,102,,7043,29,,,1,99,,7044,29,,,1,100,,7045,29,,,1,99,,7046,29,,,1,99,,7047,29,,,1,99,,7048,29,,,1,100,,7049,29,,,1
7200,'SUN',800,,7050,29,,,1,101,,7051,29,,,1,102,,7052,29,,,1,99,,7053,29,,,1,103,,7054,29,,,1,101,,7055,29,,,1,101,,7056,29,,,1,99,,7057,29,,,1,100,,7058,29,,,1,99,,7059,29,,,1,99,,7060,29,,,1,99,,7061,29,,,1,100,,7062,29,,,1
7400,'WKDY',537,,7119,26,,,1,100,,7120,26,,,1,70,,7148,26,,,1,30,,7121,26,,,1,71,,7149,26,,,1,29,,7122,26,,,1,69,,7123,26,,,1,30,,7124,26,,,1,70,,7125,26,,,1,30,,7126,26,,,1,70,,7127,26,,,1,31,,7128,26,,,1,71,,7129,26,,,1,30,,7130,26,,,1,71,,7131,26,,,1,30,,7132,26,,,1,70,,7133,26,,,1,30,,7134,26,,,1,69,,7135,26,,,1,30,,7136,26,,,1,70,,7137,26,,,1,30,,7138,26,,,1,70,,7139,26,,,1,30,,7140,26,,,1,70,,7141,26,,,1,30,,7142,26,,,1,70,,7143,26,,,1,28,,7144,26,,,1,71,,7146,26,,,1,30,,7150,26,,,1,70,,7145,26,,,1,99,,7147,26,,,1
7400,'SAT',816,,7151,26,,,1,100,,7152,26,,,1,99,,7153,26,,,1,100,,7154,26,,,1,100,,7155,26,,,1,100,,7156,26,,,1,100,,7157,26,,,1,100,,7158,26,,,1,100,,7159,26,,,1,100,,7160,26,,,1,100,,7161,26,,,1,100,,7162,26,,,1,100,,7163,26,,,1,101,,7164,26,,,1
7400,'SUN',816,,7165,26,,,1,100,,7166,26,,,1,99,,7167,26,,,1,100,,7168,26,,,1,100,,7169,26,,,1,100,,7170,26,,,1,100,,7171,26,,,1,100,,7172,26,,,1,100,,7173,26,,,1,100,,7174,26,,,1,100,,7175,26,,,1,100,,7176,26,,,1,100,,7177,26,,,1,101,,7178,26,,,1
8000,'WKDY',629,,7349,35,,,1,71,,7350,35,,,1,31,,7351,35,,,1,72,,7352,35,,,1,30,,7353,35,,,1,70,,7354,35,,,1,29,,7355,35,,,1,70,,7356,35,,,1,30,,7357,35,,,1,71,,7358,35,,,1,30,,7359,35,,,1,70,,7360,35,,,1,30,,7361,35,,,1,70,,7362,35,,,1,30,,7363,35,,,1,71,,7364,35,,,1,30,,7365,35,,,1,70,,7366,35,,,1,34,,7367,35,,,1,73,,7368,35,,,1,27,,7369,35,,,1,69,,7370,35,,,1,29,,7371,35,,,1,67,,7372,35,,,1,29,,7373,35,,,1,70,,7374,35,,,1,28,,7375,35,,,1,29,,7376,35,,,1,70,,7377,35,,,1,30,,7378,35,,,1,68,,7379,35,,,1
8000,'SAT',727,,7393,35,,,1,101,,7380,35,,,1,30,,7381,35,,,1,70,,7382,35,,,1,30,,7394,35,,,1,70,,7383,35,,,1,72,,7395,35,,,1,30,,7384,35,,,1,70,,7396,35,,,1,30,,7385,35,,,1,71,,7397,35,,,1,30,,7386,35,,,1,70,,7398,35,,,1,30,,7387,35,,,1,70,,7399,35,,,1,30,,7388,35,,,1,70,,7400,35,,,1,30,,7389,35,,,1,70,,7401,35,,,1,30,,7390,35,,,1,69,,7402,35,,,1,30,,7391,35,,,1,70,,7403,35,,,1,30,,7392,35,,,1,70,,7404,35,,,1,28,,7407,35,,,1,72,,7405,35,,,1,100,,7406,35,,,1
8000,'SUN',727,,7421,35,,,1,101,,7408,35,,,1,30,,7409,35,,,1,70,,7410,35,,,1,30,,7422,35,,,1,70,,7411,35,,,1,72,,7423,35,,,1,30,,7412,35,,,1,70,,7424,35,,,1,30,,7413,35,,,1,71,,7425,35,,,1,30,,7414,35,,,1,70,,7426,35,,,1,30,,7415,35,,,1,70,,7427,35,,,1,30,,7416,35,,,1,70,,7428,35,,,1,30,,7417,35,,,1,70,,7429,35,,,1,30,,7418,35,,,1,69,,7430,35,,,1,30,,7419,35,,,1,70,,7431,35,,,1,30,,7420,35,,,1,70,,7432,35,,,1,28,,7435,35,,,1,72,,7433,35,,,1,57,,7434,35,,,1
