1200,'WKDY',646,,4262,29,4,,1,70,,4263,29,4,,1,31,,4264,29,4,,1,71,,4265,29,4,,1,30,,4266,29,4,,1,70,,4267,29,4,,1,30,,4268,29,4,,1,70,,4269,29,4,,1,30,,4270,29,4,,1,70,,4271,29,4,,1,30,,4272,29,4,,1,70,,4273,29,4,,1,30,,4274,29,4,,1,70,,4275,29,4,,1,30,,4276,29,4,,1,70,,4277,29,4,,1,30,,4278,29,4,,1,70,,4279,29,4,,1,33,,4280,29,4,,1,70,,4281,29,4,,1,30,,4282,29,4,,1,70,,4283,29,4,,1,30,,4284,29,4,,1,70,,4285,29,4,,1,26,,4286,29,4,,1,70,,4287,29,4,,1,30,,4288,29,4,,1,68,,4289,29,4,,1,30,,4290,29,4,,1,68,,4291,29,4,,1,30,,4292,29,4,,1,70,,4293,29,4,,1
1200,'SAT',2137,,4308,29,4,,1,100,,4309,29,4,,1
1200,'SUN',2137,,4324,29,4,,1,100,,4325,29,4,,1
1201,'WKDY',523,,4326,1,,,1,30,,4327,1,,,1,70,,4328,1,,,1,30,,4329,1,,,1,70,,4330,1,,,1,30,,4331,1,,,1,70,,4332,1,,,1,30,,4333,1,,,1,70,,4334,1,,,1,30,,4335,1,,,1,70,,4336,1,,,1,30,,4337,1,,,1,70,,4338,1,,,1,30,,4339,1,,,1,70,,4340,1,,,1,30,,4341,1,,,1,70,,4342,1,,,1,30,,4343,1,,,1,70,,4344,1,,,1,30,,4345,1,,,1,70,,4346,1,,,1,30,,4347,1,,,1,70,,4348,1,,,1,30,,4349,1,,,1,70,,4350,1,,,1,30,,4351,1,,,1,70,,4352,1,,,1,30,,4353,1,,,1,70,,4354,1,,,1,30,,4355,1,,,1,70,,4356,1,,,1,30,,4357,1,,,1
1201,'SAT',615,,4358,1,,,1,100,,4359,1,,,1,100,,4360,1,,,1,100,,4361,1,,,1,100,,4362,1,,,1,100,,4363,1,,,1,100,,4364,1,,,1,100,,4365,1,,,1,100,,4366,1,,,1,100,,4367,1,,,1,100,,4368,1,,,1,100,,4369,1,,,1,100,,4370,1,,,1,100,,4371,1,,,1,100,,4372,1,,,1,100,,4373,1,,,1
1201,'SUN',615,,4374,1,,,1,100,,4375,1,,,1,100,,4376,1,,,1,100,,4377,1,,,1,100,,4378,1,,,1,100,,4379,1,,,1,100,,4380,1,,,1,100,,4381,1,,,1,100,,4382,1,,,1,100,,4383,1,,,1,100,,4384,1,,,1,100,,4385,1,,,1,100,,4386,1,,,1,100,,4387,1,,,1,100,,4388,1,,,1,100,,4389,1,,,1
3200,'WKDY',545,,4865,1,,,1,70,,4866,1,,,1,30,,4867,1,,,1,70,,4868,1,,,1,30,,4869,1,,,1,70,,4870,1,,,1,30,,4871,1,,,1,70,,4872,1,,,1,30,,4873,1,,,1,70,,4874,1,,,1,30,,4875,1,,,1,70,,4876,1,,,1,30,,4877,1,,,1,70,,4878,1,,,1,30,,4879,1,,,1,70,,4880,1,,,1,30,,4881,1,,,1,70,,4882,1,,,1,30,,4883,1,,,1,70,,4884,1,,,1,30,,4885,1,,,1,70,,4886,1,,,1,30,,4887,1,,,1,70,,4888,1,,,1,30,,4889,1,,,1,70,,4890,1,,,1,30,,4891,1,,,1,100,,4892,1,,,1,100,,4893,1,,,1
3200,'SAT',822,,4894,1,,,1,80,,4895,1,,,1,40,,4896,1,,,1,80,,4897,1,,,1,80,,4898,1,,,1,40,,4899,1,,,1,80,,4900,1,,,1,80,,4901,1,,,1,40,,4902,1,,,1,80,,4903,1,,,1,80,,4904,1,,,1,40,,4905,1,,,1,80,,4906,1,,,1,80,,4907,1,,,1,40,,4908,1,,,1,80,,4909,1,,,1,80,,4910,1,,,1,40,,4911,1,,,1
3200,'SUN',822,,4912,1,,,1,100,,4913,1,,,1,100,,4914,1,,,1,100,,4915,1,,,1,100,,4916,1,,,1,100,,4917,1,,,1,100,,4918,1,,,1,100,,4919,1,,,1,100,,4920,1,,,1,100,,4921,1,,,1,100,,4922,1,,,1,100,,4923,1,,,1
3201,'WKDY',610,,4924,34,4,,1,30,,4925,34,4,,1,70,,4926,34,4,,1,30,,4927,34,4,,1,70,,4928,34,4,,1,30,,4929,34,4,,1,70,,4930,34,4,,1,30,,4931,34,4,,1,70,,4932,34,4,,1,30,,4933,34,4,,1,70,,4934,34,4,,1,30,,4935,34,4,,1,70,,4936,34,4,,1,30,,4937,34,4,,1,70,,4938,34,4,,1,30,,4939,34,4,,1,70,,4940,34,4,,1,30,,4941,34,4,,1,70,,4942,34,4,,1,30,,4943,34,4,,1,70,,4944,34,4,,1,30,,4945,34,4,,1,70,,4946,34,4,,1,30,,4947,34,4,,1,70,,4948,34,4,,1,30,,4949,34,4,,1,70,,4950,34,4,,1,30,,4951,34,4,,1,100,,4952,34,4,,1,100,,4953,34,4,,1
3201,'SAT',817,,4970,34,4,,1,40,,4971,34,4,,1,80,,4972,34,4,,1,80,,4954,34,4,,1,40,,4955,34,4,,1,80,,4956,34,4,,1,80,,4957,34,4,,1,40,,4958,34,4,,1,80,,4959,34,4,,1,80,,4960,34,4,,1,40,,4961,34,4,,1,80,,4962,34,4,,1,80,,4963,34,4,,1,40,,4964,34,4,,1,80,,4965,34,4,,1,80,,4966,34,4,,1,40,,4967,34,4,,1,80,,4968,34,4,,1,80,,4969,34,4,,1
3201,'SUN',817,,4973,34,4,,1,100,,4974,34,4,,1,100,,4975,34,4,,1,100,,4976,34,4,,1,100,,4977,34,4,,1,100,,4978,34,4,,1,100,,4979,34,4,,1,100,,4980,34,4,,1,100,,4981,34,4,,1,100,,4982,34,4,,1,100,,4983,34,4,,1,100,,4984,34,4,,1,100,,4985,34,4,,1
8000,'SAT',901,,7381,36,4,,1,100,,7394,36,4,,1,102,,7395,36,4,,1,100,,7396,36,4,,1,101,,7397,36,4,,1,100,,7398,36,4,,1,100,,7399,36,4,,1,100,,7400,36,4,,1,100,,7401,36,4,,1,99,,7402,36,4,,1,100,,7403,36,4,,1,100,,7404,36,4,,1,100,,7405,36,4,,1
8000,'SUN',901,,7409,36,4,,1,100,,7422,36,4,,1,102,,7423,36,4,,1,100,,7424,36,4,,1,101,,7425,36,4,,1,100,,7426,36,4,,1,100,,7427,36,4,,1,100,,7428,36,4,,1,100,,7429,36,4,,1,99,,7430,36,4,,1,100,,7431,36,4,,1,100,,7432,36,4,,1,100,,7433,36,4,,1
