700,'WKDY',641,,4118,24,,,1,62,,4147,24,,,1,54,,4119,24,,,1,71,,4120,24,,,1,27,,4121,24,,,1,69,,4122,24,,,1,31,,4123,24,,,1,68,,4124,24,,,1,30,,4125,24,,,1,70,,4126,24,,,1,30,,4127,24,,,1,70,,4128,24,,,1,32,,4129,24,,,1,71,,4130,24,,,1,74,,4131,24,,,1,31,,4132,24,,,1,70,,4133,24,,,1,31,,4134,24,,,1,71,,4135,24,,,1,30,,4136,24,,,1,70,,4137,24,,,1,26,,4138,24,,,1,30,,4139,24,,,1,69,,4140,24,,,1,27,,4141,24,,,1,68,,4142,24,,,1,29,,4143,24,,,1,67,,4144,24,,,1,100,,4145,24,,,1,100,,4146,24,,,1
700,'SAT',745,,4159,24,,,1,100,,4160,24,,,1,102,,4148,24,,,1,104,,4149,24,,,1,103,,4150,24,,,1,100,,4151,24,,,1,101,,4152,24,,,1,100,,4153,24,,,1,99,,4154,24,,,1,99,,4155,24,,,1,99,,4156,24,,,1,99,,4157,24,,,1,97,,4158,24,,,1,100,,4161,24,,,1,100,,4162,24,,,1
700,'SUN',745,,4174,24,,,1,100,,4175,24,,,1,102,,4163,24,,,1,104,,4164,24,,,1,103,,4165,24,,,1,100,,4166,24,,,1,101,,4167,24,,,1,100,,4168,24,,,1,99,,4169,24,,,1,99,,4170,24,,,1,99,,4171,24,,,1,99,,4172,24,,,1,97,,4173,24,,,1,100,,4176,24,,,1,100,,4177,24,,,1
1200,'WKDY',641,,4262,25,,,1,70,,4263,25,,,1,31,,4264,25,,,1,70,,4265,25,,,1,30,,4266,25,,,1,70,,4267,25,,,1,30,,4268,25,,,1,70,,4269,25,,,1,30,,4270,25,,,1,70,,4271,25,,,1,30,,4272,25,,,1,70,,4273,25,,,1,30,,4274,25,,,1,70,,4275,25,,,1,30,,4276,25,,,1,70,,4277,25,,,1,30,,4278,25,,,1,70,,4279,25,,,1,33,,4280,25,,,1,70,,4281,25,,,1,30,,4282,25,,,1,70,,4283,25,,,1,30,,4284,25,,,1,70,,4285,25,,,1,27,,4286,25,,,1,70,,4287,25,,,1,30,,4288,25,,,1,68,,4289,25,,,1,30,,4290,25,,,1,69,,4291,25,,,1,30,,4292,25,,,1,70,,4293,25,,,1
1200,'SAT',731,,4294,25,,,1,100,,4295,25,,,1,102,,4296,25,,,1,100,,4297,25,,,1,101,,4298,25,,,1,100,,4299,25,,,1,100,,4300,25,,,1,100,,4301,25,,,1,100,,4302,25,,,1,100,,4303,25,,,1,99,,4304,25,,,1,100,,4305,25,,,1,98,,4306,25,,,1,100,,4307,25,,,1,100,,4308,25,,,1,100,,4309,25,,,1
1200,'SUN',731,,4310,25,,,1,100,,4311,25,,,1,102,,4312,25,,,1,100,,4313,25,,,1,101,,4314,25,,,1,100,,4315,25,,,1,100,,4316,25,,,1,100,,4317,25,,,1,100,,4318,25,,,1,100,,4319,25,,,1,99,,4320,25,,,1,100,,4321,25,,,1,98,,4322,25,,,1,100,,4323,25,,,1,100,,4324,25,,,1,100,,4325,25,,,1
7400,'WKDY',534,,7119,23,,,1,100,,7120,23,,,1,70,,7148,23,,,1,30,,7121,23,,,1,71,,7149,23,,,1,29,,7122,23,,,1,69,,7123,23,,,1,30,,7124,23,,,1,70,,7125,23,,,1,30,,7126,23,,,1,70,,7127,23,,,1,31,,7128,23,,,1,71,,7129,23,,,1,30,,7130,23,,,1,71,,7131,23,,,1,30,,7132,23,,,1,70,,7133,23,,,1,29,,7134,23,,,1,69,,7135,23,,,1,30,,7136,23,,,1,70,,7137,23,,,1,30,,7138,23,,,1,70,,7139,23,,,1,30,,7140,23,,,1,71,,7141,23,,,1,30,,7142,23,,,1,70,,7143,23,,,1,28,,7144,23,,,1,71,,7146,23,,,1,30,,7150,23,,,1,70,,7145,23,,,1,99,,7147,23,,,1
7400,'SAT',813,,7151,23,,,1,100,,7152,23,,,1,99,,7153,23,,,1,100,,7154,23,,,1,100,,7155,23,,,1,100,,7156,23,,,1,100,,7157,23,,,1,100,,7158,23,,,1,100,,7159,23,,,1,100,,7160,23,,,1,100,,7161,23,,,1,100,,7162,23,,,1,100,,7163,23,,,1,101,,7164,23,,,1
7400,'SUN',813,,7165,23,,,1,100,,7166,23,,,1,99,,7167,23,,,1,100,,7168,23,,,1,100,,7169,23,,,1,100,,7170,23,,,1,100,,7171,23,,,1,100,,7172,23,,,1,100,,7173,23,,,1,100,,7174,23,,,1,100,,7175,23,,,1,100,,7176,23,,,1,100,,7177,23,,,1,101,,7178,23,,,1
8000,'WKDY',625,,7349,32,,,1,30,,7350,32,,,1,71,,7351,32,,,1,32,,7352,32,,,1,70,,7353,32,,,1,30,,7354,32,,,1,69,,7355,32,,,1,30,,7356,32,,,1,70,,7357,32,,,1,31,,7358,32,,,1,70,,7359,32,,,1,30,,7360,32,,,1,70,,7361,32,,,1,30,,7362,32,,,1,70,,7363,32,,,1,31,,7364,32,,,1,70,,7365,32,,,1,30,,7366,32,,,1,74,,7367,32,,,1,73,,7368,32,,,1,27,,7369,32,,,1,69,,7370,32,,,1,29,,7371,32,,,1,27,,7372,32,,,1,69,,7373,32,,,1,30,,7374,32,,,1,68,,7375,32,,,1,29,,7376,32,,,1,70,,7377,32,,,1,30,,7378,32,,,1,69,,7379,32,,,1
8000,'SAT',723,,7393,32,,,1,101,,7380,32,,,1,30,,7381,32,,,1,70,,7382,32,,,1,30,,7394,32,,,1,70,,7383,32,,,1,31,,7395,32,,,1,70,,7384,32,,,1,30,,7396,32,,,1,70,,7385,32,,,1,31,,7397,32,,,1,70,,7386,32,,,1,30,,7398,32,,,1,70,,7387,32,,,1,30,,7399,32,,,1,70,,7388,32,,,1,30,,7400,32,,,1,70,,7389,32,,,1,30,,7401,32,,,1,70,,7390,32,,,1,29,,7402,32,,,1,70,,7391,32,,,1,30,,7403,32,,,1,70,,7392,32,,,1,30,,7404,32,,,1,69,,7407,32,,,1,31,,7405,32,,,1,100,,7406,32,,,1
8000,'SUN',723,,7421,32,,,1,101,,7408,32,,,1,30,,7409,32,,,1,70,,7410,32,,,1,30,,7422,32,,,1,70,,7411,32,,,1,31,,7423,32,,,1,70,,7412,32,,,1,30,,7424,32,,,1,70,,7413,32,,,1,31,,7425,32,,,1,70,,7414,32,,,1,30,,7426,32,,,1,70,,7415,32,,,1,30,,7427,32,,,1,70,,7416,32,,,1,30,,7428,32,,,1,70,,7417,32,,,1,30,,7429,32,,,1,70,,7418,32,,,1,29,,7430,32,,,1,70,,7419,32,,,1,30,,7431,32,,,1,70,,7420,32,,,1,30,,7432,32,,,1,69,,7435,32,,,1,31,,7433,32,,,1,98,,7434,32,,,1
