4100,'WKDY',706,,7188,14,,,1,30,,7192,14,,,1,81,,7189,14,0,10 11 12,1,988,,7190,14,0,10 11 12,1,27,,7191,14,0,10 11 12,1
4100,'CCFWK',706,,7193,14,,,1,30,,7197,14,,,1,81,,7194,14,0,10 11 12,1,988,,7195,14,0,10 11 12,1,27,,7196,14,0,10 11 12,1
4100,'CCFFF',706,,7198,14,,,1,30,,7202,14,,,1,81,,7199,14,0,10 11 12,1,988,,7200,14,0,10 11 12,1,27,,7201,14,0,10 11 12,1
9201,'WKDY',608,,12965,27,,,1,30,,12966,27,,,1,70,,12967,27,,,1,30,,12968,27,,,1,71,,12969,27,,,1,31,,12970,27,,,1,70,,12971,27,,,1,30,,12972,27,,,1,70,,12973,27,,,1,30,,12974,27,,,1,70,,12975,27,,,1,30,,12976,27,,,1,70,,12977,27,,,1,30,,12978,27,,,1,71,,12979,27,,,1,31,,12980,27,,,1,70,,12981,27,,,1,31,,12982,27,,,1,70,,12983,27,,,1,31,,12984,27,,,1,70,,12985,27,,,1,30,,12986,27,,,1,68,,12987,27,,,1,29,,12988,27,,,1,70,,12989,27,,,1,30,,12990,27,,,1,69,,12991,27,,,1,30,,12992,27,,,1,67,,12993,27,,,1,100,,12994,27,,,1,100,,12995,27,,,1
9201,'SAT',753,,12996,27,,,1,100,,12997,27,,,1,100,,12998,27,,,1,101,,12999,27,,,1,101,,13000,27,,,1,100,,13001,27,,,1,100,,13002,27,,,1,99,,13003,27,,,1,100,,13004,27,,,1,100,,13005,27,,,1,100,,13006,27,,,1,98,,13007,27,,,1,100,,13008,27,,,1,100,,13009,27,,,1,100,,13010,27,,,1
9201,'SUN',753,,13011,27,,,1,100,,13012,27,,,1,100,,13013,27,,,1,101,,13014,27,,,1,101,,13015,27,,,1,100,,13016,27,,,1,100,,13017,27,,,1,99,,13018,27,,,1,100,,13019,27,,,1,100,,13020,27,,,1,100,,13021,27,,,1,98,,13022,27,,,1,100,,13023,27,,,1,100,,13024,27,,,1,100,,13025,27,,,1
9201,'CCFWK',608,,13026,27,,,1,30,,13027,27,,,1,70,,13028,27,,,1,30,,13029,27,,,1,71,,13030,27,,,1,31,,13031,27,,,1,70,,13032,27,,,1,30,,13033,27,,,1,70,,13034,27,,,1,30,,13035,27,,,1,70,,13036,27,,,1,30,,13037,27,,,1,70,,13038,27,,,1,30,,13039,27,,,1,71,,13040,27,,,1,31,,13041,27,,,1,70,,13042,27,,,1,31,,13043,27,,,1,70,,13044,27,,,1,31,,13045,27,,,1,70,,13046,27,,,1,30,,13047,27,,,1,68,,13048,27,,,1,29,,13049,27,,,1,70,,13050,27,,,1,30,,13051,27,,,1,69,,13052,27,,,1,30,,13053,27,,,1,67,,13054,27,,,1,100,,13055,27,,,1,100,,13056,27,,,1
9201,'CCFFF',608,,13057,27,,,1,30,,13058,27,,,1,70,,13059,27,,,1,30,,13060,27,,,1,71,,13061,27,,,1,31,,13062,27,,,1,70,,13063,27,,,1,30,,13064,27,,,1,70,,13065,27,,,1,30,,13066,27,,,1,70,,13067,27,,,1,30,,13068,27,,,1,70,,13069,27,,,1,30,,13070,27,,,1,71,,13071,27,,,1,31,,13072,27,,,1,70,,13073,27,,,1,31,,13074,27,,,1,70,,13075,27,,,1,31,,13076,27,,,1,70,,13077,27,,,1,30,,13078,27,,,1,68,,13079,27,,,1,29,,13080,27,,,1,70,,13081,27,,,1,30,,13082,27,,,1,69,,13083,27,,,1,30,,13084,27,,,1,67,,13085,27,,,1,100,,13086,27,,,1,100,,13087,27,,,1
9201,'CCFSAT',753,,13088,27,,,1,100,,13089,27,,,1,100,,13090,27,,,1,101,,13091,27,,,1,101,,13092,27,,,1,100,,13093,27,,,1,100,,13094,27,,,1,99,,13095,27,,,1,100,,13096,27,,,1,100,,13097,27,,,1,100,,13098,27,,,1,98,,13099,27,,,1,100,,13100,27,,,1,100,,13101,27,,,1,100,,13102,27,,,1
9201,'CCFSUN',753,,13103,27,,,1,100,,13104,27,,,1,100,,13105,27,,,1,101,,13106,27,,,1,101,,13107,27,,,1,100,,13108,27,,,1,100,,13109,27,,,1,99,,13110,27,,,1,100,,13111,27,,,1,100,,13112,27,,,1,100,,13113,27,,,1,98,,13114,27,,,1,100,,13115,27,,,1,100,,13116,27,,,1,100,,13117,27,,,1
