3001,'WKDY',530,,5898,24,,,1,96,,5899,42,,,1,30,,5900,42,,,1,64,,5901,42,,,1,38,,5902,42,,,1,70,,5903,42,,,1,29,,5904,42,,,1,70,,5905,42,,,1,30,,5906,42,,,1,69,,5907,42,,,1,29,,5908,42,,,1,72,,5909,42,,,1,30,,5910,42,,,1,70,,5911,42,,,1,31,,5912,42,,,1,71,,5913,42,,,1,30,,5914,42,,,1,69,,5915,42,,,1,72,,5916,42,,,1,33,,5917,42,,,1,70,,5918,42,,,1,32,,5919,42,,,1,69,,5920,42,,,1,29,,5921,42,,,1,67,,5922,42,,,1,26,,5923,42,,,1,29,,5924,42,,,1,67,,5925,42,,,1,28,,5926,42,,,1,69,,5927,42,,,1,29,,5928,42,,,1,68,,5929,42,,,1,96,,5930,42,,,1
3001,'SAT',708,,5931,42,,,1,100,,5932,42,,,1,33,,5933,42,,,1,72,,5934,42,,,1,31,,5935,42,,,1,72,,5936,42,,,1,30,,5937,42,,,1,71,,5938,42,,,1,31,,5939,42,,,1,72,,5940,42,,,1,30,,5941,42,,,1,71,,5942,42,,,1,30,,5943,42,,,1,70,,5944,42,,,1,29,,5945,42,,,1,70,,5946,42,,,1,30,,5947,42,,,1,70,,5948,42,,,1,30,,5949,42,,,1,70,,5950,42,,,1,28,,5951,42,,,1,68,,5952,42,,,1,99,,5953,42,,,1,98,,5954,42,,,1,100,,5955,42,,,1
3001,'SUN',708,,5956,42,,,1,100,,5957,42,,,1,105,,5958,42,,,1,103,,5959,42,,,1,101,,5960,42,,,1,102,,5961,42,,,1,101,,5962,42,,,1,100,,5963,42,,,1,99,,5964,42,,,1,100,,5965,42,,,1,100,,5966,42,,,1,97,,5967,42,,,1,99,,5968,42,,,1,98,,5969,42,,,1,100,,5970,42,,,1
3001,'CCFWK',530,,5971,24,,,1,96,,5972,42,,,1,30,,5973,42,,,1,64,,5974,42,,,1,38,,5975,42,,,1,70,,5976,42,,,1,29,,5977,42,,,1,70,,5978,42,,,1,30,,5979,42,,,1,69,,5980,42,,,1,29,,5981,42,,,1,72,,5982,42,,,1,30,,5983,42,,,1,70,,5984,42,,,1,31,,5985,42,,,1,71,,5986,42,,,1,30,,5987,42,,,1,69,,5988,42,,,1,72,,5989,42,,,1,33,,5990,42,,,1,70,,5991,42,,,1,32,,5992,42,,,1,69,,5993,42,,,1,29,,5994,42,,,1,67,,5995,42,,,1,26,,5996,42,,,1,29,,5997,42,,,1,67,,5998,42,,,1,28,,5999,42,,,1,69,,6000,42,,,1,29,,6001,42,,,1,68,,6002,42,,,1,96,,6003,42,,,1
3001,'CCFFF',530,,6004,24,,,1,96,,6005,42,,,1,30,,6006,42,,,1,64,,6007,42,,,1,38,,6008,42,,,1,70,,6009,42,,,1,29,,6010,42,,,1,70,,6011,42,,,1,30,,6012,42,,,1,69,,6013,42,,,1,29,,6014,42,,,1,72,,6015,42,,,1,30,,6016,42,,,1,70,,6017,42,,,1,31,,6018,42,,,1,71,,6019,42,,,1,30,,6020,42,,,1,69,,6021,42,,,1,72,,6022,42,,,1,33,,6023,42,,,1,70,,6024,42,,,1,32,,6025,42,,,1,69,,6026,42,,,1,29,,6027,42,,,1,67,,6028,42,,,1,26,,6029,42,,,1,29,,6030,42,,,1,67,,6031,42,,,1,28,,6032,42,,,1,69,,6033,42,,,1,29,,6034,42,,,1,68,,6035,42,,,1,96,,6036,42,,,1
3001,'CCFSAT',708,,6037,42,,,1,100,,6038,42,,,1,33,,6039,42,,,1,72,,6040,42,,,1,31,,6041,42,,,1,72,,6042,42,,,1,30,,6043,42,,,1,71,,6044,42,,,1,31,,6045,42,,,1,72,,6046,42,,,1,30,,6047,42,,,1,71,,6048,42,,,1,30,,6049,42,,,1,70,,6050,42,,,1,29,,6051,42,,,1,70,,6052,42,,,1,30,,6053,42,,,1,70,,6054,42,,,1,30,,6055,42,,,1,70,,6056,42,,,1,28,,6057,42,,,1,68,,6058,42,,,1,99,,6059,42,,,1,98,,6060,42,,,1,100,,6061,42,,,1
3001,'CCFSUN',708,,6062,42,,,1,100,,6063,42,,,1,105,,6064,42,,,1,103,,6065,42,,,1,101,,6066,42,,,1,102,,6067,42,,,1,101,,6068,42,,,1,100,,6069,42,,,1,99,,6070,42,,,1,100,,6071,42,,,1,100,,6072,42,,,1,97,,6073,42,,,1,99,,6074,42,,,1,98,,6075,42,,,1,100,,6076,42,,,1
7400,'WKDY',502,,11815,24,,,1,100,,11816,24,,,1,31,,11844,24,,,1,70,,11817,24,,,1,31,,11845,24,,,1,70,,11818,24,,,1,30,,11819,24,,,1,70,,11820,24,,,1,30,,11821,24,,,1,70,,11822,24,,,1,30,,11823,24,,,1,70,,11824,24,,,1,31,,11825,24,,,1,70,,11826,24,,,1,30,,11827,24,,,1,70,,11828,24,,,1,30,,11829,24,,,1,70,,11830,24,,,1,31,,11831,24,,,1,70,,11832,24,,,1,30,,11833,24,,,1,71,,11834,24,,,1,31,,11835,24,,,1,70,,11836,24,,,1,29,,11837,24,,,1,69,,11838,24,,,1,29,,11839,24,,,1,70,,11840,24,,,1,28,,11841,24,,,1,70,,11842,24,,,1,30,,11846,24,,,1,70,,11847,24,,,1,30,,11843,24,,,1
7400,'SAT',737,,11848,24,,,1,101,,11849,24,,,1,102,,11850,24,,,1,100,,11851,24,,,1,101,,11852,24,,,1,101,,11853,24,,,1,100,,11854,24,,,1,100,,11855,24,,,1,100,,11856,24,,,1,100,,11857,24,,,1,99,,11858,24,,,1,100,,11859,24,,,1,99,,11860,24,,,1,100,,11861,24,,,1
7400,'SUN',737,,11862,24,,,1,101,,11863,24,,,1,102,,11864,24,,,1,100,,11865,24,,,1,101,,11866,24,,,1,101,,11867,24,,,1,100,,11868,24,,,1,100,,11869,24,,,1,100,,11870,24,,,1,100,,11871,24,,,1,99,,11872,24,,,1,100,,11873,24,,,1,99,,11874,24,,,1,100,,11875,24,,,1
7400,'CCFWK',502,,11876,24,,,1,100,,11877,24,,,1,31,,11905,24,,,1,70,,11878,24,,,1,31,,11906,24,,,1,70,,11879,24,,,1,30,,11880,24,,,1,70,,11881,24,,,1,30,,11882,24,,,1,70,,11883,24,,,1,30,,11884,24,,,1,70,,11885,24,,,1,31,,11886,24,,,1,70,,11887,24,,,1,30,,11888,24,,,1,70,,11889,24,,,1,30,,11890,24,,,1,70,,11891,24,,,1,31,,11892,24,,,1,70,,11893,24,,,1,30,,11894,24,,,1,71,,11895,24,,,1,31,,11896,24,,,1,70,,11897,24,,,1,29,,11898,24,,,1,69,,11899,24,,,1,29,,11900,24,,,1,70,,11901,24,,,1,28,,11902,24,,,1,70,,11903,24,,,1,30,,11907,24,,,1,70,,11908,24,,,1,30,,11904,24,,,1
7400,'CCFFF',502,,11909,24,,,1,100,,11910,24,,,1,31,,11938,24,,,1,70,,11911,24,,,1,31,,11939,24,,,1,70,,11912,24,,,1,30,,11913,24,,,1,70,,11914,24,,,1,30,,11915,24,,,1,70,,11916,24,,,1,30,,11917,24,,,1,70,,11918,24,,,1,31,,11919,24,,,1,70,,11920,24,,,1,30,,11921,24,,,1,70,,11922,24,,,1,30,,11923,24,,,1,70,,11924,24,,,1,31,,11925,24,,,1,70,,11926,24,,,1,30,,11927,24,,,1,71,,11928,24,,,1,31,,11929,24,,,1,70,,11930,24,,,1,29,,11931,24,,,1,69,,11932,24,,,1,29,,11933,24,,,1,70,,11934,24,,,1,28,,11935,24,,,1,70,,11936,24,,,1,30,,11940,24,,,1,70,,11941,24,,,1,30,,11937,24,,,1
7400,'CCFSAT',737,,11942,24,,,1,101,,11943,24,,,1,102,,11944,24,,,1,100,,11945,24,,,1,101,,11946,24,,,1,101,,11947,24,,,1,100,,11948,24,,,1,100,,11949,24,,,1,100,,11950,24,,,1,100,,11951,24,,,1,99,,11952,24,,,1,100,,11953,24,,,1,99,,11954,24,,,1,100,,11955,24,,,1
7400,'CCFSUN',737,,11956,24,,,1,101,,11957,24,,,1,102,,11958,24,,,1,100,,11959,24,,,1,101,,11960,24,,,1,101,,11961,24,,,1,100,,11962,24,,,1,100,,11963,24,,,1,100,,11964,24,,,1,100,,11965,24,,,1,99,,11966,24,,,1,100,,11967,24,,,1,99,,11968,24,,,1,100,,11969,24,,,1
