3200,'WKDY',606,,6381,31,,,1,30,,6382,31,,,1,70,,6383,31,,,1,30,,6384,31,,,1,70,,6385,31,,,1,30,,6386,31,,,1,70,,6387,31,,,1,30,,6388,31,,,1,70,,6389,31,,,1,30,,6390,31,,,1,70,,6391,31,,,1,30,,6392,31,,,1,70,,6393,31,,,1,30,,6394,31,,,1,69,,6395,31,,,1,30,,6396,31,,,1,70,,6397,31,,,1,30,,6398,31,,,1,70,,6399,31,,,1,30,,6400,31,,,1,70,,6401,31,,,1,30,,6402,31,,,1,70,,6403,31,,,1,30,,6404,31,,,1,71,,6405,31,,,1,30,,6406,31,,,1,70,,6407,31,,,1,30,,6408,31,,,1,100,,6409,31,,,1,100,,6410,31,,,1
3200,'SAT',813,,6427,31,,,1,40,,6428,31,,,1,80,,6429,31,,,1,80,,6411,31,,,1,40,,6412,31,,,1,80,,6413,31,,,1,80,,6414,31,,,1,40,,6415,31,,,1,80,,6416,31,,,1,80,,6417,31,,,1,40,,6418,31,,,1,80,,6419,31,,,1,80,,6420,31,,,1,40,,6421,31,,,1,80,,6422,31,,,1,80,,6423,31,,,1,40,,6424,31,,,1,80,,6425,31,,,1,80,,6426,31,,,1
3200,'SUN',813,,6430,31,,,1,100,,6431,31,,,1,100,,6432,31,,,1,100,,6433,31,,,1,100,,6434,31,,,1,100,,6435,31,,,1,100,,6436,31,,,1,100,,6437,31,,,1,100,,6438,31,,,1,100,,6439,31,,,1,100,,6440,31,,,1,100,,6441,31,,,1,100,,6442,31,,,1
3200,'CCFWK',606,,6443,31,,,1,30,,6444,31,,,1,70,,6445,31,,,1,30,,6446,31,,,1,70,,6447,31,,,1,30,,6448,31,,,1,70,,6449,31,,,1,30,,6450,31,,,1,70,,6451,31,,,1,30,,6452,31,,,1,70,,6453,31,,,1,30,,6454,31,,,1,70,,6455,31,,,1,30,,6456,31,,,1,69,,6457,31,,,1,30,,6458,31,,,1,70,,6459,31,,,1,30,,6460,31,,,1,70,,6461,31,,,1,30,,6462,31,,,1,70,,6463,31,,,1,30,,6464,31,,,1,70,,6465,31,,,1,30,,6466,31,,,1,71,,6467,31,,,1,30,,6468,31,,,1,70,,6469,31,,,1,30,,6470,31,,,1,100,,6471,31,,,1,100,,6472,31,,,1
3200,'CCFFF',606,,6473,31,,,1,30,,6474,31,,,1,70,,6475,31,,,1,30,,6476,31,,,1,70,,6477,31,,,1,30,,6478,31,,,1,70,,6479,31,,,1,30,,6480,31,,,1,70,,6481,31,,,1,30,,6482,31,,,1,70,,6483,31,,,1,30,,6484,31,,,1,70,,6485,31,,,1,30,,6486,31,,,1,69,,6487,31,,,1,30,,6488,31,,,1,70,,6489,31,,,1,30,,6490,31,,,1,70,,6491,31,,,1,30,,6492,31,,,1,70,,6493,31,,,1,30,,6494,31,,,1,70,,6495,31,,,1,30,,6496,31,,,1,71,,6497,31,,,1,30,,6498,31,,,1,70,,6499,31,,,1,30,,6500,31,,,1,100,,6501,31,,,1,100,,6502,31,,,1
3200,'CCFSAT',813,,6519,31,,,1,40,,6520,31,,,1,80,,6521,31,,,1,80,,6503,31,,,1,40,,6504,31,,,1,80,,6505,31,,,1,80,,6506,31,,,1,40,,6507,31,,,1,80,,6508,31,,,1,80,,6509,31,,,1,40,,6510,31,,,1,80,,6511,31,,,1,80,,6512,31,,,1,40,,6513,31,,,1,80,,6514,31,,,1,80,,6515,31,,,1,40,,6516,31,,,1,80,,6517,31,,,1,80,,6518,31,,,1
3200,'CCFSUN',813,,6522,31,,,1,100,,6523,31,,,1,100,,6524,31,,,1,100,,6525,31,,,1,100,,6526,31,,,1,100,,6527,31,,,1,100,,6528,31,,,1,100,,6529,31,,,1,100,,6530,31,,,1,100,,6531,31,,,1,100,,6532,31,,,1,100,,6533,31,,,1,100,,6534,31,,,1
7800,'WKDY',458,,12257,24,,,1,142,,12258,24,,,1,31,,12259,24,,,1,72,,12260,24,,,1,30,,12261,24,,,1,70,,12262,24,,,1,30,,12263,24,,,1,71,,12264,24,,,1,31,,12281,24,,,1,70,,12265,24,,,1,31,,12282,24,,,1,70,,12266,24,,,1,31,,12283,24,,,1,70,,12267,24,,,1,30,,12284,24,,,1,70,,12268,24,,,1,31,,12285,24,,,1,70,,12269,24,,,1,30,,12286,24,,,1,70,,12270,24,,,1,30,,12271,24,,,1,70,,12272,24,,,1,30,,12273,24,,,1,70,,12274,24,,,1,30,,12275,24,,,1,70,,12276,24,,,1,100,,12277,24,,,1,96,,12278,24,,,1,99,,12279,24,,,1,97,,12280,24,,,1
7800,'SAT',804,,12287,24,,,1,100,,12288,24,,,1,100,,12289,24,,,1,101,,12290,24,,,1,100,,12291,24,,,1,101,,12292,24,,,1,100,,12293,24,,,1,100,,12294,24,,,1,100,,12295,24,,,1,100,,12296,24,,,1,100,,12297,24,,,1,99,,12298,24,,,1,98,,12299,24,,,1
7800,'SUN',804,,12300,24,,,1,100,,12301,24,,,1,100,,12302,24,,,1,101,,12303,24,,,1,100,,12304,24,,,1,101,,12305,24,,,1,100,,12306,24,,,1,100,,12307,24,,,1,100,,12308,24,,,1,100,,12309,24,,,1,100,,12310,24,,,1,99,,12311,24,,,1,98,,12312,24,,,1
7800,'CCFWK',458,,12313,24,,,1,142,,12314,24,,,1,31,,12315,24,,,1,72,,12316,24,,,1,30,,12317,24,,,1,70,,12318,24,,,1,30,,12319,24,,,1,71,,12320,24,,,1,31,,12337,24,,,1,70,,12321,24,,,1,31,,12338,24,,,1,70,,12322,24,,,1,31,,12339,24,,,1,70,,12323,24,,,1,30,,12340,24,,,1,70,,12324,24,,,1,31,,12341,24,,,1,70,,12325,24,,,1,30,,12342,24,,,1,70,,12326,24,,,1,30,,12327,24,,,1,70,,12328,24,,,1,30,,12329,24,,,1,70,,12330,24,,,1,30,,12331,24,,,1,70,,12332,24,,,1,100,,12333,24,,,1,96,,12334,24,,,1,99,,12335,24,,,1,97,,12336,24,,,1
7800,'CCFFF',458,,12343,24,,,1,142,,12344,24,,,1,31,,12345,24,,,1,72,,12346,24,,,1,30,,12347,24,,,1,70,,12348,24,,,1,30,,12349,24,,,1,71,,12350,24,,,1,31,,12367,24,,,1,70,,12351,24,,,1,31,,12368,24,,,1,70,,12352,24,,,1,31,,12369,24,,,1,70,,12353,24,,,1,30,,12370,24,,,1,70,,12354,24,,,1,31,,12371,24,,,1,70,,12355,24,,,1,30,,12372,24,,,1,70,,12356,24,,,1,30,,12357,24,,,1,70,,12358,24,,,1,30,,12359,24,,,1,70,,12360,24,,,1,30,,12361,24,,,1,70,,12362,24,,,1,100,,12363,24,,,1,96,,12364,24,,,1,99,,12365,24,,,1,97,,12366,24,,,1
7800,'CCFSAT',804,,12373,24,,,1,100,,12374,24,,,1,100,,12375,24,,,1,101,,12376,24,,,1,100,,12377,24,,,1,101,,12378,24,,,1,100,,12379,24,,,1,100,,12380,24,,,1,100,,12381,24,,,1,100,,12382,24,,,1,100,,12383,24,,,1,99,,12384,24,,,1,98,,12385,24,,,1
7800,'CCFSUN',804,,12386,24,,,1,100,,12387,24,,,1,100,,12388,24,,,1,101,,12389,24,,,1,100,,12390,24,,,1,101,,12391,24,,,1,100,,12392,24,,,1,100,,12393,24,,,1,100,,12394,24,,,1,100,,12395,24,,,1,100,,12396,24,,,1,99,,12397,24,,,1,98,,12398,24,,,1
