700,'WKDY',544,,301,2,,,1,105,,302,2,,,1,68,,303,2,,,1,30,,304,2,,,1,70,,305,2,,,1,30,,306,2,,,1,70,,307,2,,,1,30,,308,2,,,1,70,,309,2,,,1,30,,310,2,,,1,70,,311,2,,,1,30,,312,2,,,1,70,,313,2,,,1,30,,314,2,,,1,70,,315,2,,,1,30,,316,2,,,1,71,,317,2,,,1,30,,318,2,,,1,70,,319,2,,,1,30,,320,2,,,1,70,,321,2,,,1,30,,322,2,,,1,70,,323,2,,,1,30,,324,2,,,1,69,,325,2,,,1,30,,326,2,,,1,70,,327,2,,,1,100,,328,2,,,1,100,,329,2,,,1
700,'SAT',647,,341,2,,,1,100,,342,2,,,1,100,,330,2,,,1,100,,331,2,,,1,100,,332,2,,,1,100,,333,2,,,1,100,,334,2,,,1,100,,335,2,,,1,100,,336,2,,,1,100,,337,2,,,1,100,,338,2,,,1,100,,339,2,,,1,100,,340,2,,,1,100,,343,2,,,1,100,,344,2,,,1
700,'SUN',647,,356,2,,,1,100,,357,2,,,1,100,,345,2,,,1,100,,346,2,,,1,100,,347,2,,,1,100,,348,2,,,1,100,,349,2,,,1,100,,350,2,,,1,100,,351,2,,,1,100,,352,2,,,1,100,,353,2,,,1,100,,354,2,,,1,100,,355,2,,,1,100,,358,2,,,1,100,,359,2,,,1
1201,'WKDY',524,,449,2,,,1,30,,450,2,,,1,70,,451,2,,,1,30,,452,2,,,1,70,,453,2,,,1,30,,454,2,,,1,70,,455,2,,,1,30,,456,2,,,1,70,,457,2,,,1,30,,458,2,,,1,70,,459,2,,,1,30,,460,2,,,1,70,,461,2,,,1,30,,462,2,,,1,70,,463,2,,,1,30,,464,2,,,1,70,,465,2,,,1,30,,466,2,,,1,70,,467,2,,,1,30,,468,2,,,1,70,,469,2,,,1,30,,470,2,,,1,70,,471,2,,,1,30,,472,2,,,1,70,,473,2,,,1,30,,474,2,,,1,70,,475,2,,,1,30,,476,2,,,1,70,,477,2,,,1,30,,478,2,,,1,70,,479,2,,,1,30,,480,2,,,1
1201,'SAT',616,,481,2,,,1,100,,482,2,,,1,100,,483,2,,,1,100,,484,2,,,1,100,,485,2,,,1,100,,486,2,,,1,100,,487,2,,,1,100,,488,2,,,1,100,,489,2,,,1,100,,490,2,,,1,100,,491,2,,,1,100,,492,2,,,1,100,,493,2,,,1,100,,494,2,,,1,100,,495,2,,,1,100,,496,2,,,1
1201,'SUN',616,,497,2,,,1,100,,498,2,,,1,100,,499,2,,,1,100,,500,2,,,1,100,,501,2,,,1,100,,502,2,,,1,100,,503,2,,,1,100,,504,2,,,1,100,,505,2,,,1,100,,506,2,,,1,100,,507,2,,,1,100,,508,2,,,1,100,,509,2,,,1,100,,510,2,,,1,100,,511,2,,,1,100,,512,2,,,1
7201,'WKDY',501,,3186,2,,,1,49,,3187,2,,,1,70,,3188,2,,,1,30,,3189,2,,,1,70,,3190,2,,,1,30,,3191,2,,,1,70,,3192,2,,,1,30,,3193,2,,,1,70,,3210,2,,,1,30,,3194,2,,,1,70,,3211,2,,,1,30,,3195,2,,,1,70,,3212,2,,,1,30,,3196,2,,,1,70,,3213,2,,,1,30,,3197,2,,,1,70,,3214,2,,,1,30,,3198,2,,,1,70,,3215,2,,,1,30,,3199,2,,,1,70,,3200,2,,,1,30,,3201,2,,,1,70,,3202,2,,,1,30,,3203,2,,,1,70,,3204,2,,,1,30,,3205,2,,,1,70,,3206,2,,,1,30,,3207,2,,,1,100,,3208,2,,,1,151,,3209,2,,,1
7201,'SAT',720,,3216,2,,,1,100,,3217,2,,,1,100,,3218,2,,,1,100,,3219,2,,,1,100,,3220,2,,,1,100,,3221,2,,,1,100,,3222,2,,,1,100,,3223,2,,,1,100,,3224,2,,,1,100,,3225,2,,,1,100,,3226,2,,,1,100,,3227,2,,,1,100,,3228,2,,,1
7201,'SUN',720,,3229,2,,,1,100,,3230,2,,,1,100,,3231,2,,,1,100,,3232,2,,,1,100,,3233,2,,,1,100,,3234,2,,,1,100,,3235,2,,,1,100,,3236,2,,,1,100,,3237,2,,,1,100,,3238,2,,,1,100,,3239,2,,,1,100,,3240,2,,,1,100,,3241,2,,,1
7400,'WKDY',445,,3302,2,,,1,100,,3303,2,,,1,70,,3331,2,,,1,30,,3304,2,,,1,70,,3332,2,,,1,30,,3305,2,,,1,70,,3306,2,,,1,30,,3307,2,,,1,70,,3308,2,,,1,30,,3309,2,,,1,70,,3310,2,,,1,30,,3311,2,,,1,70,,3312,2,,,1,30,,3313,2,,,1,70,,3314,2,,,1,30,,3315,2,,,1,70,,3316,2,,,1,30,,3317,2,,,1,70,,3318,2,,,1,30,,3319,2,,,1,70,,3320,2,,,1,30,,3321,2,,,1,71,,3322,2,,,1,30,,3323,2,,,1,70,,3324,2,,,1,30,,3325,2,,,1,69,,3326,2,,,1,30,,3327,2,,,1,70,,3328,2,,,1,30,,3329,2,,,1,70,,3333,2,,,1,30,,3334,2,,,1,70,,3330,2,,,1
7400,'SAT',721,,3335,2,,,1,100,,3336,2,,,1,100,,3337,2,,,1,100,,3338,2,,,1,100,,3339,2,,,1,100,,3340,2,,,1,100,,3341,2,,,1,100,,3342,2,,,1,100,,3343,2,,,1,100,,3344,2,,,1,100,,3345,2,,,1,100,,3346,2,,,1,100,,3347,2,,,1,100,,3348,2,,,1
7400,'SUN',721,,3349,2,,,1,100,,3350,2,,,1,100,,3351,2,,,1,100,,3352,2,,,1,100,,3353,2,,,1,100,,3354,2,,,1,100,,3355,2,,,1,100,,3356,2,,,1,100,,3357,2,,,1,100,,3358,2,,,1,100,,3359,2,,,1,100,,3360,2,,,1,100,,3361,2,,,1,100,,3362,2,,,1
8001,'WKDY',521,,3472,2,,,1,30,,3503,2,,,1,70,,3473,2,,,1,30,,3474,2,,,1,70,,3475,2,,,1,30,,3476,2,,,1,70,,3477,2,,,1,30,,3478,2,,,1,70,,3479,2,,,1,30,,3480,2,,,1,70,,3481,2,,,1,30,,3482,2,,,1,70,,3483,2,,,1,30,,3484,2,,,1,70,,3485,2,,,1,30,,3486,2,,,1,70,,3487,2,,,1,30,,3488,2,,,1,70,,3489,2,,,1,30,,3490,2,,,1,70,,3491,2,,,1,31,,3492,2,,,1,70,,3493,2,,,1,29,,3494,2,,,1,70,,3495,2,,,1,30,,3496,2,,,1,70,,3497,2,,,1,30,,3498,2,,,1,70,,3499,2,,,1,30,,3500,2,,,1,70,,3501,2,,,1,30,,3502,2,,,1
8001,'SAT',621,,3516,2,,,1,100,,3504,2,,,1,30,,3505,2,,,1,70,,3506,2,,,1,30,,3517,2,,,1,70,,3507,2,,,1,30,,3518,2,,,1,70,,3508,2,,,1,30,,3519,2,,,1,70,,3509,2,,,1,30,,3520,2,,,1,70,,3510,2,,,1,30,,3521,2,,,1,70,,3511,2,,,1,30,,3522,2,,,1,70,,3512,2,,,1,30,,3523,2,,,1,70,,3513,2,,,1,30,,3524,2,,,1,70,,3514,2,,,1,30,,3525,2,,,1,70,,3515,2,,,1,30,,3526,2,,,1,70,,3527,2,,,1,30,,3528,2,,,1,70,,3529,2,,,1,30,,3530,2,,,1,100,,3531,2,,,1
8001,'SUN',621,,3545,2,,,1,100,,3532,2,,,1,30,,3533,2,,,1,70,,3534,2,,,1,30,,3546,2,,,1,70,,3535,2,,,1,30,,3547,2,,,1,70,,3536,2,,,1,30,,3548,2,,,1,70,,3537,2,,,1,30,,3549,2,,,1,70,,3538,2,,,1,30,,3550,2,,,1,70,,3539,2,,,1,30,,3551,2,,,1,70,,3540,2,,,1,30,,3552,2,,,1,70,,3541,2,,,1,30,,3553,2,,,1,70,,3542,2,,,1,30,,3554,2,,,1,70,,3543,2,,,1,30,,3555,2,,,1,70,,3544,2,,,1,30,,3556,2,,,1,70,,3558,2,,,1,30,,3557,2,,,1,100,,3559,2,,,1
