3101,'WKDY',543,,6231,7,,,1,71,,6232,7,,,1,30,,6233,7,,,1,70,,6234,7,,,1,32,,6235,7,,,1,72,,6236,7,,,1,30,,6237,7,,,1,68,,6238,7,,,1,30,,6239,7,,,1,70,,6240,7,,,1,30,,6241,7,,,1,70,,6242,7,,,1,32,,6243,7,,,1,70,,6244,7,,,1,30,,6245,7,,,1,70,,6246,7,,,1,30,,6247,7,,,1,71,,6248,7,,,1,32,,6249,7,,,1,70,,6250,7,,,1,30,,6251,7,,,1,70,,6252,7,,,1,28,,6253,7,,,1,68,,6254,7,,,1,30,,6255,7,,,1,69,,6256,7,,,1,29,,6257,7,,,1,70,,6258,7,,,1,100,,6259,7,,,1,97,,6260,7,,,1
3101,'SAT',849,,6261,7,,,1,80,,6262,7,,,1,80,,6263,7,,,1,40,,6264,7,,,1,81,,6265,7,,,1,80,,6266,7,,,1,40,,6267,7,,,1,80,,6268,7,,,1,80,,6269,7,,,1,40,,6270,7,,,1,80,,6271,7,,,1,80,,6272,7,,,1,40,,6273,7,,,1,80,,6274,7,,,1,80,,6275,7,,,1,39,,6276,7,,,1,80,,6277,7,,,1,80,,6278,7,,,1
3101,'SUN',849,,6279,7,,,1,100,,6280,7,,,1,100,,6281,7,,,1,101,,6282,7,,,1,100,,6283,7,,,1,100,,6284,7,,,1,100,,6285,7,,,1,100,,6286,7,,,1,100,,6287,7,,,1,99,,6288,7,,,1,100,,6289,7,,,1,100,,6290,7,,,1
3101,'CCFWK',543,,6291,7,,,1,71,,6292,7,,,1,30,,6293,7,,,1,70,,6294,7,,,1,32,,6295,7,,,1,72,,6296,7,,,1,30,,6297,7,,,1,68,,6298,7,,,1,30,,6299,7,,,1,70,,6300,7,,,1,30,,6301,7,,,1,70,,6302,7,,,1,32,,6303,7,,,1,70,,6304,7,,,1,30,,6305,7,,,1,70,,6306,7,,,1,30,,6307,7,,,1,71,,6308,7,,,1,32,,6309,7,,,1,70,,6310,7,,,1,30,,6311,7,,,1,70,,6312,7,,,1,28,,6313,7,,,1,68,,6314,7,,,1,30,,6315,7,,,1,69,,6316,7,,,1,29,,6317,7,,,1,70,,6318,7,,,1,100,,6319,7,,,1,97,,6320,7,,,1
3101,'CCFFF',543,,6321,7,,,1,71,,6322,7,,,1,30,,6323,7,,,1,70,,6324,7,,,1,32,,6325,7,,,1,72,,6326,7,,,1,30,,6327,7,,,1,68,,6328,7,,,1,30,,6329,7,,,1,70,,6330,7,,,1,30,,6331,7,,,1,70,,6332,7,,,1,32,,6333,7,,,1,70,,6334,7,,,1,30,,6335,7,,,1,70,,6336,7,,,1,30,,6337,7,,,1,71,,6338,7,,,1,32,,6339,7,,,1,70,,6340,7,,,1,30,,6341,7,,,1,70,,6342,7,,,1,28,,6343,7,,,1,68,,6344,7,,,1,30,,6345,7,,,1,69,,6346,7,,,1,29,,6347,7,,,1,70,,6348,7,,,1,100,,6349,7,,,1,97,,6350,7,,,1
3101,'CCFSAT',849,,6351,7,,,1,80,,6352,7,,,1,80,,6353,7,,,1,40,,6354,7,,,1,81,,6355,7,,,1,80,,6356,7,,,1,40,,6357,7,,,1,80,,6358,7,,,1,80,,6359,7,,,1,40,,6360,7,,,1,80,,6361,7,,,1,80,,6362,7,,,1,40,,6363,7,,,1,80,,6364,7,,,1,80,,6365,7,,,1,39,,6366,7,,,1,80,,6367,7,,,1,80,,6368,7,,,1
3101,'CCFSUN',849,,6369,7,,,1,100,,6370,7,,,1,100,,6371,7,,,1,101,,6372,7,,,1,100,,6373,7,,,1,100,,6374,7,,,1,100,,6375,7,,,1,100,,6376,7,,,1,100,,6377,7,,,1,99,,6378,7,,,1,100,,6379,7,,,1,100,,6380,7,,,1
7100,'WKDY',555,,10851,10,,,1,66,,10852,10,,,1,30,,10853,10,,,1,70,,10854,10,,,1,15,,10855,10,,,1,15,,10856,10,,,1,55,,10857,10,,,1,16,,10858,10,,,1,15,,10859,10,,,1,15,,10860,10,,,1,55,,10861,10,,,1,16,,10862,10,,,1,15,,10863,10,,,1,16,,10864,10,,,1,55,,10865,10,,,1,15,,10866,10,,,1,16,,10867,10,,,1,15,,10868,10,,,1,55,,10869,10,,,1,16,,10870,10,,,1,16,,10871,10,,,1,15,,10872,10,,,1,59,,10873,10,,,1,8,,10874,10,,,1,15,,10875,10,,,1,15,,10876,10,,,1,56,,10877,10,,,1,15,,10878,10,,,1,15,,10879,10,,,1,15,,10880,10,,,1,56,,10881,10,,,1,15,,10882,10,,,1,17,,10883,10,,,1,15,,10884,10,,,1,55,,10885,10,,,1,16,,10886,10,,,1,15,,10887,10,,,1,15,,10888,10,,,1,55,,10889,10,,,1,15,,10890,10,,,1,15,,10891,10,,,1,15,,10892,10,,,1,55,,10893,10,,,1,15,,10894,10,,,1,14,,10895,10,,,1,14,,10896,10,,,1,54,,10897,10,,,1,15,,10898,10,,,1,28,,10899,10,,,1,68,,10900,10,,,1,30,,10901,10,,,1,70,,10902,10,,,1,29,,10903,10,,,1,69,,10904,10,,,1,29,,10905,10,,,1,69,,10906,10,,,1,30,,10907,10,,,1,100,,10908,10,,,1
7100,'SAT',652,,10909,10,,,1,60,,10910,10,,,1,21,,10911,10,,,1,20,,10912,10,,,1,60,,10913,10,,,1,21,,10914,10,,,1,20,,10915,10,,,1,60,,10916,10,,,1,21,,10917,10,,,1,20,,10918,10,,,1,60,,10919,10,,,1,21,,10920,10,,,1,20,,10921,10,,,1,61,,10922,10,,,1,20,,10923,10,,,1,20,,10924,10,,,1,61,,10925,10,,,1,22,,10926,10,,,1,61,,10927,10,,,1,20,,10928,10,,,1,20,,10929,10,,,1,61,,10930,10,,,1,20,,10931,10,,,1,21,,10932,10,,,1,60,,10933,10,,,1,20,,10934,10,,,1,20,,10935,10,,,1,60,,10936,10,,,1,20,,10937,10,,,1,19,,10938,10,,,1,60,,10939,10,,,1,20,,10940,10,,,1,19,,10941,10,,,1,60,,10942,10,,,1,20,,10943,10,,,1,19,,10944,10,,,1,60,,10945,10,,,1,19,,10946,10,,,1,20,,10947,10,,,1,20,,10948,10,,,1,59,,10949,10,,,1,20,,10950,10,,,1,20,,10951,10,,,1,58,,10952,10,,,1,20,,10953,10,,,1,20,,10954,10,,,1,70,,10955,10,,,1,29,,10956,10,,,1,70,,10957,10,,,1
7100,'SUN',652,,10958,10,,,1,70,,10959,10,,,1,31,,10960,10,,,1,71,,10961,10,,,1,30,,10962,10,,,1,70,,10963,10,,,1,31,,10964,10,,,1,70,,10965,10,,,1,31,,10966,10,,,1,71,,10967,10,,,1,30,,10968,10,,,1,74,,10969,10,,,1,70,,10970,10,,,1,30,,10971,10,,,1,71,,10972,10,,,1,30,,10973,10,,,1,71,,10974,10,,,1,30,,10975,10,,,1,70,,10976,10,,,1,30,,10977,10,,,1,69,,10978,10,,,1,30,,10979,10,,,1,69,,10980,10,,,1,29,,10981,10,,,1,70,,10982,10,,,1,29,,10983,10,,,1,30,,10984,10,,,1,69,,10985,10,,,1,30,,10986,10,,,1,70,,10987,10,,,1,30,,10988,10,,,1,58,,10989,10,,,1,30,,10990,10,,,1,69,,10991,10,,,1
7100,'CCFWK',555,,10992,10,,,1,66,,10993,10,,,1,30,,10994,10,,,1,70,,10995,10,,,1,15,,10996,10,,,1,15,,10997,10,,,1,55,,10998,10,,,1,16,,10999,10,,,1,15,,11000,10,,,1,15,,11001,10,,,1,55,,11002,10,,,1,16,,11003,10,,,1,15,,11004,10,,,1,16,,11005,10,,,1,55,,11006,10,,,1,15,,11007,10,,,1,16,,11008,10,,,1,15,,11009,10,,,1,55,,11010,10,,,1,16,,11011,10,,,1,16,,11012,10,,,1,15,,11013,10,,,1,59,,11014,10,,,1,8,,11015,10,,,1,15,,11016,10,,,1,15,,11017,10,,,1,56,,11018,10,,,1,15,,11019,10,,,1,15,,11020,10,,,1,15,,11021,10,,,1,56,,11022,10,,,1,15,,11023,10,,,1,17,,11024,10,,,1,15,,11025,10,,,1,55,,11026,10,,,1,16,,11027,10,,,1,15,,11028,10,,,1,15,,11029,10,,,1,55,,11030,10,,,1,15,,11031,10,,,1,15,,11032,10,,,1,15,,11033,10,,,1,55,,11034,10,,,1,15,,11035,10,,,1,14,,11036,10,,,1,14,,11037,10,,,1,54,,11038,10,,,1,15,,11039,10,,,1,28,,11040,10,,,1,68,,11041,10,,,1,30,,11042,10,,,1,70,,11043,10,,,1,29,,11044,10,,,1,69,,11045,10,,,1,29,,11046,10,,,1,69,,11047,10,,,1,30,,11048,10,,,1,100,,11049,10,,,1
7100,'CCFFF',555,,11050,10,,,1,66,,11051,10,,,1,30,,11052,10,,,1,70,,11053,10,,,1,15,,11054,10,,,1,15,,11055,10,,,1,55,,11056,10,,,1,16,,11057,10,,,1,15,,11058,10,,,1,15,,11059,10,,,1,55,,11060,10,,,1,16,,11061,10,,,1,15,,11062,10,,,1,16,,11063,10,,,1,55,,11064,10,,,1,15,,11065,10,,,1,16,,11066,10,,,1,15,,11067,10,,,1,55,,11068,10,,,1,16,,11069,10,,,1,16,,11070,10,,,1,15,,11071,10,,,1,59,,11072,10,,,1,8,,11073,10,,,1,15,,11074,10,,,1,15,,11075,10,,,1,56,,11076,10,,,1,15,,11077,10,,,1,15,,11078,10,,,1,15,,11079,10,,,1,56,,11080,10,,,1,15,,11081,10,,,1,17,,11082,10,,,1,15,,11083,10,,,1,55,,11084,10,,,1,16,,11085,10,,,1,15,,11086,10,,,1,15,,11087,10,,,1,55,,11088,10,,,1,15,,11089,10,,,1,15,,11090,10,,,1,15,,11091,10,,,1,55,,11092,10,,,1,15,,11093,10,,,1,14,,11094,10,,,1,14,,11095,10,,,1,54,,11096,10,,,1,15,,11097,10,,,1,28,,11098,10,,,1,68,,11099,10,,,1,30,,11100,10,,,1,70,,11101,10,,,1,29,,11102,10,,,1,69,,11103,10,,,1,29,,11104,10,,,1,69,,11105,10,,,1,30,,11106,10,,,1,100,,11107,10,,,1
7100,'CCFSAT',652,,11108,10,,,1,60,,11109,10,,,1,21,,11110,10,,,1,20,,11111,10,,,1,60,,11112,10,,,1,21,,11113,10,,,1,20,,11114,10,,,1,60,,11115,10,,,1,21,,11116,10,,,1,20,,11117,10,,,1,60,,11118,10,,,1,21,,11119,10,,,1,20,,11120,10,,,1,61,,11121,10,,,1,20,,11122,10,,,1,20,,11123,10,,,1,61,,11124,10,,,1,22,,11125,10,,,1,61,,11126,10,,,1,20,,11127,10,,,1,20,,11128,10,,,1,61,,11129,10,,,1,20,,11130,10,,,1,21,,11131,10,,,1,60,,11132,10,,,1,20,,11133,10,,,1,20,,11134,10,,,1,60,,11135,10,,,1,20,,11136,10,,,1,19,,11137,10,,,1,60,,11138,10,,,1,20,,11139,10,,,1,19,,11140,10,,,1,60,,11141,10,,,1,20,,11142,10,,,1,19,,11143,10,,,1,60,,11144,10,,,1,19,,11145,10,,,1,20,,11146,10,,,1,20,,11147,10,,,1,59,,11148,10,,,1,20,,11149,10,,,1,20,,11150,10,,,1,58,,11151,10,,,1,20,,11152,10,,,1,20,,11153,10,,,1,70,,11154,10,,,1,29,,11155,10,,,1,70,,11156,10,,,1
7100,'CCFSUN',652,,11157,10,,,1,70,,11158,10,,,1,31,,11159,10,,,1,71,,11160,10,,,1,30,,11161,10,,,1,70,,11162,10,,,1,31,,11163,10,,,1,70,,11164,10,,,1,31,,11165,10,,,1,71,,11166,10,,,1,30,,11167,10,,,1,74,,11168,10,,,1,70,,11169,10,,,1,30,,11170,10,,,1,71,,11171,10,,,1,30,,11172,10,,,1,71,,11173,10,,,1,30,,11174,10,,,1,70,,11175,10,,,1,30,,11176,10,,,1,69,,11177,10,,,1,30,,11178,10,,,1,69,,11179,10,,,1,29,,11180,10,,,1,70,,11181,10,,,1,29,,11182,10,,,1,30,,11183,10,,,1,69,,11184,10,,,1,30,,11185,10,,,1,70,,11186,10,,,1,30,,11187,10,,,1,58,,11188,10,,,1,30,,11189,10,,,1,69,,11190,10,,,1
