3001,'WKDY',521,,5898,12,,,1,96,,5899,30,,,1,30,,5900,30,,,1,63,,5901,30,,,1,39,,5902,30,,,1,70,,5903,30,,,1,29,,5904,30,,,1,69,,5905,30,,,1,30,,5906,30,,,1,69,,5907,30,,,1,29,,5908,30,,,1,72,,5909,30,,,1,30,,5910,30,,,1,70,,5911,30,,,1,31,,5912,30,,,1,71,,5913,30,,,1,30,,5914,30,,,1,69,,5915,30,,,1,32,,5916,30,,,1,72,,5917,30,,,1,30,,5918,30,,,1,71,,5919,30,,,1,29,,5920,30,,,1,70,,5921,30,,,1,28,,5922,30,,,1,66,,5923,30,,,1,30,,5924,30,,,1,67,,5925,30,,,1,28,,5926,30,,,1,69,,5927,30,,,1,30,,5928,30,,,1,68,,5929,30,,,1,96,,5930,30,,,1
3001,'SAT',700,,5931,30,,,1,100,,5932,30,,,1,33,,5933,30,,,1,72,,5934,30,,,1,31,,5935,30,,,1,71,,5936,30,,,1,30,,5937,30,,,1,71,,5938,30,,,1,31,,5939,30,,,1,72,,5940,30,,,1,30,,5941,30,,,1,71,,5942,30,,,1,30,,5943,30,,,1,70,,5944,30,,,1,29,,5945,30,,,1,70,,5946,30,,,1,30,,5947,30,,,1,70,,5948,30,,,1,30,,5949,30,,,1,70,,5950,30,,,1,29,,5951,30,,,1,68,,5952,30,,,1,99,,5953,30,,,1,98,,5954,30,,,1,100,,5955,30,,,1
3001,'SUN',700,,5956,30,,,1,100,,5957,30,,,1,105,,5958,30,,,1,102,,5959,30,,,1,101,,5960,30,,,1,103,,5961,30,,,1,101,,5962,30,,,1,100,,5963,30,,,1,99,,5964,30,,,1,100,,5965,30,,,1,100,,5966,30,,,1,97,,5967,30,,,1,99,,5968,30,,,1,98,,5969,30,,,1,100,,5970,30,,,1
3001,'CCFWK',521,,5971,12,,,1,96,,5972,30,,,1,30,,5973,30,,,1,63,,5974,30,,,1,39,,5975,30,,,1,70,,5976,30,,,1,29,,5977,30,,,1,69,,5978,30,,,1,30,,5979,30,,,1,69,,5980,30,,,1,29,,5981,30,,,1,72,,5982,30,,,1,30,,5983,30,,,1,70,,5984,30,,,1,31,,5985,30,,,1,71,,5986,30,,,1,30,,5987,30,,,1,69,,5988,30,,,1,32,,5989,30,,,1,72,,5990,30,,,1,30,,5991,30,,,1,71,,5992,30,,,1,29,,5993,30,,,1,70,,5994,30,,,1,28,,5995,30,,,1,66,,5996,30,,,1,30,,5997,30,,,1,67,,5998,30,,,1,28,,5999,30,,,1,69,,6000,30,,,1,30,,6001,30,,,1,68,,6002,30,,,1,96,,6003,30,,,1
3001,'CCFFF',521,,6004,12,,,1,96,,6005,30,,,1,30,,6006,30,,,1,63,,6007,30,,,1,39,,6008,30,,,1,70,,6009,30,,,1,29,,6010,30,,,1,69,,6011,30,,,1,30,,6012,30,,,1,69,,6013,30,,,1,29,,6014,30,,,1,72,,6015,30,,,1,30,,6016,30,,,1,70,,6017,30,,,1,31,,6018,30,,,1,71,,6019,30,,,1,30,,6020,30,,,1,69,,6021,30,,,1,32,,6022,30,,,1,72,,6023,30,,,1,30,,6024,30,,,1,71,,6025,30,,,1,29,,6026,30,,,1,70,,6027,30,,,1,28,,6028,30,,,1,66,,6029,30,,,1,30,,6030,30,,,1,67,,6031,30,,,1,28,,6032,30,,,1,69,,6033,30,,,1,30,,6034,30,,,1,68,,6035,30,,,1,96,,6036,30,,,1
3001,'CCFSAT',700,,6037,30,,,1,100,,6038,30,,,1,33,,6039,30,,,1,72,,6040,30,,,1,31,,6041,30,,,1,71,,6042,30,,,1,30,,6043,30,,,1,71,,6044,30,,,1,31,,6045,30,,,1,72,,6046,30,,,1,30,,6047,30,,,1,71,,6048,30,,,1,30,,6049,30,,,1,70,,6050,30,,,1,29,,6051,30,,,1,70,,6052,30,,,1,30,,6053,30,,,1,70,,6054,30,,,1,30,,6055,30,,,1,70,,6056,30,,,1,29,,6057,30,,,1,68,,6058,30,,,1,99,,6059,30,,,1,98,,6060,30,,,1,100,,6061,30,,,1
3001,'CCFSUN',700,,6062,30,,,1,100,,6063,30,,,1,105,,6064,30,,,1,102,,6065,30,,,1,101,,6066,30,,,1,103,,6067,30,,,1,101,,6068,30,,,1,100,,6069,30,,,1,99,,6070,30,,,1,100,,6071,30,,,1,100,,6072,30,,,1,97,,6073,30,,,1,99,,6074,30,,,1,98,,6075,30,,,1,100,,6076,30,,,1
8000,'WKDY',532,,12399,13,,,1,70,,12430,13,,,1,30,,12400,13,,,1,70,,12401,13,,,1,32,,12402,13,,,1,70,,12403,13,,,1,29,,12404,13,,,1,70,,12405,13,,,1,30,,12406,13,,,1,70,,12407,13,,,1,30,,12408,13,,,1,70,,12409,13,,,1,30,,12410,13,,,1,70,,12411,13,,,1,30,,12412,13,,,1,70,,12413,13,,,1,31,,12414,13,,,1,70,,12415,13,,,1,30,,12416,13,,,1,70,,12417,13,,,1,30,,12418,13,,,1,71,,12419,13,,,1,31,,12420,13,,,1,65,,12421,13,,,1,30,,12422,13,,,1,70,,12423,13,,,1,30,,12424,13,,,1,71,,12425,13,,,1,30,,12426,13,,,1,70,,12427,13,,,1,30,,12428,13,,,1,70,,12429,13,,,1
8000,'SAT',632,,12443,13,,,1,100,,12431,13,,,1,70,,12432,13,,,1,30,,12433,13,,,1,70,,12444,13,,,1,30,,12434,13,,,1,70,,12445,13,,,1,31,,12435,13,,,1,70,,12446,13,,,1,30,,12436,13,,,1,71,,12447,13,,,1,30,,12437,13,,,1,70,,12448,13,,,1,30,,12438,13,,,1,70,,12449,13,,,1,30,,12439,13,,,1,70,,12450,13,,,1,30,,12440,13,,,1,70,,12451,13,,,1,30,,12441,13,,,1,70,,12452,13,,,1,30,,12442,13,,,1,70,,12453,13,,,1,29,,12454,13,,,1,69,,12455,13,,,1,30,,12456,13,,,1,70,,12457,13,,,1,100,,12458,13,,,1
8000,'SUN',632,,12472,13,,,1,100,,12459,13,,,1,70,,12460,13,,,1,30,,12461,13,,,1,70,,12473,13,,,1,30,,12462,13,,,1,70,,12474,13,,,1,31,,12463,13,,,1,70,,12475,13,,,1,30,,12464,13,,,1,71,,12476,13,,,1,30,,12465,13,,,1,70,,12477,13,,,1,30,,12466,13,,,1,70,,12478,13,,,1,30,,12467,13,,,1,70,,12479,13,,,1,30,,12468,13,,,1,70,,12480,13,,,1,30,,12469,13,,,1,70,,12481,13,,,1,30,,12470,13,,,1,70,,12482,13,,,1,29,,12471,13,,,1,69,,12483,13,,,1,30,,12485,13,,,1,70,,12484,13,,,1,100,,12486,13,,,1
8000,'CCFWK',532,,12487,13,,,1,70,,12518,13,,,1,30,,12488,13,,,1,70,,12489,13,,,1,32,,12490,13,,,1,70,,12491,13,,,1,29,,12492,13,,,1,70,,12493,13,,,1,30,,12494,13,,,1,70,,12495,13,,,1,30,,12496,13,,,1,70,,12497,13,,,1,30,,12498,13,,,1,70,,12499,13,,,1,30,,12500,13,,,1,70,,12501,13,,,1,31,,12502,13,,,1,70,,12503,13,,,1,30,,12504,13,,,1,70,,12505,13,,,1,30,,12506,13,,,1,71,,12507,13,,,1,31,,12508,13,,,1,65,,12509,13,,,1,30,,12510,13,,,1,70,,12511,13,,,1,30,,12512,13,,,1,71,,12513,13,,,1,30,,12514,13,,,1,70,,12515,13,,,1,30,,12516,13,,,1,70,,12517,13,,,1
8000,'CCFFF',532,,12519,13,,,1,70,,12550,13,,,1,30,,12520,13,,,1,70,,12521,13,,,1,32,,12522,13,,,1,70,,12523,13,,,1,29,,12524,13,,,1,70,,12525,13,,,1,30,,12526,13,,,1,70,,12527,13,,,1,30,,12528,13,,,1,70,,12529,13,,,1,30,,12530,13,,,1,70,,12531,13,,,1,30,,12532,13,,,1,70,,12533,13,,,1,31,,12534,13,,,1,70,,12535,13,,,1,30,,12536,13,,,1,70,,12537,13,,,1,30,,12538,13,,,1,71,,12539,13,,,1,31,,12540,13,,,1,65,,12541,13,,,1,30,,12542,13,,,1,70,,12543,13,,,1,30,,12544,13,,,1,71,,12545,13,,,1,30,,12546,13,,,1,70,,12547,13,,,1,30,,12548,13,,,1,70,,12549,13,,,1
8000,'CCFSAT',632,,12563,13,,,1,100,,12551,13,,,1,70,,12552,13,,,1,30,,12553,13,,,1,70,,12564,13,,,1,30,,12554,13,,,1,70,,12565,13,,,1,31,,12555,13,,,1,70,,12566,13,,,1,30,,12556,13,,,1,71,,12567,13,,,1,30,,12557,13,,,1,70,,12568,13,,,1,30,,12558,13,,,1,70,,12569,13,,,1,30,,12559,13,,,1,70,,12570,13,,,1,30,,12560,13,,,1,70,,12571,13,,,1,30,,12561,13,,,1,70,,12572,13,,,1,30,,12562,13,,,1,70,,12573,13,,,1,29,,12574,13,,,1,69,,12575,13,,,1,30,,12576,13,,,1,70,,12577,13,,,1,100,,12578,13,,,1
8000,'CCFSUN',632,,12592,13,,,1,100,,12579,13,,,1,70,,12580,13,,,1,30,,12581,13,,,1,70,,12593,13,,,1,30,,12582,13,,,1,70,,12594,13,,,1,31,,12583,13,,,1,70,,12595,13,,,1,30,,12584,13,,,1,71,,12596,13,,,1,30,,12585,13,,,1,70,,12597,13,,,1,30,,12586,13,,,1,70,,12598,13,,,1,30,,12587,13,,,1,70,,12599,13,,,1,30,,12588,13,,,1,70,,12600,13,,,1,30,,12589,13,,,1,70,,12601,13,,,1,30,,12590,13,,,1,70,,12602,13,,,1,29,,12591,13,,,1,69,,12603,13,,,1,30,,12605,13,,,1,70,,12604,13,,,1,100,,12606,13,,,1
