4100,'WKDY',732,,7179,1,,,1,982,,7180,3,,,1,30,,7181,3,,,1
4100,'CCFWK',732,,7182,1,,,1,982,,7183,3,,,1,30,,7184,3,,,1
4100,'CCFFF',732,,7185,1,,,1,982,,7186,3,,,1,30,,7187,3,,,1
4101,'WKDY',732,,7188,15,4,,1,70,,7192,15,4,,1
4101,'CCFWK',732,,7193,15,4,,1,70,,7197,15,4,,1
4101,'CCFFF',732,,7198,15,4,,1,70,,7202,15,4,,1
7101,'WKDY',545,,11191,21,,,1,66,,11192,21,,,1,29,,11193,21,,,1,70,,11194,21,,,1,15,,11195,21,,,1,15,,11196,21,,,1,15,,11197,21,,,1,56,,11198,21,,,1,15,,11199,21,,,1,15,,11200,21,,,1,15,,11201,21,,,1,56,,11202,21,,,1,15,,11203,21,,,1,16,,11204,21,,,1,15,,11205,21,,,1,55,,11206,21,,,1,15,,11207,21,,,1,15,,11208,21,,,1,15,,11209,21,,,1,55,,11210,21,,,1,15,,11211,21,,,1,15,,11212,21,,,1,59,,11213,21,,,1,8,,11214,21,,,1,15,,11215,21,,,1,15,,11216,21,,,1,16,,11217,21,,,1,55,,11218,21,,,1,15,,11219,21,,,1,15,,11220,21,,,1,16,,11221,21,,,1,55,,11222,21,,,1,16,,11223,21,,,1,16,,11224,21,,,1,15,,11225,21,,,1,56,,11226,21,,,1,15,,11227,21,,,1,16,,11228,21,,,1,55,,11229,21,,,1,15,,11230,21,,,1,15,,11231,21,,,1,15,,11232,21,,,1,55,,11233,21,,,1,15,,11234,21,,,1,16,,11235,21,,,1,14,,11236,21,,,1,54,,11237,21,,,1,15,,11238,21,,,1,28,,11239,21,,,1,68,,11240,21,,,1,30,,11241,21,,,1,70,,11242,21,,,1,29,,11243,21,,,1,69,,11244,21,,,1,29,,11245,21,,,1,70,,11246,21,,,1,30,,11247,21,,,1,100,,11248,21,,,1
7101,'SAT',642,,11249,21,,,1,60,,11296,21,,,1,20,,11297,21,,,1,20,,11250,21,,,1,60,,11251,21,,,1,21,,11252,21,,,1,20,,11253,21,,,1,60,,11254,21,,,1,21,,11255,21,,,1,20,,11256,21,,,1,60,,11257,21,,,1,20,,11258,21,,,1,20,,11259,21,,,1,60,,11260,21,,,1,20,,11261,21,,,1,20,,11262,21,,,1,61,,11263,21,,,1,22,,11264,21,,,1,21,,11265,21,,,1,61,,11266,21,,,1,20,,11267,21,,,1,21,,11268,21,,,1,60,,11269,21,,,1,21,,11270,21,,,1,20,,11271,21,,,1,60,,11272,21,,,1,20,,11273,21,,,1,20,,11274,21,,,1,60,,11275,21,,,1,19,,11276,21,,,1,20,,11277,21,,,1,60,,11278,21,,,1,19,,11279,21,,,1,20,,11280,21,,,1,60,,11281,21,,,1,19,,11282,21,,,1,20,,11283,21,,,1,60,,11284,21,,,1,20,,11285,21,,,1,20,,11286,21,,,1,59,,11287,21,,,1,20,,11288,21,,,1,20,,11289,21,,,1,58,,11290,21,,,1,20,,11291,21,,,1,20,,11292,21,,,1,70,,11293,21,,,1,30,,11294,21,,,1,70,,11295,21,,,1
7101,'SUN',642,,11298,21,,,1,70,,11331,21,,,1,30,,11299,21,,,1,71,,11300,21,,,1,30,,11301,21,,,1,70,,11302,21,,,1,31,,11303,21,,,1,70,,11304,21,,,1,30,,11305,21,,,1,70,,11306,21,,,1,30,,11307,21,,,1,74,,11308,21,,,1,30,,11309,21,,,1,71,,11310,21,,,1,31,,11311,21,,,1,70,,11312,21,,,1,31,,11313,21,,,1,70,,11314,21,,,1,30,,11315,21,,,1,70,,11316,21,,,1,29,,11317,21,,,1,70,,11318,21,,,1,29,,11319,21,,,1,69,,11320,21,,,1,30,,11321,21,,,1,70,,11322,21,,,1,30,,11323,21,,,1,69,,11324,21,,,1,30,,11325,21,,,1,70,,11326,21,,,1,30,,11327,21,,,1,58,,11328,21,,,1,30,,11329,21,,,1,70,,11330,21,,,1
7101,'CCFWK',545,,11332,21,,,1,66,,11333,21,,,1,29,,11334,21,,,1,70,,11335,21,,,1,15,,11336,21,,,1,15,,11337,21,,,1,15,,11338,21,,,1,56,,11339,21,,,1,15,,11340,21,,,1,15,,11341,21,,,1,15,,11342,21,,,1,56,,11343,21,,,1,15,,11344,21,,,1,16,,11345,21,,,1,15,,11346,21,,,1,55,,11347,21,,,1,15,,11348,21,,,1,15,,11349,21,,,1,15,,11350,21,,,1,55,,11351,21,,,1,15,,11352,21,,,1,15,,11353,21,,,1,59,,11354,21,,,1,8,,11355,21,,,1,15,,11356,21,,,1,15,,11357,21,,,1,16,,11358,21,,,1,55,,11359,21,,,1,15,,11360,21,,,1,15,,11361,21,,,1,16,,11362,21,,,1,55,,11363,21,,,1,16,,11364,21,,,1,16,,11365,21,,,1,15,,11366,21,,,1,56,,11367,21,,,1,15,,11368,21,,,1,16,,11369,21,,,1,55,,11370,21,,,1,15,,11371,21,,,1,15,,11372,21,,,1,15,,11373,21,,,1,55,,11374,21,,,1,15,,11375,21,,,1,16,,11376,21,,,1,14,,11377,21,,,1,54,,11378,21,,,1,15,,11379,21,,,1,28,,11380,21,,,1,68,,11381,21,,,1,30,,11382,21,,,1,70,,11383,21,,,1,29,,11384,21,,,1,69,,11385,21,,,1,29,,11386,21,,,1,70,,11387,21,,,1,30,,11388,21,,,1,100,,11389,21,,,1
7101,'CCFFF',545,,11390,21,,,1,66,,11391,21,,,1,29,,11392,21,,,1,70,,11393,21,,,1,15,,11394,21,,,1,15,,11395,21,,,1,15,,11396,21,,,1,56,,11397,21,,,1,15,,11398,21,,,1,15,,11399,21,,,1,15,,11400,21,,,1,56,,11401,21,,,1,15,,11402,21,,,1,16,,11403,21,,,1,15,,11404,21,,,1,55,,11405,21,,,1,15,,11406,21,,,1,15,,11407,21,,,1,15,,11408,21,,,1,55,,11409,21,,,1,15,,11410,21,,,1,15,,11411,21,,,1,59,,11412,21,,,1,8,,11413,21,,,1,15,,11414,21,,,1,15,,11415,21,,,1,16,,11416,21,,,1,55,,11417,21,,,1,15,,11418,21,,,1,15,,11419,21,,,1,16,,11420,21,,,1,55,,11421,21,,,1,16,,11422,21,,,1,16,,11423,21,,,1,15,,11424,21,,,1,56,,11425,21,,,1,15,,11426,21,,,1,16,,11427,21,,,1,55,,11428,21,,,1,15,,11429,21,,,1,15,,11430,21,,,1,15,,11431,21,,,1,55,,11432,21,,,1,15,,11433,21,,,1,16,,11434,21,,,1,14,,11435,21,,,1,54,,11436,21,,,1,15,,11437,21,,,1,28,,11438,21,,,1,68,,11439,21,,,1,30,,11440,21,,,1,70,,11441,21,,,1,29,,11442,21,,,1,69,,11443,21,,,1,29,,11444,21,,,1,70,,11445,21,,,1,30,,11446,21,,,1,100,,11447,21,,,1
7101,'CCFSAT',642,,11448,21,,,1,60,,11495,21,,,1,20,,11496,21,,,1,20,,11449,21,,,1,60,,11450,21,,,1,21,,11451,21,,,1,20,,11452,21,,,1,60,,11453,21,,,1,21,,11454,21,,,1,20,,11455,21,,,1,60,,11456,21,,,1,20,,11457,21,,,1,20,,11458,21,,,1,60,,11459,21,,,1,20,,11460,21,,,1,20,,11461,21,,,1,61,,11462,21,,,1,22,,11463,21,,,1,21,,11464,21,,,1,61,,11465,21,,,1,20,,11466,21,,,1,21,,11467,21,,,1,60,,11468,21,,,1,21,,11469,21,,,1,20,,11470,21,,,1,60,,11471,21,,,1,20,,11472,21,,,1,20,,11473,21,,,1,60,,11474,21,,,1,19,,11475,21,,,1,20,,11476,21,,,1,60,,11477,21,,,1,19,,11478,21,,,1,20,,11479,21,,,1,60,,11480,21,,,1,19,,11481,21,,,1,20,,11482,21,,,1,60,,11483,21,,,1,20,,11484,21,,,1,20,,11485,21,,,1,59,,11486,21,,,1,20,,11487,21,,,1,20,,11488,21,,,1,58,,11489,21,,,1,20,,11490,21,,,1,20,,11491,21,,,1,70,,11492,21,,,1,30,,11493,21,,,1,70,,11494,21,,,1
7101,'CCFSUN',642,,11497,21,,,1,70,,11530,21,,,1,30,,11498,21,,,1,71,,11499,21,,,1,30,,11500,21,,,1,70,,11501,21,,,1,31,,11502,21,,,1,70,,11503,21,,,1,30,,11504,21,,,1,70,,11505,21,,,1,30,,11506,21,,,1,74,,11507,21,,,1,30,,11508,21,,,1,71,,11509,21,,,1,31,,11510,21,,,1,70,,11511,21,,,1,31,,11512,21,,,1,70,,11513,21,,,1,30,,11514,21,,,1,70,,11515,21,,,1,29,,11516,21,,,1,70,,11517,21,,,1,29,,11518,21,,,1,69,,11519,21,,,1,30,,11520,21,,,1,70,,11521,21,,,1,30,,11522,21,,,1,69,,11523,21,,,1,30,,11524,21,,,1,70,,11525,21,,,1,30,,11526,21,,,1,58,,11527,21,,,1,30,,11528,21,,,1,70,,11529,21,,,1
10500,'WKDY',516,,13118,4,,,1,40,,13119,4,,,1,82,,13120,4,,,1,70,,13121,4,,,1,10,,13122,4,,,1,40,,13123,4,,,1,89,,13138,4,,,1,70,,13124,4,,,1,100,,13125,4,,,1,100,,13126,4,,,1,104,,13127,4,,,1,100,,13128,4,,,1,99,,13129,4,,,1,97,,13130,4,,,1,38,,13131,4,,,1,79,,13132,4,,,1,82,,13133,4,,,1,35,,13134,4,,,1,71,,13135,4,,,1,101,,13136,4,,,1,100,,13137,4,,,1
10500,'CCFWK',516,,13139,4,,,1,40,,13140,4,,,1,82,,13141,4,,,1,70,,13142,4,,,1,10,,13143,4,,,1,40,,13144,4,,,1,89,,13159,4,,,1,70,,13145,4,,,1,100,,13146,4,,,1,100,,13147,4,,,1,104,,13148,4,,,1,100,,13149,4,,,1,99,,13150,4,,,1,97,,13151,4,,,1,38,,13152,4,,,1,79,,13153,4,,,1,82,,13154,4,,,1,35,,13155,4,,,1,71,,13156,4,,,1,101,,13157,4,,,1,100,,13158,4,,,1
10500,'CCFFF',516,,13160,4,,,1,40,,13161,4,,,1,82,,13162,4,,,1,70,,13163,4,,,1,10,,13164,4,,,1,40,,13165,4,,,1,89,,13180,4,,,1,70,,13166,4,,,1,100,,13167,4,,,1,100,,13168,4,,,1,104,,13169,4,,,1,100,,13170,4,,,1,99,,13171,4,,,1,97,,13172,4,,,1,38,,13173,4,,,1,79,,13174,4,,,1,82,,13175,4,,,1,35,,13176,4,,,1,71,,13177,4,,,1,101,,13178,4,,,1,100,,13179,4,,,1
