3101,'WKDY',1929,,6258,22,4,,1
3101,'CCFWK',1929,,6318,22,4,,1
3101,'CCFFF',1929,,6348,22,4,,1
4800,'WKDY',912,,7222,5,4,,1,194,,7223,5,4,,1,206,,7224,5,4,,1,195,,7225,5,4,,1,204,,7226,5,4,,1,198,,7227,5,4,,1,130,,7228,5,4,,1
4800,'CCFWK',912,,7242,5,4,,1,194,,7243,5,4,,1,206,,7244,5,4,,1,195,,7245,5,4,,1,204,,7246,5,4,,1,198,,7247,5,4,,1,130,,7248,5,4,,1
4800,'CCFFF',912,,7250,5,4,,1,194,,7251,5,4,,1,206,,7252,5,4,,1,195,,7253,5,4,,1,204,,7254,5,4,,1,198,,7255,5,4,,1,130,,7256,5,4,,1
4801,'WKDY',620,,7269,1,,,1,200,,7270,1,,,1,196,,7271,1,,,1,205,,7272,1,,,1,195,,7273,1,,,1,204,,7274,1,,,1,201,,7275,1,,,1,130,,7276,1,,,1
4801,'SAT',750,,7277,1,,,1,197,,7278,1,,,1,200,,7279,1,,,1,200,,7280,1,,,1,200,,7281,1,,,1,200,,7282,1,,,1
4801,'SUN',750,,7283,1,,,1,197,,7284,1,,,1,200,,7285,1,,,1,200,,7286,1,,,1,200,,7287,1,,,1,200,,7288,1,,,1
4801,'CCFWK',620,,7289,1,,,1,200,,7290,1,,,1,196,,7291,1,,,1,205,,7292,1,,,1,195,,7293,1,,,1,204,,7294,1,,,1,201,,7295,1,,,1,130,,7296,1,,,1
4801,'CCFFF',620,,7297,1,,,1,200,,7298,1,,,1,196,,7299,1,,,1,205,,7300,1,,,1,195,,7301,1,,,1,204,,7302,1,,,1,201,,7303,1,,,1,130,,7304,1,,,1
4801,'CCFSAT',750,,7305,1,,,1,197,,7306,1,,,1,200,,7307,1,,,1,200,,7308,1,,,1,200,,7309,1,,,1,200,,7310,1,,,1
4801,'CCFSUN',750,,7311,1,,,1,197,,7312,1,,,1,200,,7313,1,,,1,200,,7314,1,,,1,200,,7315,1,,,1,200,,7316,1,,,1
7100,'WKDY',1749,,10894,23,4,,1,191,,10900,23,4,,1
7100,'SAT',727,,10910,23,4,,1
7100,'SUN',737,,10959,23,4,,1
7100,'CCFWK',1749,,11035,23,4,,1,191,,11041,23,4,,1
7100,'CCFFF',1749,,11093,23,4,,1,191,,11099,23,4,,1
7100,'CCFSAT',727,,11109,23,4,,1
7100,'CCFSUN',737,,11158,23,4,,1
7800,'SAT',940,,12152,28,4,,1,203,,12154,28,4,,1,200,,12156,28,4,,1,199,,12158,28,4,,1,199,,12160,28,4,,1
7800,'SUN',940,,12164,28,4,,1,203,,12166,28,4,,1,200,,12168,28,4,,1,199,,12170,28,4,,1,199,,12172,28,4,,1
7800,'CCFSAT',940,,12234,28,4,,1,203,,12236,28,4,,1,200,,12238,28,4,,1,199,,12240,28,4,,1,199,,12242,28,4,,1
7800,'CCFSUN',940,,12246,28,4,,1,203,,12248,28,4,,1,200,,12250,28,4,,1,199,,12252,28,4,,1,199,,12254,28,4,,1
10500,'WKDY',507,,13118,1,,,1,40,,13119,1,,,1,80,,13120,1,,,1,30,,13121,1,,,1,50,,13122,1,,,1,40,,13123,1,,,1,90,,13138,1,,,1,70,,13124,1,,,1,100,,13125,1,,,1,100,,13126,1,,,1,104,,13127,1,,,1,100,,13128,1,,,1,99,,13129,1,,,1,97,,13130,1,,,1,38,,13131,1,,,1,79,,13132,1,,,1,82,,13133,1,,,1,35,,13134,1,,,1,71,,13135,1,,,1,101,,13136,1,,,1,100,,13137,1,,,1
10500,'CCFWK',507,,13139,1,,,1,40,,13140,1,,,1,80,,13141,1,,,1,30,,13142,1,,,1,50,,13143,1,,,1,40,,13144,1,,,1,90,,13159,1,,,1,70,,13145,1,,,1,100,,13146,1,,,1,100,,13147,1,,,1,104,,13148,1,,,1,100,,13149,1,,,1,99,,13150,1,,,1,97,,13151,1,,,1,38,,13152,1,,,1,79,,13153,1,,,1,82,,13154,1,,,1,35,,13155,1,,,1,71,,13156,1,,,1,101,,13157,1,,,1,100,,13158,1,,,1
10500,'CCFFF',507,,13160,1,,,1,40,,13161,1,,,1,80,,13162,1,,,1,30,,13163,1,,,1,50,,13164,1,,,1,40,,13165,1,,,1,90,,13180,1,,,1,70,,13166,1,,,1,100,,13167,1,,,1,100,,13168,1,,,1,104,,13169,1,,,1,100,,13170,1,,,1,99,,13171,1,,,1,97,,13172,1,,,1,38,,13173,1,,,1,79,,13174,1,,,1,82,,13175,1,,,1,35,,13176,1,,,1,71,,13177,1,,,1,101,,13178,1,,,1,100,,13179,1,,,1
10501,'WKDY',606,,13181,7,4,,1,41,,13182,7,4,,1,86,,13183,7,4,,1,86,,13184,7,4,,1,81,,13185,7,4,,1,49,,13186,7,4,,1,68,,13187,7,4,,1,98,,13188,7,4,,1,100,,13189,7,4,,1,210,,13191,10,4,,1,106,,13192,10,4,,1,104,,13193,10,4,,1,80,,13194,10,4,,1,39,,13195,10,4,,1,76,,13196,10,4,,1,20,,13200,10,4,,1,70,,13197,10,4,,1,96,,13198,10,4,,1,100,,13199,10,4,,1
10501,'CCFWK',606,,13201,7,4,,1,41,,13202,7,4,,1,86,,13203,7,4,,1,86,,13204,7,4,,1,81,,13205,7,4,,1,49,,13206,7,4,,1,68,,13207,7,4,,1,98,,13208,7,4,,1,100,,13209,7,4,,1,210,,13211,10,4,,1,106,,13212,10,4,,1,104,,13213,10,4,,1,80,,13214,10,4,,1,39,,13215,10,4,,1,76,,13216,10,4,,1,20,,13220,10,4,,1,70,,13217,10,4,,1,96,,13218,10,4,,1,100,,13219,10,4,,1
10501,'CCFFF',606,,13221,7,4,,1,41,,13222,7,4,,1,86,,13223,7,4,,1,86,,13224,7,4,,1,81,,13225,7,4,,1,49,,13226,7,4,,1,68,,13227,7,4,,1,98,,13228,7,4,,1,100,,13229,7,4,,1,210,,13231,10,4,,1,106,,13232,10,4,,1,104,,13233,10,4,,1,80,,13234,10,4,,1,39,,13235,10,4,,1,76,,13236,10,4,,1,20,,13240,10,4,,1,70,,13237,10,4,,1,96,,13238,10,4,,1,100,,13239,10,4,,1
10600,'WKDY',1609,,13241,7,4,,1,43,,13242,7,4,,1,80,,13243,7,4,,1,76,,13244,7,4,,1
10600,'CCFWK',1609,,13245,7,4,,1,43,,13246,7,4,,1,80,,13247,7,4,,1,76,,13248,7,4,,1
10600,'CCFFF',1609,,13249,7,4,,1,43,,13250,7,4,,1,80,,13251,7,4,,1,76,,13252,7,4,,1
10601,'WKDY',527,,13253,1,,,1,80,,13254,1,,,1,40,,13255,1,,,1,80,,13256,1,,,1,80,,13257,1,,,1
10601,'CCFWK',527,,13258,1,,,1,80,,13259,1,,,1,40,,13260,1,,,1,80,,13261,1,,,1,80,,13262,1,,,1
10601,'CCFFF',527,,13263,1,,,1,80,,13264,1,,,1,40,,13265,1,,,1,80,,13266,1,,,1,80,,13267,1,,,1
