701,'WKDY',617,,4653,5,,,1,21,,4682,5,,,1,90,,4654,5,,,1,72,,4655,5,,,1,27,,4656,5,,,1,29,,4657,5,,,1,71,,4658,5,,,1,28,,4659,5,,,1,70,,4660,5,,,1,30,,4661,5,,,1,70,,4662,5,,,1,30,,4663,5,,,1,72,,4664,5,,,1,31,,4665,5,,,1,71,,4666,5,,,1,71,,4667,5,,,1,30,,4668,5,,,1,72,,4669,5,,,1,31,,4670,5,,,1,70,,4671,5,,,1,30,,4672,5,,,1,70,,4673,5,,,1,30,,4674,5,,,1,69,,4675,5,,,1,27,,4676,5,,,1,28,,4677,5,,,1,69,,4678,5,,,1,27,,4679,5,,,1,100,,4680,5,,,1,100,,4681,5,,,1
701,'SAT',721,,4694,5,,,1,100,,4695,5,,,1,100,,4683,5,,,1,103,,4684,5,,,1,102,,4685,5,,,1,100,,4686,5,,,1,101,,4687,5,,,1,100,,4688,5,,,1,100,,4689,5,,,1,100,,4690,5,,,1,99,,4691,5,,,1,99,,4692,5,,,1,99,,4693,5,,,1,100,,4696,5,,,1,100,,4697,5,,,1
701,'SUN',721,,4709,5,,,1,100,,4710,5,,,1,100,,4698,5,,,1,103,,4699,5,,,1,102,,4700,5,,,1,100,,4701,5,,,1,101,,4702,5,,,1,100,,4703,5,,,1,100,,4704,5,,,1,100,,4705,5,,,1,99,,4706,5,,,1,99,,4707,5,,,1,99,,4708,5,,,1,100,,4711,5,,,1,100,,4712,5,,,1
701,'CCFWK',617,,4713,5,,,1,21,,4742,5,,,1,90,,4714,5,,,1,72,,4715,5,,,1,27,,4716,5,,,1,29,,4717,5,,,1,71,,4718,5,,,1,28,,4719,5,,,1,70,,4720,5,,,1,30,,4721,5,,,1,70,,4722,5,,,1,30,,4723,5,,,1,72,,4724,5,,,1,31,,4725,5,,,1,71,,4726,5,,,1,71,,4727,5,,,1,30,,4728,5,,,1,72,,4729,5,,,1,31,,4730,5,,,1,70,,4731,5,,,1,30,,4732,5,,,1,70,,4733,5,,,1,30,,4734,5,,,1,69,,4735,5,,,1,27,,4736,5,,,1,28,,4737,5,,,1,69,,4738,5,,,1,27,,4739,5,,,1,100,,4740,5,,,1,100,,4741,5,,,1
701,'CCFFF',617,,4743,5,,,1,21,,4772,5,,,1,90,,4744,5,,,1,72,,4745,5,,,1,27,,4746,5,,,1,29,,4747,5,,,1,71,,4748,5,,,1,28,,4749,5,,,1,70,,4750,5,,,1,30,,4751,5,,,1,70,,4752,5,,,1,30,,4753,5,,,1,72,,4754,5,,,1,31,,4755,5,,,1,71,,4756,5,,,1,71,,4757,5,,,1,30,,4758,5,,,1,72,,4759,5,,,1,31,,4760,5,,,1,70,,4761,5,,,1,30,,4762,5,,,1,70,,4763,5,,,1,30,,4764,5,,,1,69,,4765,5,,,1,27,,4766,5,,,1,28,,4767,5,,,1,69,,4768,5,,,1,27,,4769,5,,,1,100,,4770,5,,,1,100,,4771,5,,,1
701,'CCFSAT',721,,4784,5,,,1,100,,4785,5,,,1,100,,4773,5,,,1,103,,4774,5,,,1,102,,4775,5,,,1,100,,4776,5,,,1,101,,4777,5,,,1,100,,4778,5,,,1,100,,4779,5,,,1,100,,4780,5,,,1,99,,4781,5,,,1,99,,4782,5,,,1,99,,4783,5,,,1,100,,4786,5,,,1,100,,4787,5,,,1
701,'CCFSUN',721,,4799,5,,,1,100,,4800,5,,,1,100,,4788,5,,,1,103,,4789,5,,,1,102,,4790,5,,,1,100,,4791,5,,,1,101,,4792,5,,,1,100,,4793,5,,,1,100,,4794,5,,,1,100,,4795,5,,,1,99,,4796,5,,,1,99,,4797,5,,,1,99,,4798,5,,,1,100,,4801,5,,,1,100,,4802,5,,,1
4701,'WKDY',1311,,7204,3,,,1,606,,7205,3,,,1
4701,'CCFWK',1311,,7207,3,,,1,606,,7208,3,,,1
4701,'CCFFF',1311,,7210,3,,,1,606,,7211,3,,,1
