3101,'WKDY',544,,6231,8,,,1,71,,6232,8,,,1,30,,6233,8,,,1,70,,6234,8,,,1,31,,6235,8,,,1,72,,6236,8,,,1,30,,6237,8,,,1,68,,6238,8,,,1,31,,6239,8,,,1,70,,6240,8,,,1,30,,6241,8,,,1,70,,6242,8,,,1,32,,6243,8,,,1,70,,6244,8,,,1,30,,6245,8,,,1,70,,6246,8,,,1,30,,6247,8,,,1,70,,6248,8,,,1,33,,6249,8,,,1,70,,6250,8,,,1,30,,6251,8,,,1,69,,6252,8,,,1,28,,6253,8,,,1,68,,6254,8,,,1,30,,6255,8,,,1,70,,6256,8,,,1,29,,6257,8,,,1,70,,6258,8,,,1,100,,6259,8,,,1,97,,6260,8,,,1
3101,'SAT',850,,6261,8,,,1,80,,6262,8,,,1,80,,6263,8,,,1,40,,6264,8,,,1,81,,6265,8,,,1,80,,6266,8,,,1,40,,6267,8,,,1,80,,6268,8,,,1,80,,6269,8,,,1,40,,6270,8,,,1,80,,6271,8,,,1,80,,6272,8,,,1,40,,6273,8,,,1,80,,6274,8,,,1,80,,6275,8,,,1,39,,6276,8,,,1,80,,6277,8,,,1,80,,6278,8,,,1
3101,'SUN',850,,6279,8,,,1,100,,6280,8,,,1,100,,6281,8,,,1,101,,6282,8,,,1,100,,6283,8,,,1,100,,6284,8,,,1,100,,6285,8,,,1,100,,6286,8,,,1,100,,6287,8,,,1,99,,6288,8,,,1,100,,6289,8,,,1,100,,6290,8,,,1
3101,'CCFWK',544,,6291,8,,,1,71,,6292,8,,,1,30,,6293,8,,,1,70,,6294,8,,,1,31,,6295,8,,,1,72,,6296,8,,,1,30,,6297,8,,,1,68,,6298,8,,,1,31,,6299,8,,,1,70,,6300,8,,,1,30,,6301,8,,,1,70,,6302,8,,,1,32,,6303,8,,,1,70,,6304,8,,,1,30,,6305,8,,,1,70,,6306,8,,,1,30,,6307,8,,,1,70,,6308,8,,,1,33,,6309,8,,,1,70,,6310,8,,,1,30,,6311,8,,,1,69,,6312,8,,,1,28,,6313,8,,,1,68,,6314,8,,,1,30,,6315,8,,,1,70,,6316,8,,,1,29,,6317,8,,,1,70,,6318,8,,,1,100,,6319,8,,,1,97,,6320,8,,,1
3101,'CCFFF',544,,6321,8,,,1,71,,6322,8,,,1,30,,6323,8,,,1,70,,6324,8,,,1,31,,6325,8,,,1,72,,6326,8,,,1,30,,6327,8,,,1,68,,6328,8,,,1,31,,6329,8,,,1,70,,6330,8,,,1,30,,6331,8,,,1,70,,6332,8,,,1,32,,6333,8,,,1,70,,6334,8,,,1,30,,6335,8,,,1,70,,6336,8,,,1,30,,6337,8,,,1,70,,6338,8,,,1,33,,6339,8,,,1,70,,6340,8,,,1,30,,6341,8,,,1,69,,6342,8,,,1,28,,6343,8,,,1,68,,6344,8,,,1,30,,6345,8,,,1,70,,6346,8,,,1,29,,6347,8,,,1,70,,6348,8,,,1,100,,6349,8,,,1,97,,6350,8,,,1
3101,'CCFSAT',850,,6351,8,,,1,80,,6352,8,,,1,80,,6353,8,,,1,40,,6354,8,,,1,81,,6355,8,,,1,80,,6356,8,,,1,40,,6357,8,,,1,80,,6358,8,,,1,80,,6359,8,,,1,40,,6360,8,,,1,80,,6361,8,,,1,80,,6362,8,,,1,40,,6363,8,,,1,80,,6364,8,,,1,80,,6365,8,,,1,39,,6366,8,,,1,80,,6367,8,,,1,80,,6368,8,,,1
3101,'CCFSUN',850,,6369,8,,,1,100,,6370,8,,,1,100,,6371,8,,,1,101,,6372,8,,,1,100,,6373,8,,,1,100,,6374,8,,,1,100,,6375,8,,,1,100,,6376,8,,,1,100,,6377,8,,,1,99,,6378,8,,,1,100,,6379,8,,,1,100,,6380,8,,,1
7100,'WKDY',556,,10851,11,,,1,66,,10852,11,,,1,30,,10853,11,,,1,70,,10854,11,,,1,15,,10855,11,,,1,15,,10856,11,,,1,55,,10857,11,,,1,16,,10858,11,,,1,15,,10859,11,,,1,15,,10860,11,,,1,55,,10861,11,,,1,16,,10862,11,,,1,15,,10863,11,,,1,16,,10864,11,,,1,55,,10865,11,,,1,15,,10866,11,,,1,16,,10867,11,,,1,15,,10868,11,,,1,55,,10869,11,,,1,15,,10870,11,,,1,16,,10871,11,,,1,15,,10872,11,,,1,59,,10873,11,,,1,8,,10874,11,,,1,15,,10875,11,,,1,15,,10876,11,,,1,56,,10877,11,,,1,15,,10878,11,,,1,15,,10879,11,,,1,15,,10880,11,,,1,56,,10881,11,,,1,15,,10882,11,,,1,18,,10883,11,,,1,15,,10884,11,,,1,55,,10885,11,,,1,16,,10886,11,,,1,15,,10887,11,,,1,55,,10888,11,,,1,15,,10889,11,,,1,14,,10890,11,,,1,15,,10891,11,,,1,15,,10892,11,,,1,55,,10893,11,,,1,15,,10894,11,,,1,15,,10895,11,,,1,14,,10896,11,,,1,54,,10897,11,,,1,15,,10898,11,,,1,28,,10899,11,,,1,68,,10900,11,,,1,30,,10901,11,,,1,70,,10902,11,,,1,29,,10903,11,,,1,69,,10904,11,,,1,29,,10905,11,,,1,69,,10906,11,,,1,29,,10907,11,,,1,100,,10908,11,,,1
7100,'SAT',652,,10909,11,,,1,60,,10910,11,,,1,21,,10911,11,,,1,20,,10912,11,,,1,61,,10913,11,,,1,21,,10914,11,,,1,20,,10915,11,,,1,60,,10916,11,,,1,21,,10917,11,,,1,20,,10918,11,,,1,60,,10919,11,,,1,21,,10920,11,,,1,20,,10921,11,,,1,61,,10922,11,,,1,20,,10923,11,,,1,20,,10924,11,,,1,61,,10925,11,,,1,22,,10926,11,,,1,61,,10927,11,,,1,20,,10928,11,,,1,20,,10929,11,,,1,61,,10930,11,,,1,20,,10931,11,,,1,21,,10932,11,,,1,60,,10933,11,,,1,20,,10934,11,,,1,20,,10935,11,,,1,60,,10936,11,,,1,20,,10937,11,,,1,19,,10938,11,,,1,60,,10939,11,,,1,20,,10940,11,,,1,19,,10941,11,,,1,60,,10942,11,,,1,20,,10943,11,,,1,19,,10944,11,,,1,60,,10945,11,,,1,19,,10946,11,,,1,20,,10947,11,,,1,60,,10948,11,,,1,19,,10949,11,,,1,20,,10950,11,,,1,20,,10951,11,,,1,58,,10952,11,,,1,20,,10953,11,,,1,20,,10954,11,,,1,69,,10955,11,,,1,29,,10956,11,,,1,70,,10957,11,,,1
7100,'SUN',652,,10958,11,,,1,70,,10959,11,,,1,31,,10960,11,,,1,72,,10961,11,,,1,30,,10962,11,,,1,70,,10963,11,,,1,31,,10964,11,,,1,70,,10965,11,,,1,31,,10966,11,,,1,71,,10967,11,,,1,30,,10968,11,,,1,74,,10969,11,,,1,70,,10970,11,,,1,30,,10971,11,,,1,71,,10972,11,,,1,30,,10973,11,,,1,71,,10974,11,,,1,30,,10975,11,,,1,70,,10976,11,,,1,30,,10977,11,,,1,69,,10978,11,,,1,30,,10979,11,,,1,69,,10980,11,,,1,29,,10981,11,,,1,70,,10982,11,,,1,29,,10983,11,,,1,70,,10984,11,,,1,29,,10985,11,,,1,30,,10986,11,,,1,70,,10987,11,,,1,30,,10988,11,,,1,58,,10989,11,,,1,29,,10990,11,,,1,69,,10991,11,,,1
7100,'CCFWK',556,,10992,11,,,1,66,,10993,11,,,1,30,,10994,11,,,1,70,,10995,11,,,1,15,,10996,11,,,1,15,,10997,11,,,1,55,,10998,11,,,1,16,,10999,11,,,1,15,,11000,11,,,1,15,,11001,11,,,1,55,,11002,11,,,1,16,,11003,11,,,1,15,,11004,11,,,1,16,,11005,11,,,1,55,,11006,11,,,1,15,,11007,11,,,1,16,,11008,11,,,1,15,,11009,11,,,1,55,,11010,11,,,1,15,,11011,11,,,1,16,,11012,11,,,1,15,,11013,11,,,1,59,,11014,11,,,1,8,,11015,11,,,1,15,,11016,11,,,1,15,,11017,11,,,1,56,,11018,11,,,1,15,,11019,11,,,1,15,,11020,11,,,1,15,,11021,11,,,1,56,,11022,11,,,1,15,,11023,11,,,1,18,,11024,11,,,1,15,,11025,11,,,1,55,,11026,11,,,1,16,,11027,11,,,1,15,,11028,11,,,1,55,,11029,11,,,1,15,,11030,11,,,1,14,,11031,11,,,1,15,,11032,11,,,1,15,,11033,11,,,1,55,,11034,11,,,1,15,,11035,11,,,1,15,,11036,11,,,1,14,,11037,11,,,1,54,,11038,11,,,1,15,,11039,11,,,1,28,,11040,11,,,1,68,,11041,11,,,1,30,,11042,11,,,1,70,,11043,11,,,1,29,,11044,11,,,1,69,,11045,11,,,1,29,,11046,11,,,1,69,,11047,11,,,1,29,,11048,11,,,1,100,,11049,11,,,1
7100,'CCFFF',556,,11050,11,,,1,66,,11051,11,,,1,30,,11052,11,,,1,70,,11053,11,,,1,15,,11054,11,,,1,15,,11055,11,,,1,55,,11056,11,,,1,16,,11057,11,,,1,15,,11058,11,,,1,15,,11059,11,,,1,55,,11060,11,,,1,16,,11061,11,,,1,15,,11062,11,,,1,16,,11063,11,,,1,55,,11064,11,,,1,15,,11065,11,,,1,16,,11066,11,,,1,15,,11067,11,,,1,55,,11068,11,,,1,15,,11069,11,,,1,16,,11070,11,,,1,15,,11071,11,,,1,59,,11072,11,,,1,8,,11073,11,,,1,15,,11074,11,,,1,15,,11075,11,,,1,56,,11076,11,,,1,15,,11077,11,,,1,15,,11078,11,,,1,15,,11079,11,,,1,56,,11080,11,,,1,15,,11081,11,,,1,18,,11082,11,,,1,15,,11083,11,,,1,55,,11084,11,,,1,16,,11085,11,,,1,15,,11086,11,,,1,55,,11087,11,,,1,15,,11088,11,,,1,14,,11089,11,,,1,15,,11090,11,,,1,15,,11091,11,,,1,55,,11092,11,,,1,15,,11093,11,,,1,15,,11094,11,,,1,14,,11095,11,,,1,54,,11096,11,,,1,15,,11097,11,,,1,28,,11098,11,,,1,68,,11099,11,,,1,30,,11100,11,,,1,70,,11101,11,,,1,29,,11102,11,,,1,69,,11103,11,,,1,29,,11104,11,,,1,69,,11105,11,,,1,29,,11106,11,,,1,100,,11107,11,,,1
7100,'CCFSAT',652,,11108,11,,,1,60,,11109,11,,,1,21,,11110,11,,,1,20,,11111,11,,,1,61,,11112,11,,,1,21,,11113,11,,,1,20,,11114,11,,,1,60,,11115,11,,,1,21,,11116,11,,,1,20,,11117,11,,,1,60,,11118,11,,,1,21,,11119,11,,,1,20,,11120,11,,,1,61,,11121,11,,,1,20,,11122,11,,,1,20,,11123,11,,,1,61,,11124,11,,,1,22,,11125,11,,,1,61,,11126,11,,,1,20,,11127,11,,,1,20,,11128,11,,,1,61,,11129,11,,,1,20,,11130,11,,,1,21,,11131,11,,,1,60,,11132,11,,,1,20,,11133,11,,,1,20,,11134,11,,,1,60,,11135,11,,,1,20,,11136,11,,,1,19,,11137,11,,,1,60,,11138,11,,,1,20,,11139,11,,,1,19,,11140,11,,,1,60,,11141,11,,,1,20,,11142,11,,,1,19,,11143,11,,,1,60,,11144,11,,,1,19,,11145,11,,,1,20,,11146,11,,,1,60,,11147,11,,,1,19,,11148,11,,,1,20,,11149,11,,,1,20,,11150,11,,,1,58,,11151,11,,,1,20,,11152,11,,,1,20,,11153,11,,,1,69,,11154,11,,,1,29,,11155,11,,,1,70,,11156,11,,,1
7100,'CCFSUN',652,,11157,11,,,1,70,,11158,11,,,1,31,,11159,11,,,1,72,,11160,11,,,1,30,,11161,11,,,1,70,,11162,11,,,1,31,,11163,11,,,1,70,,11164,11,,,1,31,,11165,11,,,1,71,,11166,11,,,1,30,,11167,11,,,1,74,,11168,11,,,1,70,,11169,11,,,1,30,,11170,11,,,1,71,,11171,11,,,1,30,,11172,11,,,1,71,,11173,11,,,1,30,,11174,11,,,1,70,,11175,11,,,1,30,,11176,11,,,1,69,,11177,11,,,1,30,,11178,11,,,1,69,,11179,11,,,1,29,,11180,11,,,1,70,,11181,11,,,1,29,,11182,11,,,1,70,,11183,11,,,1,29,,11184,11,,,1,30,,11185,11,,,1,70,,11186,11,,,1,30,,11187,11,,,1,58,,11188,11,,,1,29,,11189,11,,,1,69,,11190,11,,,1
