1200,'WKDY',646,,385,29,4,,1,70,,386,29,4,,1,31,,387,29,4,,1,71,,388,29,4,,1,30,,389,29,4,,1,70,,390,29,4,,1,30,,391,29,4,,1,70,,392,29,4,,1,30,,393,29,4,,1,70,,394,29,4,,1,30,,395,29,4,,1,70,,396,29,4,,1,30,,397,29,4,,1,70,,398,29,4,,1,30,,399,29,4,,1,70,,400,29,4,,1,30,,401,29,4,,1,70,,402,29,4,,1,33,,403,29,4,,1,70,,404,29,4,,1,30,,405,29,4,,1,70,,406,29,4,,1,30,,407,29,4,,1,70,,408,29,4,,1,26,,409,29,4,,1,70,,410,29,4,,1,30,,411,29,4,,1,68,,412,29,4,,1,30,,413,29,4,,1,68,,414,29,4,,1,30,,415,29,4,,1,70,,416,29,4,,1
1200,'SAT',2137,,431,29,4,,1,100,,432,29,4,,1
1200,'SUN',2137,,447,29,4,,1,100,,448,29,4,,1
1201,'WKDY',523,,449,1,,,1,30,,450,1,,,1,70,,451,1,,,1,30,,452,1,,,1,70,,453,1,,,1,30,,454,1,,,1,70,,455,1,,,1,30,,456,1,,,1,70,,457,1,,,1,30,,458,1,,,1,70,,459,1,,,1,30,,460,1,,,1,70,,461,1,,,1,30,,462,1,,,1,70,,463,1,,,1,30,,464,1,,,1,70,,465,1,,,1,30,,466,1,,,1,70,,467,1,,,1,30,,468,1,,,1,70,,469,1,,,1,30,,470,1,,,1,70,,471,1,,,1,30,,472,1,,,1,70,,473,1,,,1,30,,474,1,,,1,70,,475,1,,,1,30,,476,1,,,1,70,,477,1,,,1,30,,478,1,,,1,70,,479,1,,,1,30,,480,1,,,1
1201,'SAT',615,,481,1,,,1,100,,482,1,,,1,100,,483,1,,,1,100,,484,1,,,1,100,,485,1,,,1,100,,486,1,,,1,100,,487,1,,,1,100,,488,1,,,1,100,,489,1,,,1,100,,490,1,,,1,100,,491,1,,,1,100,,492,1,,,1,100,,493,1,,,1,100,,494,1,,,1,100,,495,1,,,1,100,,496,1,,,1
1201,'SUN',615,,497,1,,,1,100,,498,1,,,1,100,,499,1,,,1,100,,500,1,,,1,100,,501,1,,,1,100,,502,1,,,1,100,,503,1,,,1,100,,504,1,,,1,100,,505,1,,,1,100,,506,1,,,1,100,,507,1,,,1,100,,508,1,,,1,100,,509,1,,,1,100,,510,1,,,1,100,,511,1,,,1,100,,512,1,,,1
3200,'WKDY',545,,988,1,,,1,70,,989,1,,,1,30,,990,1,,,1,70,,991,1,,,1,30,,992,1,,,1,70,,993,1,,,1,30,,994,1,,,1,70,,995,1,,,1,30,,996,1,,,1,70,,997,1,,,1,30,,998,1,,,1,70,,999,1,,,1,30,,1000,1,,,1,70,,1001,1,,,1,30,,1002,1,,,1,70,,1003,1,,,1,30,,1004,1,,,1,70,,1005,1,,,1,30,,1006,1,,,1,70,,1007,1,,,1,30,,1008,1,,,1,70,,1009,1,,,1,30,,1010,1,,,1,70,,1011,1,,,1,30,,1012,1,,,1,70,,1013,1,,,1,30,,1014,1,,,1,100,,1015,1,,,1,100,,1016,1,,,1
3200,'SAT',822,,1017,1,,,1,80,,1018,1,,,1,40,,1019,1,,,1,80,,1020,1,,,1,80,,1021,1,,,1,40,,1022,1,,,1,80,,1023,1,,,1,80,,1024,1,,,1,40,,1025,1,,,1,80,,1026,1,,,1,80,,1027,1,,,1,40,,1028,1,,,1,80,,1029,1,,,1,80,,1030,1,,,1,40,,1031,1,,,1,80,,1032,1,,,1,80,,1033,1,,,1,40,,1034,1,,,1
3200,'SUN',822,,1035,1,,,1,100,,1036,1,,,1,100,,1037,1,,,1,100,,1038,1,,,1,100,,1039,1,,,1,100,,1040,1,,,1,100,,1041,1,,,1,100,,1042,1,,,1,100,,1043,1,,,1,100,,1044,1,,,1,100,,1045,1,,,1,100,,1046,1,,,1
3201,'WKDY',610,,1047,34,4,,1,30,,1048,34,4,,1,70,,1049,34,4,,1,30,,1050,34,4,,1,70,,1051,34,4,,1,30,,1052,34,4,,1,70,,1053,34,4,,1,30,,1054,34,4,,1,70,,1055,34,4,,1,30,,1056,34,4,,1,70,,1057,34,4,,1,30,,1058,34,4,,1,70,,1059,34,4,,1,30,,1060,34,4,,1,70,,1061,34,4,,1,30,,1062,34,4,,1,70,,1063,34,4,,1,30,,1064,34,4,,1,70,,1065,34,4,,1,30,,1066,34,4,,1,70,,1067,34,4,,1,30,,1068,34,4,,1,70,,1069,34,4,,1,30,,1070,34,4,,1,70,,1071,34,4,,1,30,,1072,34,4,,1,70,,1073,34,4,,1,30,,1074,34,4,,1,100,,1075,34,4,,1,100,,1076,34,4,,1
3201,'SAT',817,,1093,34,4,,1,40,,1094,34,4,,1,80,,1095,34,4,,1,80,,1077,34,4,,1,40,,1078,34,4,,1,80,,1079,34,4,,1,80,,1080,34,4,,1,40,,1081,34,4,,1,80,,1082,34,4,,1,80,,1083,34,4,,1,40,,1084,34,4,,1,80,,1085,34,4,,1,80,,1086,34,4,,1,40,,1087,34,4,,1,80,,1088,34,4,,1,80,,1089,34,4,,1,40,,1090,34,4,,1,80,,1091,34,4,,1,80,,1092,34,4,,1
3201,'SUN',817,,1096,34,4,,1,100,,1097,34,4,,1,100,,1098,34,4,,1,100,,1099,34,4,,1,100,,1100,34,4,,1,100,,1101,34,4,,1,100,,1102,34,4,,1,100,,1103,34,4,,1,100,,1104,34,4,,1,100,,1105,34,4,,1,100,,1106,34,4,,1,100,,1107,34,4,,1,100,,1108,34,4,,1
8000,'SAT',901,,3592,36,4,,1,100,,3605,36,4,,1,102,,3606,36,4,,1,100,,3607,36,4,,1,101,,3608,36,4,,1,100,,3609,36,4,,1,100,,3610,36,4,,1,100,,3611,36,4,,1,100,,3612,36,4,,1,99,,3613,36,4,,1,100,,3614,36,4,,1,100,,3615,36,4,,1,100,,3616,36,4,,1
8000,'SUN',901,,3620,36,4,,1,100,,3633,36,4,,1,102,,3634,36,4,,1,100,,3635,36,4,,1,101,,3636,36,4,,1,100,,3637,36,4,,1,100,,3638,36,4,,1,100,,3639,36,4,,1,100,,3640,36,4,,1,99,,3641,36,4,,1,100,,3642,36,4,,1,100,,3643,36,4,,1,100,,3644,36,4,,1
