3001,'WKDY',628,,5724,33,,,1,72,,5725,33,,,1,30,,5726,33,,,1,70,,5727,33,,,1,30,,5728,33,,,1,70,,5729,33,,,1,29,,5730,33,,,1,30,,5731,33,,,1,70,,5732,33,,,1,30,,5733,33,,,1,70,,5734,33,,,1,30,,5735,33,,,1,71,,5736,33,,,1,70,,5737,33,,,1,29,,5738,33,,,1,71,,5739,33,,,1,32,,5740,33,,,1,70,,5741,33,,,1,31,,5742,33,,,1,70,,5743,33,,,1,30,,5744,33,,,1,70,,5745,33,,,1,27,,5746,33,,,1,70,,5747,33,,,1,28,,5748,33,,,1,29,,5749,33,,,1,69,,5750,33,,,1,30,,5751,33,,,1,69,,5752,33,,,1,100,,5753,33,,,1
3001,'SAT',754,,5756,33,,,1,72,,5757,33,,,1,30,,5758,33,,,1,70,,5759,33,,,1,30,,5760,33,,,1,71,,5761,33,,,1,30,,5762,33,,,1,71,,5763,33,,,1,30,,5764,33,,,1,71,,5765,33,,,1,30,,5766,33,,,1,70,,5767,33,,,1,30,,5768,33,,,1,70,,5769,33,,,1,30,,5770,33,,,1,70,,5771,33,,,1,30,,5772,33,,,1,70,,5773,33,,,1,30,,5774,33,,,1,69,,5775,33,,,1,99,,5776,33,,,1,98,,5777,33,,,1,100,,5778,33,,,1
3001,'SUN',826,,5781,33,,,1,100,,5782,33,,,1,101,,5783,33,,,1,101,,5784,33,,,1,101,,5785,33,,,1,100,,5786,33,,,1,100,,5787,33,,,1,100,,5788,33,,,1,100,,5789,33,,,1,99,,5790,33,,,1,99,,5791,33,,,1,98,,5792,33,,,1,100,,5793,33,,,1
3001,'CCFWK',628,,5796,33,,,1,72,,5797,33,,,1,30,,5798,33,,,1,70,,5799,33,,,1,30,,5800,33,,,1,70,,5801,33,,,1,29,,5802,33,,,1,30,,5803,33,,,1,70,,5804,33,,,1,30,,5805,33,,,1,70,,5806,33,,,1,30,,5807,33,,,1,71,,5808,33,,,1,70,,5809,33,,,1,29,,5810,33,,,1,71,,5811,33,,,1,32,,5812,33,,,1,70,,5813,33,,,1,31,,5814,33,,,1,70,,5815,33,,,1,30,,5816,33,,,1,70,,5817,33,,,1,27,,5818,33,,,1,70,,5819,33,,,1,28,,5820,33,,,1,29,,5821,33,,,1,69,,5822,33,,,1,30,,5823,33,,,1,69,,5824,33,,,1,100,,5825,33,,,1
3001,'CCFFF',628,,5828,33,,,1,72,,5829,33,,,1,30,,5830,33,,,1,70,,5831,33,,,1,30,,5832,33,,,1,70,,5833,33,,,1,29,,5834,33,,,1,30,,5835,33,,,1,70,,5836,33,,,1,30,,5837,33,,,1,70,,5838,33,,,1,30,,5839,33,,,1,71,,5840,33,,,1,70,,5841,33,,,1,29,,5842,33,,,1,71,,5843,33,,,1,32,,5844,33,,,1,70,,5845,33,,,1,31,,5846,33,,,1,70,,5847,33,,,1,30,,5848,33,,,1,70,,5849,33,,,1,27,,5850,33,,,1,70,,5851,33,,,1,28,,5852,33,,,1,29,,5853,33,,,1,69,,5854,33,,,1,30,,5855,33,,,1,69,,5856,33,,,1,100,,5857,33,,,1
3001,'CCFSAT',754,,5860,33,,,1,72,,5861,33,,,1,30,,5862,33,,,1,70,,5863,33,,,1,30,,5864,33,,,1,71,,5865,33,,,1,30,,5866,33,,,1,71,,5867,33,,,1,30,,5868,33,,,1,71,,5869,33,,,1,30,,5870,33,,,1,70,,5871,33,,,1,30,,5872,33,,,1,70,,5873,33,,,1,30,,5874,33,,,1,70,,5875,33,,,1,30,,5876,33,,,1,70,,5877,33,,,1,30,,5878,33,,,1,69,,5879,33,,,1,99,,5880,33,,,1,98,,5881,33,,,1,100,,5882,33,,,1
3001,'CCFSUN',826,,5885,33,,,1,100,,5886,33,,,1,101,,5887,33,,,1,101,,5888,33,,,1,101,,5889,33,,,1,100,,5890,33,,,1,100,,5891,33,,,1,100,,5892,33,,,1,100,,5893,33,,,1,99,,5894,33,,,1,99,,5895,33,,,1,98,,5896,33,,,1,100,,5897,33,,,1
3201,'WKDY',553,,6535,9,,,1,70,,6536,9,,,1,30,,6537,9,,,1,71,,6538,9,,,1,31,,6539,9,,,1,70,,6540,9,,,1,29,,6541,9,,,1,71,,6542,9,,,1,30,,6543,9,,,1,70,,6544,9,,,1,30,,6545,9,,,1,72,,6546,9,,,1,30,,6547,9,,,1,70,,6548,9,,,1,29,,6549,9,,,1,70,,6550,9,,,1,30,,6551,9,,,1,71,,6552,9,,,1,30,,6553,9,,,1,70,,6554,9,,,1,30,,6555,9,,,1,70,,6556,9,,,1,28,,6557,9,,,1,70,,6558,9,,,1,30,,6559,9,,,1,69,,6560,9,,,1,30,,6561,9,,,1,100,,6562,9,,,1,99,,6563,9,,,1
3201,'SAT',831,,6564,9,,,1,80,,6565,9,,,1,40,,6566,9,,,1,80,,6567,9,,,1,81,,6568,9,,,1,40,,6569,9,,,1,80,,6570,9,,,1,80,,6571,9,,,1,40,,6572,9,,,1,80,,6573,9,,,1,80,,6574,9,,,1,40,,6575,9,,,1,80,,6576,9,,,1,80,,6577,9,,,1,40,,6578,9,,,1,79,,6579,9,,,1,80,,6580,9,,,1,40,,6581,9,,,1
3201,'SUN',831,,6582,9,,,1,100,,6583,9,,,1,100,,6584,9,,,1,101,,6585,9,,,1,100,,6586,9,,,1,100,,6587,9,,,1,100,,6588,9,,,1,100,,6589,9,,,1,100,,6590,9,,,1,99,,6591,9,,,1,100,,6592,9,,,1,100,,6593,9,,,1
3201,'CCFWK',553,,6594,9,,,1,70,,6595,9,,,1,30,,6596,9,,,1,71,,6597,9,,,1,31,,6598,9,,,1,70,,6599,9,,,1,29,,6600,9,,,1,71,,6601,9,,,1,30,,6602,9,,,1,70,,6603,9,,,1,30,,6604,9,,,1,72,,6605,9,,,1,30,,6606,9,,,1,70,,6607,9,,,1,29,,6608,9,,,1,70,,6609,9,,,1,30,,6610,9,,,1,71,,6611,9,,,1,30,,6612,9,,,1,70,,6613,9,,,1,30,,6614,9,,,1,70,,6615,9,,,1,28,,6616,9,,,1,70,,6617,9,,,1,30,,6618,9,,,1,69,,6619,9,,,1,30,,6620,9,,,1,100,,6621,9,,,1,99,,6622,9,,,1
3201,'CCFFF',553,,6623,9,,,1,70,,6624,9,,,1,30,,6625,9,,,1,71,,6626,9,,,1,31,,6627,9,,,1,70,,6628,9,,,1,29,,6629,9,,,1,71,,6630,9,,,1,30,,6631,9,,,1,70,,6632,9,,,1,30,,6633,9,,,1,72,,6634,9,,,1,30,,6635,9,,,1,70,,6636,9,,,1,29,,6637,9,,,1,70,,6638,9,,,1,30,,6639,9,,,1,71,,6640,9,,,1,30,,6641,9,,,1,70,,6642,9,,,1,30,,6643,9,,,1,70,,6644,9,,,1,28,,6645,9,,,1,70,,6646,9,,,1,30,,6647,9,,,1,69,,6648,9,,,1,30,,6649,9,,,1,100,,6650,9,,,1,99,,6651,9,,,1
3201,'CCFSAT',831,,6652,9,,,1,80,,6653,9,,,1,40,,6654,9,,,1,80,,6655,9,,,1,81,,6656,9,,,1,40,,6657,9,,,1,80,,6658,9,,,1,80,,6659,9,,,1,40,,6660,9,,,1,80,,6661,9,,,1,80,,6662,9,,,1,40,,6663,9,,,1,80,,6664,9,,,1,80,,6665,9,,,1,40,,6666,9,,,1,79,,6667,9,,,1,80,,6668,9,,,1,40,,6669,9,,,1
3201,'CCFSUN',831,,6670,9,,,1,100,,6671,9,,,1,100,,6672,9,,,1,101,,6673,9,,,1,100,,6674,9,,,1,100,,6675,9,,,1,100,,6676,9,,,1,100,,6677,9,,,1,100,,6678,9,,,1,99,,6679,9,,,1,100,,6680,9,,,1,100,,6681,9,,,1
