1200,'WKDY',531,,4878,8,,,1,70,,4879,8,,,1,30,,4880,8,,,1,70,,4881,8,,,1,30,,4882,8,,,1,70,,4883,8,,,1,30,,4884,8,,,1,70,,4885,8,,,1,30,,4886,8,,,1,70,,4887,8,,,1,30,,4888,8,,,1,70,,4889,8,,,1,30,,4890,8,,,1,70,,4891,8,,,1,30,,4892,8,,,1,70,,4893,8,,,1,30,,4894,8,,,1,70,,4895,8,,,1,30,,4896,8,,,1,70,,4897,8,,,1,30,,4898,8,,,1,70,,4899,8,,,1,30,,4900,8,,,1,70,,4901,8,,,1,30,,4902,8,,,1,70,,4903,8,,,1,30,,4904,8,,,1,70,,4905,8,,,1,30,,4906,8,,,1,70,,4907,8,,,1,29,,4908,8,,,1,70,,4909,8,,,1
1200,'SAT',623,,4910,8,,,1,100,,4911,8,,,1,100,,4912,8,,,1,100,,4913,8,,,1,100,,4914,8,,,1,100,,4915,8,,,1,100,,4916,8,,,1,100,,4917,8,,,1,100,,4918,8,,,1,100,,4919,8,,,1,100,,4920,8,,,1,100,,4921,8,,,1,100,,4922,8,,,1,100,,4923,8,,,1,100,,4924,8,,,1,100,,4925,8,,,1
1200,'SUN',623,,4926,8,,,1,100,,4927,8,,,1,100,,4928,8,,,1,100,,4929,8,,,1,100,,4930,8,,,1,100,,4931,8,,,1,100,,4932,8,,,1,100,,4933,8,,,1,100,,4934,8,,,1,100,,4935,8,,,1,100,,4936,8,,,1,100,,4937,8,,,1,100,,4938,8,,,1,100,,4939,8,,,1,100,,4940,8,,,1,100,,4941,8,,,1
1200,'CCFWK',531,,4942,8,,,1,70,,4943,8,,,1,30,,4944,8,,,1,70,,4945,8,,,1,30,,4946,8,,,1,70,,4947,8,,,1,30,,4948,8,,,1,70,,4949,8,,,1,30,,4950,8,,,1,70,,4951,8,,,1,30,,4952,8,,,1,70,,4953,8,,,1,30,,4954,8,,,1,70,,4955,8,,,1,30,,4956,8,,,1,70,,4957,8,,,1,30,,4958,8,,,1,70,,4959,8,,,1,30,,4960,8,,,1,70,,4961,8,,,1,30,,4962,8,,,1,70,,4963,8,,,1,30,,4964,8,,,1,70,,4965,8,,,1,30,,4966,8,,,1,70,,4967,8,,,1,30,,4968,8,,,1,70,,4969,8,,,1,30,,4970,8,,,1,70,,4971,8,,,1,29,,4972,8,,,1,70,,4973,8,,,1
1200,'CCFFF',531,,4974,8,,,1,70,,4975,8,,,1,30,,4976,8,,,1,70,,4977,8,,,1,30,,4978,8,,,1,70,,4979,8,,,1,30,,4980,8,,,1,70,,4981,8,,,1,30,,4982,8,,,1,70,,4983,8,,,1,30,,4984,8,,,1,70,,4985,8,,,1,30,,4986,8,,,1,70,,4987,8,,,1,30,,4988,8,,,1,70,,4989,8,,,1,30,,4990,8,,,1,70,,4991,8,,,1,30,,4992,8,,,1,70,,4993,8,,,1,30,,4994,8,,,1,70,,4995,8,,,1,30,,4996,8,,,1,70,,4997,8,,,1,30,,4998,8,,,1,70,,4999,8,,,1,30,,5000,8,,,1,70,,5001,8,,,1,30,,5002,8,,,1,70,,5003,8,,,1,29,,5004,8,,,1,70,,5005,8,,,1
1200,'CCFSAT',623,,5006,8,,,1,100,,5007,8,,,1,100,,5008,8,,,1,100,,5009,8,,,1,100,,5010,8,,,1,100,,5011,8,,,1,100,,5012,8,,,1,100,,5013,8,,,1,100,,5014,8,,,1,100,,5015,8,,,1,100,,5016,8,,,1,100,,5017,8,,,1,100,,5018,8,,,1,100,,5019,8,,,1,100,,5020,8,,,1,100,,5021,8,,,1
1200,'CCFSUN',623,,5022,8,,,1,100,,5023,8,,,1,100,,5024,8,,,1,100,,5025,8,,,1,100,,5026,8,,,1,100,,5027,8,,,1,100,,5028,8,,,1,100,,5029,8,,,1,100,,5030,8,,,1,100,,5031,8,,,1,100,,5032,8,,,1,100,,5033,8,,,1,100,,5034,8,,,1,100,,5035,8,,,1,100,,5036,8,,,1,100,,5037,8,,,1
8000,'WKDY',529,,12399,11,,,1,30,,12430,11,,,1,70,,12400,11,,,1,30,,12401,11,,,1,72,,12402,11,,,1,70,,12403,11,,,1,29,,12404,11,,,1,70,,12405,11,,,1,30,,12406,11,,,1,70,,12407,11,,,1,30,,12408,11,,,1,70,,12409,11,,,1,30,,12410,11,,,1,70,,12411,11,,,1,30,,12412,11,,,1,70,,12413,11,,,1,31,,12414,11,,,1,70,,12415,11,,,1,30,,12416,11,,,1,70,,12417,11,,,1,30,,12418,11,,,1,71,,12419,11,,,1,31,,12420,11,,,1,25,,12421,11,,,1,70,,12422,11,,,1,30,,12423,11,,,1,70,,12424,11,,,1,31,,12425,11,,,1,70,,12426,11,,,1,30,,12427,11,,,1,70,,12428,11,,,1,30,,12429,11,,,1
8000,'SAT',629,,12443,11,,,1,100,,12431,11,,,1,30,,12432,11,,,1,70,,12433,11,,,1,30,,12444,11,,,1,70,,12434,11,,,1,30,,12445,11,,,1,71,,12435,11,,,1,70,,12446,11,,,1,30,,12436,11,,,1,71,,12447,11,,,1,30,,12437,11,,,1,70,,12448,11,,,1,30,,12438,11,,,1,70,,12449,11,,,1,30,,12439,11,,,1,70,,12450,11,,,1,30,,12440,11,,,1,70,,12451,11,,,1,30,,12441,11,,,1,70,,12452,11,,,1,30,,12442,11,,,1,70,,12453,11,,,1,29,,12454,11,,,1,29,,12455,11,,,1,70,,12456,11,,,1,30,,12457,11,,,1,100,,12458,11,,,1
8000,'SUN',629,,12472,11,,,1,100,,12459,11,,,1,30,,12460,11,,,1,70,,12461,11,,,1,30,,12473,11,,,1,70,,12462,11,,,1,30,,12474,11,,,1,71,,12463,11,,,1,70,,12475,11,,,1,30,,12464,11,,,1,71,,12476,11,,,1,30,,12465,11,,,1,70,,12477,11,,,1,30,,12466,11,,,1,70,,12478,11,,,1,30,,12467,11,,,1,70,,12479,11,,,1,30,,12468,11,,,1,70,,12480,11,,,1,30,,12469,11,,,1,70,,12481,11,,,1,30,,12470,11,,,1,70,,12482,11,,,1,29,,12471,11,,,1,29,,12483,11,,,1,70,,12485,11,,,1,30,,12484,11,,,1,100,,12486,11,,,1
8000,'CCFWK',529,,12487,11,,,1,30,,12518,11,,,1,70,,12488,11,,,1,30,,12489,11,,,1,72,,12490,11,,,1,70,,12491,11,,,1,29,,12492,11,,,1,70,,12493,11,,,1,30,,12494,11,,,1,70,,12495,11,,,1,30,,12496,11,,,1,70,,12497,11,,,1,30,,12498,11,,,1,70,,12499,11,,,1,30,,12500,11,,,1,70,,12501,11,,,1,31,,12502,11,,,1,70,,12503,11,,,1,30,,12504,11,,,1,70,,12505,11,,,1,30,,12506,11,,,1,71,,12507,11,,,1,31,,12508,11,,,1,25,,12509,11,,,1,70,,12510,11,,,1,30,,12511,11,,,1,70,,12512,11,,,1,31,,12513,11,,,1,70,,12514,11,,,1,30,,12515,11,,,1,70,,12516,11,,,1,30,,12517,11,,,1
8000,'CCFFF',529,,12519,11,,,1,30,,12550,11,,,1,70,,12520,11,,,1,30,,12521,11,,,1,72,,12522,11,,,1,70,,12523,11,,,1,29,,12524,11,,,1,70,,12525,11,,,1,30,,12526,11,,,1,70,,12527,11,,,1,30,,12528,11,,,1,70,,12529,11,,,1,30,,12530,11,,,1,70,,12531,11,,,1,30,,12532,11,,,1,70,,12533,11,,,1,31,,12534,11,,,1,70,,12535,11,,,1,30,,12536,11,,,1,70,,12537,11,,,1,30,,12538,11,,,1,71,,12539,11,,,1,31,,12540,11,,,1,25,,12541,11,,,1,70,,12542,11,,,1,30,,12543,11,,,1,70,,12544,11,,,1,31,,12545,11,,,1,70,,12546,11,,,1,30,,12547,11,,,1,70,,12548,11,,,1,30,,12549,11,,,1
8000,'CCFSAT',629,,12563,11,,,1,100,,12551,11,,,1,30,,12552,11,,,1,70,,12553,11,,,1,30,,12564,11,,,1,70,,12554,11,,,1,30,,12565,11,,,1,71,,12555,11,,,1,70,,12566,11,,,1,30,,12556,11,,,1,71,,12567,11,,,1,30,,12557,11,,,1,70,,12568,11,,,1,30,,12558,11,,,1,70,,12569,11,,,1,30,,12559,11,,,1,70,,12570,11,,,1,30,,12560,11,,,1,70,,12571,11,,,1,30,,12561,11,,,1,70,,12572,11,,,1,30,,12562,11,,,1,70,,12573,11,,,1,29,,12574,11,,,1,29,,12575,11,,,1,70,,12576,11,,,1,30,,12577,11,,,1,100,,12578,11,,,1
8000,'CCFSUN',629,,12592,11,,,1,100,,12579,11,,,1,30,,12580,11,,,1,70,,12581,11,,,1,30,,12593,11,,,1,70,,12582,11,,,1,30,,12594,11,,,1,71,,12583,11,,,1,70,,12595,11,,,1,30,,12584,11,,,1,71,,12596,11,,,1,30,,12585,11,,,1,70,,12597,11,,,1,30,,12586,11,,,1,70,,12598,11,,,1,30,,12587,11,,,1,70,,12599,11,,,1,30,,12588,11,,,1,70,,12600,11,,,1,30,,12589,11,,,1,70,,12601,11,,,1,30,,12590,11,,,1,70,,12602,11,,,1,29,,12591,11,,,1,29,,12603,11,,,1,70,,12605,11,,,1,30,,12604,11,,,1,100,,12606,11,,,1
