2501,'WKDY',627,,5586,26,,,1,30,,5587,26,,,1,71,,5588,26,,,1,72,,5589,26,,,1,31,,5590,26,,,1,69,,5591,26,,,1,32,,5592,26,,,1,70,,5593,26,,,1,29,,5594,26,,,1,70,,5595,26,,,1,31,,5596,26,,,1,71,,5597,26,,,1,33,,5598,26,,,1,70,,5599,26,,,1,30,,5600,26,,,1,68,,5601,26,,,1,32,,5602,26,,,1,70,,5603,26,,,1,31,,5604,26,,,1,71,,5605,26,,,1,29,,5606,26,,,1,70,,5607,26,,,1,30,,5608,26,,,1,68,,5609,26,,,1,28,,5610,26,,,1,68,,5611,26,,,1,99,,5612,26,,,1,55,,5613,26,,,1
2501,'SAT',758,,5625,26,,,1,100,,5614,26,,,1,101,,5615,26,,,1,141,,5616,26,,,1,100,,5617,26,,,1,101,,5618,26,,,1,101,,5619,26,,,1,100,,5620,26,,,1,100,,5621,26,,,1,99,,5622,26,,,1,99,,5623,26,,,1,59,,5624,26,,,1,100,,5626,26,,,1
2501,'SUN',758,,5638,26,,,1,100,,5627,26,,,1,101,,5628,26,,,1,141,,5629,26,,,1,100,,5630,26,,,1,101,,5631,26,,,1,101,,5632,26,,,1,100,,5633,26,,,1,100,,5634,26,,,1,99,,5635,26,,,1,99,,5636,26,,,1,59,,5637,26,,,1,100,,5639,26,,,1
2501,'CCFWK',627,,5640,26,,,1,30,,5641,26,,,1,71,,5642,26,,,1,72,,5643,26,,,1,31,,5644,26,,,1,69,,5645,26,,,1,32,,5646,26,,,1,70,,5647,26,,,1,29,,5648,26,,,1,70,,5649,26,,,1,31,,5650,26,,,1,71,,5651,26,,,1,33,,5652,26,,,1,70,,5653,26,,,1,30,,5654,26,,,1,68,,5655,26,,,1,32,,5656,26,,,1,70,,5657,26,,,1,31,,5658,26,,,1,71,,5659,26,,,1,29,,5660,26,,,1,70,,5661,26,,,1,30,,5662,26,,,1,68,,5663,26,,,1,28,,5664,26,,,1,68,,5665,26,,,1,99,,5666,26,,,1,55,,5667,26,,,1
2501,'CCFFF',627,,5668,26,,,1,30,,5669,26,,,1,71,,5670,26,,,1,72,,5671,26,,,1,31,,5672,26,,,1,69,,5673,26,,,1,32,,5674,26,,,1,70,,5675,26,,,1,29,,5676,26,,,1,70,,5677,26,,,1,31,,5678,26,,,1,71,,5679,26,,,1,33,,5680,26,,,1,70,,5681,26,,,1,30,,5682,26,,,1,68,,5683,26,,,1,32,,5684,26,,,1,70,,5685,26,,,1,31,,5686,26,,,1,71,,5687,26,,,1,29,,5688,26,,,1,70,,5689,26,,,1,30,,5690,26,,,1,68,,5691,26,,,1,28,,5692,26,,,1,68,,5693,26,,,1,99,,5694,26,,,1,55,,5695,26,,,1
2501,'CCFSAT',758,,5707,26,,,1,100,,5696,26,,,1,101,,5697,26,,,1,141,,5698,26,,,1,100,,5699,26,,,1,101,,5700,26,,,1,101,,5701,26,,,1,100,,5702,26,,,1,100,,5703,26,,,1,99,,5704,26,,,1,99,,5705,26,,,1,59,,5706,26,,,1,100,,5708,26,,,1
2501,'CCFSUN',758,,5720,26,,,1,100,,5709,26,,,1,101,,5710,26,,,1,141,,5711,26,,,1,100,,5712,26,,,1,101,,5713,26,,,1,101,,5714,26,,,1,100,,5715,26,,,1,100,,5716,26,,,1,99,,5717,26,,,1,99,,5718,26,,,1,59,,5719,26,,,1,100,,5721,26,,,1
7801,'WKDY',449,,12257,14,,,1,102,,12258,14,,,1,71,,12259,14,,,1,30,,12260,14,,,1,70,,12261,14,,,1,30,,12262,14,,,1,70,,12263,14,,,1,31,,12264,14,,,1,70,,12281,14,,,1,30,,12265,14,,,1,71,,12282,14,,,1,30,,12266,14,,,1,70,,12283,14,,,1,30,,12267,14,,,1,70,,12284,14,,,1,30,,12268,14,,,1,71,,12285,14,,,1,30,,12269,14,,,1,70,,12286,14,,,1,30,,12270,14,,,1,70,,12271,14,,,1,30,,12272,14,,,1,70,,12273,14,,,1,30,,12274,14,,,1,70,,12275,14,,,1,31,,12276,14,,,1,100,,12277,14,,,1,97,,12278,14,,,1,100,,12279,14,,,1,98,,12280,14,,,1
7801,'SAT',753,,12287,14,,,1,100,,12288,14,,,1,100,,12289,14,,,1,100,,12290,14,,,1,100,,12291,14,,,1,101,,12292,14,,,1,100,,12293,14,,,1,100,,12294,14,,,1,100,,12295,14,,,1,100,,12296,14,,,1,100,,12297,14,,,1,100,,12298,14,,,1,99,,12299,14,,,1
7801,'SUN',753,,12300,14,,,1,100,,12301,14,,,1,100,,12302,14,,,1,100,,12303,14,,,1,100,,12304,14,,,1,101,,12305,14,,,1,100,,12306,14,,,1,100,,12307,14,,,1,100,,12308,14,,,1,100,,12309,14,,,1,100,,12310,14,,,1,100,,12311,14,,,1,99,,12312,14,,,1
7801,'CCFWK',449,,12313,14,,,1,102,,12314,14,,,1,71,,12315,14,,,1,30,,12316,14,,,1,70,,12317,14,,,1,30,,12318,14,,,1,70,,12319,14,,,1,31,,12320,14,,,1,70,,12337,14,,,1,30,,12321,14,,,1,71,,12338,14,,,1,30,,12322,14,,,1,70,,12339,14,,,1,30,,12323,14,,,1,70,,12340,14,,,1,30,,12324,14,,,1,71,,12341,14,,,1,30,,12325,14,,,1,70,,12342,14,,,1,30,,12326,14,,,1,70,,12327,14,,,1,30,,12328,14,,,1,70,,12329,14,,,1,30,,12330,14,,,1,70,,12331,14,,,1,31,,12332,14,,,1,100,,12333,14,,,1,97,,12334,14,,,1,100,,12335,14,,,1,98,,12336,14,,,1
7801,'CCFFF',449,,12343,14,,,1,102,,12344,14,,,1,71,,12345,14,,,1,30,,12346,14,,,1,70,,12347,14,,,1,30,,12348,14,,,1,70,,12349,14,,,1,31,,12350,14,,,1,70,,12367,14,,,1,30,,12351,14,,,1,71,,12368,14,,,1,30,,12352,14,,,1,70,,12369,14,,,1,30,,12353,14,,,1,70,,12370,14,,,1,30,,12354,14,,,1,71,,12371,14,,,1,30,,12355,14,,,1,70,,12372,14,,,1,30,,12356,14,,,1,70,,12357,14,,,1,30,,12358,14,,,1,70,,12359,14,,,1,30,,12360,14,,,1,70,,12361,14,,,1,31,,12362,14,,,1,100,,12363,14,,,1,97,,12364,14,,,1,100,,12365,14,,,1,98,,12366,14,,,1
7801,'CCFSAT',753,,12373,14,,,1,100,,12374,14,,,1,100,,12375,14,,,1,100,,12376,14,,,1,100,,12377,14,,,1,101,,12378,14,,,1,100,,12379,14,,,1,100,,12380,14,,,1,100,,12381,14,,,1,100,,12382,14,,,1,100,,12383,14,,,1,100,,12384,14,,,1,99,,12385,14,,,1
7801,'CCFSUN',753,,12386,14,,,1,100,,12387,14,,,1,100,,12388,14,,,1,100,,12389,14,,,1,100,,12390,14,,,1,101,,12391,14,,,1,100,,12392,14,,,1,100,,12393,14,,,1,100,,12394,14,,,1,100,,12395,14,,,1,100,,12396,14,,,1,100,,12397,14,,,1,99,,12398,14,,,1
