10500,'WKDY',536,,13118,7,4,,1,80,,13119,7,4,,1,86,,13120,7,4,,1,33,,13121,7,,,1,12,,13122,7,4,,1,81,,13123,7,4,,1,89,,13138,7,4,,1,27,,13124,7,4,,1,97,,13125,7,4,,1,99,,13126,7,4,,1
10500,'CCFWK',536,,13139,7,4,,1,80,,13140,7,4,,1,86,,13141,7,4,,1,33,,13142,7,,,1,12,,13143,7,4,,1,81,,13144,7,4,,1,89,,13159,7,4,,1,27,,13145,7,4,,1,97,,13146,7,4,,1,99,,13147,7,4,,1
10500,'CCFFF',536,,13160,7,4,,1,80,,13161,7,4,,1,86,,13162,7,4,,1,33,,13163,7,,,1,12,,13164,7,4,,1,81,,13165,7,4,,1,89,,13180,7,4,,1,27,,13166,7,4,,1,97,,13167,7,4,,1,99,,13168,7,4,,1
10501,'WKDY',536,,13181,1,,,1,80,,13182,1,,,1,86,,13183,1,,,1,45,,13184,1,,,1,81,,13185,1,,,1,89,,13186,1,,,1,27,,13187,1,,,1,97,,13188,1,,,1,99,,13189,1,,,1
10501,'CCFWK',536,,13201,1,,,1,80,,13202,1,,,1,86,,13203,1,,,1,45,,13204,1,,,1,81,,13205,1,,,1,89,,13206,1,,,1,27,,13207,1,,,1,97,,13208,1,,,1,99,,13209,1,,,1
10501,'CCFFF',536,,13221,1,,,1,80,,13222,1,,,1,86,,13223,1,,,1,45,,13224,1,,,1,81,,13225,1,,,1,89,,13226,1,,,1,27,,13227,1,,,1,97,,13228,1,,,1,99,,13229,1,,,1
10601,'WKDY',550,,13253,4,,,1,83,,13254,4,,,1,83,,13255,4,,,1,86,,13256,4,,,1,38,,13257,4,,,1
10601,'CCFWK',550,,13258,4,,,1,83,,13259,4,,,1,83,,13260,4,,,1,86,,13261,4,,,1,38,,13262,4,,,1
10601,'CCFFF',550,,13263,4,,,1,83,,13264,4,,,1,83,,13265,4,,,1,86,,13266,4,,,1,38,,13267,4,,,1
16400,'WKDY',519,,13268,2,,,1,31,,13288,2,4,,1,70,,13269,2,,,1,22,,13270,2,4,,1,64,,13271,2,,,1,20,,13272,2,4,,1,26,,13273,2,,,1,62,,13274,2,,,1,18,,13275,2,4,,1,93,,13276,2,4,,1,97,,13277,2,4,,1,100,,13278,2,4,,1
16400,'CCFWK',519,,13289,2,,,1,31,,13309,2,4,,1,70,,13290,2,,,1,22,,13291,2,4,,1,64,,13292,2,,,1,20,,13293,2,4,,1,26,,13294,2,,,1,62,,13295,2,,,1,18,,13296,2,4,,1,93,,13297,2,4,,1,97,,13298,2,4,,1,100,,13299,2,4,,1
16400,'CCFFF',519,,13310,2,,,1,31,,13330,2,4,,1,70,,13311,2,,,1,22,,13312,2,4,,1,64,,13313,2,,,1,20,,13314,2,4,,1,26,,13315,2,,,1,62,,13316,2,,,1,18,,13317,2,4,,1,93,,13318,2,4,,1,97,,13319,2,4,,1,100,,13320,2,4,,1
16401,'WKDY',550,,13350,1,,,1,92,,13331,1,,,1,84,,13332,1,,,1,106,,13333,1,,,1,93,,13334,1,,,1,97,,13335,1,,,1,100,,13336,1,,,1
16401,'CCFWK',550,,13372,1,,,1,92,,13353,1,,,1,84,,13354,1,,,1,106,,13355,1,,,1,93,,13356,1,,,1,97,,13357,1,,,1,100,,13358,1,,,1
16401,'CCFFF',550,,13394,1,,,1,92,,13375,1,,,1,84,,13376,1,,,1,106,,13377,1,,,1,93,,13378,1,,,1,97,,13379,1,,,1,100,,13380,1,,,1
