2500,'WKDY',602,,5450,34,,,1,31,,5451,34,,,1,70,,5452,34,,,1,31,,5453,34,,,1,70,,5454,34,,,1,30,,5455,34,,,1,71,,5456,34,,,1,30,,5457,34,,,1,69,,5458,34,,,1,30,,5459,34,,,1,70,,5460,34,,,1,31,,5461,34,,,1,73,,5462,34,,,1,30,,5463,34,,,1,70,,5464,34,,,1,28,,5465,34,,,1,70,,5466,34,,,1,30,,5467,34,,,1,71,,5468,34,,,1,31,,5469,34,,,1,70,,5470,34,,,1,30,,5471,34,,,1,70,,5472,34,,,1,29,,5473,34,,,1,68,,5474,34,,,1,30,,5475,34,,,1,100,,5476,34,,,1,97,,5477,34,,,1
2500,'SAT',734,,5489,34,,,1,100,,5478,34,,,1,101,,5479,34,,,1,100,,5480,34,,,1,100,,5481,34,,,1,100,,5482,34,,,1,100,,5483,34,,,1,100,,5484,34,,,1,100,,5485,34,,,1,100,,5486,34,,,1,99,,5487,34,,,1,99,,5488,34,,,1,100,,5490,34,,,1
2500,'SUN',734,,5502,34,,,1,100,,5491,34,,,1,101,,5492,34,,,1,100,,5493,34,,,1,100,,5494,34,,,1,100,,5495,34,,,1,100,,5496,34,,,1,100,,5497,34,,,1,100,,5498,34,,,1,100,,5499,34,,,1,99,,5500,34,,,1,99,,5501,34,,,1,100,,5503,34,,,1
2500,'CCFWK',602,,5504,34,,,1,31,,5505,34,,,1,70,,5506,34,,,1,31,,5507,34,,,1,70,,5508,34,,,1,30,,5509,34,,,1,71,,5510,34,,,1,30,,5511,34,,,1,69,,5512,34,,,1,30,,5513,34,,,1,70,,5514,34,,,1,31,,5515,34,,,1,73,,5516,34,,,1,30,,5517,34,,,1,70,,5518,34,,,1,28,,5519,34,,,1,70,,5520,34,,,1,30,,5521,34,,,1,71,,5522,34,,,1,31,,5523,34,,,1,70,,5524,34,,,1,30,,5525,34,,,1,70,,5526,34,,,1,29,,5527,34,,,1,68,,5528,34,,,1,30,,5529,34,,,1,100,,5530,34,,,1,97,,5531,34,,,1
2500,'CCFFF',602,,5532,34,,,1,31,,5533,34,,,1,70,,5534,34,,,1,31,,5535,34,,,1,70,,5536,34,,,1,30,,5537,34,,,1,71,,5538,34,,,1,30,,5539,34,,,1,69,,5540,34,,,1,30,,5541,34,,,1,70,,5542,34,,,1,31,,5543,34,,,1,73,,5544,34,,,1,30,,5545,34,,,1,70,,5546,34,,,1,28,,5547,34,,,1,70,,5548,34,,,1,30,,5549,34,,,1,71,,5550,34,,,1,31,,5551,34,,,1,70,,5552,34,,,1,30,,5553,34,,,1,70,,5554,34,,,1,29,,5555,34,,,1,68,,5556,34,,,1,30,,5557,34,,,1,100,,5558,34,,,1,97,,5559,34,,,1
2500,'CCFSAT',734,,5571,34,,,1,100,,5560,34,,,1,101,,5561,34,,,1,100,,5562,34,,,1,100,,5563,34,,,1,100,,5564,34,,,1,100,,5565,34,,,1,100,,5566,34,,,1,100,,5567,34,,,1,100,,5568,34,,,1,99,,5569,34,,,1,99,,5570,34,,,1,100,,5572,34,,,1
2500,'CCFSUN',734,,5584,34,,,1,100,,5573,34,,,1,101,,5574,34,,,1,100,,5575,34,,,1,100,,5576,34,,,1,100,,5577,34,,,1,100,,5578,34,,,1,100,,5579,34,,,1,100,,5580,34,,,1,100,,5581,34,,,1,99,,5582,34,,,1,99,,5583,34,,,1,100,,5585,34,,,1
3101,'WKDY',538,,6231,1,,,1,71,,6232,1,,,1,30,,6233,1,,,1,70,,6234,1,,,1,31,,6235,1,,,1,72,,6236,1,,,1,30,,6237,1,,,1,68,,6238,1,,,1,31,,6239,1,,,1,70,,6240,1,,,1,30,,6241,1,,,1,70,,6242,1,,,1,32,,6243,1,,,1,70,,6244,1,,,1,30,,6245,1,,,1,70,,6246,1,,,1,30,,6247,1,,,1,70,,6248,1,,,1,32,,6249,1,,,1,70,,6250,1,,,1,30,,6251,1,,,1,70,,6252,1,,,1,28,,6253,1,,,1,68,,6254,1,,,1,30,,6255,1,,,1,70,,6256,1,,,1,29,,6257,1,,,1,70,,6258,1,,,1,100,,6259,1,,,1,97,,6260,1,,,1
3101,'SAT',845,,6261,1,,,1,80,,6262,1,,,1,80,,6263,1,,,1,40,,6264,1,,,1,81,,6265,1,,,1,80,,6266,1,,,1,40,,6267,1,,,1,80,,6268,1,,,1,80,,6269,1,,,1,40,,6270,1,,,1,80,,6271,1,,,1,80,,6272,1,,,1,40,,6273,1,,,1,80,,6274,1,,,1,80,,6275,1,,,1,39,,6276,1,,,1,80,,6277,1,,,1,80,,6278,1,,,1
3101,'SUN',845,,6279,1,,,1,100,,6280,1,,,1,100,,6281,1,,,1,101,,6282,1,,,1,100,,6283,1,,,1,100,,6284,1,,,1,100,,6285,1,,,1,100,,6286,1,,,1,100,,6287,1,,,1,99,,6288,1,,,1,100,,6289,1,,,1,100,,6290,1,,,1
3101,'CCFWK',538,,6291,1,,,1,71,,6292,1,,,1,30,,6293,1,,,1,70,,6294,1,,,1,31,,6295,1,,,1,72,,6296,1,,,1,30,,6297,1,,,1,68,,6298,1,,,1,31,,6299,1,,,1,70,,6300,1,,,1,30,,6301,1,,,1,70,,6302,1,,,1,32,,6303,1,,,1,70,,6304,1,,,1,30,,6305,1,,,1,70,,6306,1,,,1,30,,6307,1,,,1,70,,6308,1,,,1,32,,6309,1,,,1,70,,6310,1,,,1,30,,6311,1,,,1,70,,6312,1,,,1,28,,6313,1,,,1,68,,6314,1,,,1,30,,6315,1,,,1,70,,6316,1,,,1,29,,6317,1,,,1,70,,6318,1,,,1,100,,6319,1,,,1,97,,6320,1,,,1
3101,'CCFFF',538,,6321,1,,,1,71,,6322,1,,,1,30,,6323,1,,,1,70,,6324,1,,,1,31,,6325,1,,,1,72,,6326,1,,,1,30,,6327,1,,,1,68,,6328,1,,,1,31,,6329,1,,,1,70,,6330,1,,,1,30,,6331,1,,,1,70,,6332,1,,,1,32,,6333,1,,,1,70,,6334,1,,,1,30,,6335,1,,,1,70,,6336,1,,,1,30,,6337,1,,,1,70,,6338,1,,,1,32,,6339,1,,,1,70,,6340,1,,,1,30,,6341,1,,,1,70,,6342,1,,,1,28,,6343,1,,,1,68,,6344,1,,,1,30,,6345,1,,,1,70,,6346,1,,,1,29,,6347,1,,,1,70,,6348,1,,,1,100,,6349,1,,,1,97,,6350,1,,,1
3101,'CCFSAT',845,,6351,1,,,1,80,,6352,1,,,1,80,,6353,1,,,1,40,,6354,1,,,1,81,,6355,1,,,1,80,,6356,1,,,1,40,,6357,1,,,1,80,,6358,1,,,1,80,,6359,1,,,1,40,,6360,1,,,1,80,,6361,1,,,1,80,,6362,1,,,1,40,,6363,1,,,1,80,,6364,1,,,1,80,,6365,1,,,1,39,,6366,1,,,1,80,,6367,1,,,1,80,,6368,1,,,1
3101,'CCFSUN',845,,6369,1,,,1,100,,6370,1,,,1,100,,6371,1,,,1,101,,6372,1,,,1,100,,6373,1,,,1,100,,6374,1,,,1,100,,6375,1,,,1,100,,6376,1,,,1,100,,6377,1,,,1,99,,6378,1,,,1,100,,6379,1,,,1,100,,6380,1,,,1
3201,'WKDY',609,,6535,30,4,,1,30,,6536,30,4,,1,70,,6537,30,4,,1,31,,6538,30,4,,1,72,,6539,30,4,,1,30,,6540,30,4,,1,68,,6541,30,4,,1,31,,6542,30,4,,1,70,,6543,30,4,,1,30,,6544,30,4,,1,70,,6545,30,4,,1,32,,6546,30,4,,1,70,,6547,30,4,,1,30,,6548,30,4,,1,70,,6549,30,4,,1,30,,6550,30,4,,1,70,,6551,30,4,,1,32,,6552,30,4,,1,70,,6553,30,4,,1,30,,6554,30,4,,1,70,,6555,30,4,,1,28,,6556,30,4,,1,68,,6557,30,4,,1,30,,6558,30,4,,1,70,,6559,30,4,,1,29,,6560,30,4,,1,70,,6561,30,4,,1,100,,6562,30,4,,1,97,,6563,30,4,,1
3201,'SAT',845,,6564,30,4,,1,80,,6565,30,4,,1,80,,6566,30,4,,1,40,,6567,30,4,,1,81,,6568,30,4,,1,80,,6569,30,4,,1,40,,6570,30,4,,1,80,,6571,30,4,,1,80,,6572,30,4,,1,40,,6573,30,4,,1,80,,6574,30,4,,1,80,,6575,30,4,,1,40,,6576,30,4,,1,80,,6577,30,4,,1,80,,6578,30,4,,1,39,,6579,30,4,,1,80,,6580,30,4,,1,80,,6581,30,4,,1
3201,'SUN',845,,6582,30,4,,1,100,,6583,30,4,,1,100,,6584,30,4,,1,101,,6585,30,4,,1,100,,6586,30,4,,1,100,,6587,30,4,,1,100,,6588,30,4,,1,100,,6589,30,4,,1,100,,6590,30,4,,1,99,,6591,30,4,,1,100,,6592,30,4,,1,100,,6593,30,4,,1
3201,'CCFWK',609,,6594,30,4,,1,30,,6595,30,4,,1,70,,6596,30,4,,1,31,,6597,30,4,,1,72,,6598,30,4,,1,30,,6599,30,4,,1,68,,6600,30,4,,1,31,,6601,30,4,,1,70,,6602,30,4,,1,30,,6603,30,4,,1,70,,6604,30,4,,1,32,,6605,30,4,,1,70,,6606,30,4,,1,30,,6607,30,4,,1,70,,6608,30,4,,1,30,,6609,30,4,,1,70,,6610,30,4,,1,32,,6611,30,4,,1,70,,6612,30,4,,1,30,,6613,30,4,,1,70,,6614,30,4,,1,28,,6615,30,4,,1,68,,6616,30,4,,1,30,,6617,30,4,,1,70,,6618,30,4,,1,29,,6619,30,4,,1,70,,6620,30,4,,1,100,,6621,30,4,,1,97,,6622,30,4,,1
3201,'CCFFF',609,,6623,30,4,,1,30,,6624,30,4,,1,70,,6625,30,4,,1,31,,6626,30,4,,1,72,,6627,30,4,,1,30,,6628,30,4,,1,68,,6629,30,4,,1,31,,6630,30,4,,1,70,,6631,30,4,,1,30,,6632,30,4,,1,70,,6633,30,4,,1,32,,6634,30,4,,1,70,,6635,30,4,,1,30,,6636,30,4,,1,70,,6637,30,4,,1,30,,6638,30,4,,1,70,,6639,30,4,,1,32,,6640,30,4,,1,70,,6641,30,4,,1,30,,6642,30,4,,1,70,,6643,30,4,,1,28,,6644,30,4,,1,68,,6645,30,4,,1,30,,6646,30,4,,1,70,,6647,30,4,,1,29,,6648,30,4,,1,70,,6649,30,4,,1,100,,6650,30,4,,1,97,,6651,30,4,,1
3201,'CCFSAT',845,,6652,30,4,,1,80,,6653,30,4,,1,80,,6654,30,4,,1,40,,6655,30,4,,1,81,,6656,30,4,,1,80,,6657,30,4,,1,40,,6658,30,4,,1,80,,6659,30,4,,1,80,,6660,30,4,,1,40,,6661,30,4,,1,80,,6662,30,4,,1,80,,6663,30,4,,1,40,,6664,30,4,,1,80,,6665,30,4,,1,80,,6666,30,4,,1,39,,6667,30,4,,1,80,,6668,30,4,,1,80,,6669,30,4,,1
3201,'CCFSUN',845,,6670,30,4,,1,100,,6671,30,4,,1,100,,6672,30,4,,1,101,,6673,30,4,,1,100,,6674,30,4,,1,100,,6675,30,4,,1,100,,6676,30,4,,1,100,,6677,30,4,,1,100,,6678,30,4,,1,99,,6679,30,4,,1,100,,6680,30,4,,1,100,,6681,30,4,,1
