3000,'WKDY',610,,5724,12,,,1,31,,5725,12,,,1,70,,5726,12,,,1,30,,5727,12,,,1,71,,5728,12,,,1,30,,5729,12,,,1,70,,5730,12,,,1,30,,5731,12,,,1,70,,5732,12,,,1,30,,5733,12,,,1,70,,5734,12,,,1,30,,5735,12,,,1,70,,5736,12,,,1,30,,5737,12,,,1,70,,5738,12,,,1,31,,5739,12,,,1,70,,5740,12,,,1,30,,5741,12,,,1,70,,5742,12,,,1,30,,5743,12,,,1,70,,5744,12,,,1,30,,5745,12,,,1,70,,5746,12,,,1,30,,5747,12,,,1,69,,5748,12,,,1,30,,5749,12,,,1,69,,5750,12,,,1,30,,5751,12,,,1,69,,5752,12,,,1,100,,5753,12,,,1
3000,'SAT',739,,5756,12,,,1,71,,5757,12,,,1,30,,5758,12,,,1,70,,5759,12,,,1,30,,5760,12,,,1,70,,5761,12,,,1,30,,5762,12,,,1,71,,5763,12,,,1,30,,5764,12,,,1,71,,5765,12,,,1,30,,5766,12,,,1,70,,5767,12,,,1,30,,5768,12,,,1,70,,5769,12,,,1,30,,5770,12,,,1,70,,5771,12,,,1,30,,5772,12,,,1,70,,5773,12,,,1,30,,5774,12,,,1,70,,5775,12,,,1,99,,5776,12,,,1,99,,5777,12,,,1,100,,5778,12,,,1
3000,'SUN',810,,5781,12,,,1,100,,5782,12,,,1,100,,5783,12,,,1,101,,5784,12,,,1,101,,5785,12,,,1,100,,5786,12,,,1,100,,5787,12,,,1,100,,5788,12,,,1,100,,5789,12,,,1,100,,5790,12,,,1,99,,5791,12,,,1,99,,5792,12,,,1,100,,5793,12,,,1
3000,'CCFWK',610,,5796,12,,,1,31,,5797,12,,,1,70,,5798,12,,,1,30,,5799,12,,,1,71,,5800,12,,,1,30,,5801,12,,,1,70,,5802,12,,,1,30,,5803,12,,,1,70,,5804,12,,,1,30,,5805,12,,,1,70,,5806,12,,,1,30,,5807,12,,,1,70,,5808,12,,,1,30,,5809,12,,,1,70,,5810,12,,,1,31,,5811,12,,,1,70,,5812,12,,,1,30,,5813,12,,,1,70,,5814,12,,,1,30,,5815,12,,,1,70,,5816,12,,,1,30,,5817,12,,,1,70,,5818,12,,,1,30,,5819,12,,,1,69,,5820,12,,,1,30,,5821,12,,,1,69,,5822,12,,,1,30,,5823,12,,,1,69,,5824,12,,,1,100,,5825,12,,,1
3000,'CCFFF',610,,5828,12,,,1,31,,5829,12,,,1,70,,5830,12,,,1,30,,5831,12,,,1,71,,5832,12,,,1,30,,5833,12,,,1,70,,5834,12,,,1,30,,5835,12,,,1,70,,5836,12,,,1,30,,5837,12,,,1,70,,5838,12,,,1,30,,5839,12,,,1,70,,5840,12,,,1,30,,5841,12,,,1,70,,5842,12,,,1,31,,5843,12,,,1,70,,5844,12,,,1,30,,5845,12,,,1,70,,5846,12,,,1,30,,5847,12,,,1,70,,5848,12,,,1,30,,5849,12,,,1,70,,5850,12,,,1,30,,5851,12,,,1,69,,5852,12,,,1,30,,5853,12,,,1,69,,5854,12,,,1,30,,5855,12,,,1,69,,5856,12,,,1,100,,5857,12,,,1
3000,'CCFSAT',739,,5860,12,,,1,71,,5861,12,,,1,30,,5862,12,,,1,70,,5863,12,,,1,30,,5864,12,,,1,70,,5865,12,,,1,30,,5866,12,,,1,71,,5867,12,,,1,30,,5868,12,,,1,71,,5869,12,,,1,30,,5870,12,,,1,70,,5871,12,,,1,30,,5872,12,,,1,70,,5873,12,,,1,30,,5874,12,,,1,70,,5875,12,,,1,30,,5876,12,,,1,70,,5877,12,,,1,30,,5878,12,,,1,70,,5879,12,,,1,99,,5880,12,,,1,99,,5881,12,,,1,100,,5882,12,,,1
3000,'CCFSUN',810,,5885,12,,,1,100,,5886,12,,,1,100,,5887,12,,,1,101,,5888,12,,,1,101,,5889,12,,,1,100,,5890,12,,,1,100,,5891,12,,,1,100,,5892,12,,,1,100,,5893,12,,,1,100,,5894,12,,,1,99,,5895,12,,,1,99,,5896,12,,,1,100,,5897,12,,,1
7401,'WKDY',522,,11970,8,,,1,99,,11971,8,,,1,30,,11999,8,,,1,69,,11972,8,,,1,31,,12000,8,,,1,69,,11973,8,,,1,29,,11974,8,,,1,70,,11975,8,,,1,30,,11976,8,,,1,70,,11977,8,,,1,30,,11978,8,,,1,71,,11979,8,,,1,31,,11980,8,,,1,70,,11981,8,,,1,31,,11982,8,,,1,70,,11983,8,,,1,30,,11984,8,,,1,69,,11985,8,,,1,29,,11986,8,,,1,70,,11987,8,,,1,29,,11988,8,,,1,70,,11989,8,,,1,30,,11990,8,,,1,70,,11991,8,,,1,32,,11992,8,,,1,70,,11993,8,,,1,31,,11994,8,,,1,69,,11995,8,,,1,31,,11997,8,,,1,70,,12001,8,,,1,30,,11996,8,,,1,99,,11998,8,,,1
7401,'SAT',801,,12002,8,,,1,99,,12003,8,,,1,59,,12004,8,,,1,99,,12005,8,,,1,100,,12006,8,,,1,100,,12007,8,,,1,100,,12008,8,,,1,100,,12009,8,,,1,100,,12010,8,,,1,100,,12011,8,,,1,100,,12012,8,,,1,100,,12013,8,,,1,100,,12014,8,,,1,142,,12015,8,,,1
7401,'SUN',801,,12016,8,,,1,99,,12017,8,,,1,59,,12018,8,,,1,99,,12019,8,,,1,100,,12020,8,,,1,100,,12021,8,,,1,100,,12022,8,,,1,100,,12023,8,,,1,100,,12024,8,,,1,100,,12025,8,,,1,100,,12026,8,,,1,100,,12027,8,,,1,100,,12028,8,,,1,142,,12029,8,,,1
7401,'CCFWK',522,,12030,8,,,1,99,,12031,8,,,1,30,,12059,8,,,1,69,,12032,8,,,1,31,,12060,8,,,1,69,,12033,8,,,1,29,,12034,8,,,1,70,,12035,8,,,1,30,,12036,8,,,1,70,,12037,8,,,1,30,,12038,8,,,1,71,,12039,8,,,1,31,,12040,8,,,1,70,,12041,8,,,1,31,,12042,8,,,1,70,,12043,8,,,1,30,,12044,8,,,1,69,,12045,8,,,1,29,,12046,8,,,1,70,,12047,8,,,1,29,,12048,8,,,1,70,,12049,8,,,1,30,,12050,8,,,1,70,,12051,8,,,1,32,,12052,8,,,1,70,,12053,8,,,1,31,,12054,8,,,1,69,,12055,8,,,1,31,,12057,8,,,1,70,,12061,8,,,1,30,,12056,8,,,1,99,,12058,8,,,1
7401,'CCFFF',522,,12062,8,,,1,99,,12063,8,,,1,30,,12091,8,,,1,69,,12064,8,,,1,31,,12092,8,,,1,69,,12065,8,,,1,29,,12066,8,,,1,70,,12067,8,,,1,30,,12068,8,,,1,70,,12069,8,,,1,30,,12070,8,,,1,71,,12071,8,,,1,31,,12072,8,,,1,70,,12073,8,,,1,31,,12074,8,,,1,70,,12075,8,,,1,30,,12076,8,,,1,69,,12077,8,,,1,29,,12078,8,,,1,70,,12079,8,,,1,29,,12080,8,,,1,70,,12081,8,,,1,30,,12082,8,,,1,70,,12083,8,,,1,32,,12084,8,,,1,70,,12085,8,,,1,31,,12086,8,,,1,69,,12087,8,,,1,31,,12089,8,,,1,70,,12093,8,,,1,30,,12088,8,,,1,99,,12090,8,,,1
7401,'CCFSAT',801,,12094,8,,,1,99,,12095,8,,,1,59,,12096,8,,,1,99,,12097,8,,,1,100,,12098,8,,,1,100,,12099,8,,,1,100,,12100,8,,,1,100,,12101,8,,,1,100,,12102,8,,,1,100,,12103,8,,,1,100,,12104,8,,,1,100,,12105,8,,,1,100,,12106,8,,,1,142,,12107,8,,,1
7401,'CCFSUN',801,,12108,8,,,1,99,,12109,8,,,1,59,,12110,8,,,1,99,,12111,8,,,1,100,,12112,8,,,1,100,,12113,8,,,1,100,,12114,8,,,1,100,,12115,8,,,1,100,,12116,8,,,1,100,,12117,8,,,1,100,,12118,8,,,1,100,,12119,8,,,1,100,,12120,8,,,1,142,,12121,8,,,1
