200,'WKDY',637,,3878,28,,,1,100,,3879,28,,,1,100,,3880,28,,,1,92,,3881,28,,,1,107,,3882,28,,,1,100,,3883,28,,,1,100,,3884,28,,,1,100,,3885,28,,,1,102,,3886,28,,,1,100,,3887,28,,,1,99,,3888,28,,,1,101,,3889,28,,,1,97,,3890,28,,,1
200,'CCFWK',637,,3891,28,,,1,100,,3892,28,,,1,100,,3893,28,,,1,92,,3894,28,,,1,107,,3895,28,,,1,100,,3896,28,,,1,100,,3897,28,,,1,100,,3898,28,,,1,102,,3899,28,,,1,100,,3900,28,,,1,99,,3901,28,,,1,101,,3902,28,,,1,97,,3903,28,,,1
200,'CCFFF',637,,3904,28,,,1,100,,3905,28,,,1,100,,3906,28,,,1,92,,3907,28,,,1,107,,3908,28,,,1,100,,3909,28,,,1,100,,3910,28,,,1,100,,3911,28,,,1,102,,3912,28,,,1,100,,3913,28,,,1,99,,3914,28,,,1,101,,3915,28,,,1,97,,3916,28,,,1
601,'WKDY',552,,3956,5,0,14 15 3 16 17,1,70,,3957,5,0,14 15 3 16 17,1,31,,3958,5,0,14 15 3 16 17,1,70,,3959,5,0,14 15 3 16 17,1,30,,3960,5,0,14 15 3 16 17,1,70,,3961,5,0,14 15 3 16 17,1,30,,3962,5,0,14 15 3 16 17,1,70,,3963,5,0,14 15 3 16 17,1,30,,3964,5,0,14 15 3 16 17,1,70,,3965,5,0,14 15 3 16 17,1,30,,3966,5,0,14 15 3 16 17,1,70,,3967,5,0,14 15 3 16 17,1,30,,3968,5,0,14 15 3 16 17,1,70,,3969,5,0,14 15 3 16 17,1,30,,3970,5,0,14 15 3 16 17,1,70,,3971,5,0,14 15 3 16 17,1,30,,3972,5,0,14 15 3 16 17,1,70,,3973,5,0,14 15 3 16 17,1,31,,3974,5,0,14 15 3 16 17,1,70,,3975,5,0,14 15 3 16 17,1,30,,3976,5,0,14 15 3 16 17,1,69,,3977,5,0,14 15 3 16 17,1,30,,3978,5,0,14 15 3 16 17,1,70,,3979,5,0,14 15 3 16 17,1,30,,3980,5,0,14 15 3 16 17,1,70,,3981,5,0,14 15 3 16 17,1,30,,3982,5,0,14 15 3 16 17,1,70,,3983,5,0,14 15 3 16 17,1,30,,3984,5,0,14 15 3 16 17,1,69,,3985,5,0,14 15 3 16 17,1,100,,3986,5,0,14 15 3 16 17,1
601,'SAT',822,,4017,5,0,14 15 3 16 17,1,101,,4018,5,0,14 15 3 16 17,1,100,,4019,5,0,14 15 3 16 17,1,100,,4020,5,0,14 15 3 16 17,1,100,,4021,5,0,14 15 3 16 17,1,100,,4022,5,0,14 15 3 16 17,1,100,,4023,5,0,14 15 3 16 17,1,100,,4024,5,0,14 15 3 16 17,1,100,,4025,5,0,14 15 3 16 17,1,100,,4026,5,0,14 15 3 16 17,1,100,,4027,5,0,14 15 3 16 17,1,100,,4028,5,0,14 15 3 16 17,1
601,'SUN',822,,4040,5,0,14 15 3 16 17,1,101,,4041,5,0,14 15 3 16 17,1,100,,4042,5,0,14 15 3 16 17,1,100,,4043,5,0,14 15 3 16 17,1,100,,4044,5,0,14 15 3 16 17,1,100,,4045,5,0,14 15 3 16 17,1,100,,4046,5,0,14 15 3 16 17,1,100,,4047,5,0,14 15 3 16 17,1,100,,4048,5,0,14 15 3 16 17,1,100,,4049,5,0,14 15 3 16 17,1,100,,4050,5,0,14 15 3 16 17,1,100,,4051,5,0,14 15 3 16 17,1
601,'CCFWK',552,,4063,5,0,14 15 3 16 17,1,70,,4064,5,0,14 15 3 16 17,1,31,,4065,5,0,14 15 3 16 17,1,70,,4066,5,0,14 15 3 16 17,1,30,,4067,5,0,14 15 3 16 17,1,70,,4068,5,0,14 15 3 16 17,1,30,,4069,5,0,14 15 3 16 17,1,70,,4070,5,0,14 15 3 16 17,1,30,,4071,5,0,14 15 3 16 17,1,70,,4072,5,0,14 15 3 16 17,1,30,,4073,5,0,14 15 3 16 17,1,70,,4074,5,0,14 15 3 16 17,1,30,,4075,5,0,14 15 3 16 17,1,70,,4076,5,0,14 15 3 16 17,1,30,,4077,5,0,14 15 3 16 17,1,70,,4078,5,0,14 15 3 16 17,1,30,,4079,5,0,14 15 3 16 17,1,70,,4080,5,0,14 15 3 16 17,1,31,,4081,5,0,14 15 3 16 17,1,70,,4082,5,0,14 15 3 16 17,1,30,,4083,5,0,14 15 3 16 17,1,69,,4084,5,0,14 15 3 16 17,1,30,,4085,5,0,14 15 3 16 17,1,70,,4086,5,0,14 15 3 16 17,1,30,,4087,5,0,14 15 3 16 17,1,70,,4088,5,0,14 15 3 16 17,1,30,,4089,5,0,14 15 3 16 17,1,70,,4090,5,0,14 15 3 16 17,1,30,,4091,5,0,14 15 3 16 17,1,69,,4092,5,0,14 15 3 16 17,1,100,,4093,5,0,14 15 3 16 17,1
601,'CCFFF',552,,4124,5,0,14 15 3 16 17,1,70,,4125,5,0,14 15 3 16 17,1,31,,4126,5,0,14 15 3 16 17,1,70,,4127,5,0,14 15 3 16 17,1,30,,4128,5,0,14 15 3 16 17,1,70,,4129,5,0,14 15 3 16 17,1,30,,4130,5,0,14 15 3 16 17,1,70,,4131,5,0,14 15 3 16 17,1,30,,4132,5,0,14 15 3 16 17,1,70,,4133,5,0,14 15 3 16 17,1,30,,4134,5,0,14 15 3 16 17,1,70,,4135,5,0,14 15 3 16 17,1,30,,4136,5,0,14 15 3 16 17,1,70,,4137,5,0,14 15 3 16 17,1,30,,4138,5,0,14 15 3 16 17,1,70,,4139,5,0,14 15 3 16 17,1,30,,4140,5,0,14 15 3 16 17,1,70,,4141,5,0,14 15 3 16 17,1,31,,4142,5,0,14 15 3 16 17,1,70,,4143,5,0,14 15 3 16 17,1,30,,4144,5,0,14 15 3 16 17,1,69,,4145,5,0,14 15 3 16 17,1,30,,4146,5,0,14 15 3 16 17,1,70,,4147,5,0,14 15 3 16 17,1,30,,4148,5,0,14 15 3 16 17,1,70,,4149,5,0,14 15 3 16 17,1,30,,4150,5,0,14 15 3 16 17,1,70,,4151,5,0,14 15 3 16 17,1,30,,4152,5,0,14 15 3 16 17,1,69,,4153,5,0,14 15 3 16 17,1,100,,4154,5,0,14 15 3 16 17,1
601,'CCFSAT',822,,4185,5,0,14 15 3 16 17,1,101,,4186,5,0,14 15 3 16 17,1,100,,4187,5,0,14 15 3 16 17,1,100,,4188,5,0,14 15 3 16 17,1,100,,4189,5,0,14 15 3 16 17,1,100,,4190,5,0,14 15 3 16 17,1,100,,4191,5,0,14 15 3 16 17,1,100,,4192,5,0,14 15 3 16 17,1,100,,4193,5,0,14 15 3 16 17,1,100,,4194,5,0,14 15 3 16 17,1,100,,4195,5,0,14 15 3 16 17,1,100,,4196,5,0,14 15 3 16 17,1
601,'CCFSUN',822,,4208,5,0,14 15 3 16 17,1,101,,4209,5,0,14 15 3 16 17,1,100,,4210,5,0,14 15 3 16 17,1,100,,4211,5,0,14 15 3 16 17,1,100,,4212,5,0,14 15 3 16 17,1,100,,4213,5,0,14 15 3 16 17,1,100,,4214,5,0,14 15 3 16 17,1,100,,4215,5,0,14 15 3 16 17,1,100,,4216,5,0,14 15 3 16 17,1,100,,4217,5,0,14 15 3 16 17,1,100,,4218,5,0,14 15 3 16 17,1,100,,4219,5,0,14 15 3 16 17,1
