4801,'WKDY',634,,7269,2,,,1,200,,7270,2,,,1,196,,7271,2,,,1,205,,7272,2,,,1,195,,7273,2,,,1,205,,7274,2,,,1,200,,7275,2,,,1,170,,7276,2,,,1
4801,'SAT',803,,7277,2,,,1,198,,7278,2,,,1,200,,7279,2,,,1,200,,7280,2,,,1,200,,7281,2,,,1,200,,7282,2,,,1
4801,'SUN',803,,7283,2,,,1,198,,7284,2,,,1,200,,7285,2,,,1,200,,7286,2,,,1,200,,7287,2,,,1,200,,7288,2,,,1
4801,'CCFWK',634,,7289,2,,,1,200,,7290,2,,,1,196,,7291,2,,,1,205,,7292,2,,,1,195,,7293,2,,,1,205,,7294,2,,,1,200,,7295,2,,,1,170,,7296,2,,,1
4801,'CCFFF',634,,7297,2,,,1,200,,7298,2,,,1,196,,7299,2,,,1,205,,7300,2,,,1,195,,7301,2,,,1,205,,7302,2,,,1,200,,7303,2,,,1,170,,7304,2,,,1
4801,'CCFSAT',803,,7305,2,,,1,198,,7306,2,,,1,200,,7307,2,,,1,200,,7308,2,,,1,200,,7309,2,,,1,200,,7310,2,,,1
4801,'CCFSUN',803,,7311,2,,,1,198,,7312,2,,,1,200,,7313,2,,,1,200,,7314,2,,,1,200,,7315,2,,,1,200,,7316,2,,,1
98900,'CCFWK',1242,,13850,2,,,1,100,,13851,2,,,1,100,,13852,2,,,1,100,,13853,2,,,1,100,,13854,2,,,1,100,,13855,2,,,1,100,,13856,2,,,1,100,,13857,2,,,1,100,,13858,2,,,1,100,,13859,2,,,1,170,,13860,2,,,1
98900,'CCFFF',1012,,13861,2,,,1,100,,13862,2,,,1,130,,13863,2,,,1,100,,13864,2,,,1,100,,13865,2,,,1,100,,13866,2,,,1,100,,13867,2,,,1,100,,13868,2,,,1,100,,13869,2,,,1,100,,13870,2,,,1,100,,13871,2,,,1,100,,13872,2,,,1,170,,13873,2,,,1
98900,'CCFSAT',1242,,13874,2,,,1,100,,13875,2,,,1,100,,13876,2,,,1,100,,13877,2,,,1,100,,13878,2,,,1,100,,13879,2,,,1,100,,13880,2,,,1,100,,13881,2,,,1,100,,13882,2,,,1,100,,13883,2,,,1,170,,13884,2,,,1
98900,'CCFSUN',1242,,13885,2,,,1,100,,13886,2,,,1,100,,13887,2,,,1,100,,13888,2,,,1,100,,13889,2,,,1,100,,13890,2,,,1,100,,13891,2,,,1,100,,13892,2,,,1,100,,13893,2,,,1,100,,13894,2,,,1,170,,13895,2,,,1
98901,'CCFWK',1213,,13896,2,,,1,100,,13897,2,,,1,100,,13898,2,,,1,100,,13899,2,,,1,100,,13900,2,,,1,100,,13901,2,,,1,100,,13902,2,,,1,100,,13903,2,,,1,100,,13904,2,,,1,100,,13905,2,,,1,100,,13906,2,,,1
98901,'CCFFF',943,,13921,1,,,1,100,,13908,2,,,1,100,,13909,2,,,1,70,,13910,2,,,1,100,,13911,2,,,1,100,,13912,2,,,1,100,,13913,2,,,1,100,,13914,2,,,1,100,,13915,2,,,1,100,,13916,2,,,1,100,,13917,2,,,1,100,,13918,2,,,1,100,,13919,2,,,1,100,,13920,2,,,1
98901,'CCFSAT',1213,,13922,2,,,1,100,,13923,2,,,1,100,,13924,2,,,1,100,,13925,2,,,1,100,,13926,2,,,1,100,,13927,2,,,1,100,,13928,2,,,1,100,,13929,2,,,1,100,,13930,2,,,1,100,,13931,2,,,1,100,,13932,2,,,1
98901,'CCFSUN',1213,,13933,2,,,1,100,,13934,2,,,1,100,,13935,2,,,1,100,,13936,2,,,1,100,,13937,2,,,1,100,,13938,2,,,1,100,,13939,2,,,1,100,,13940,2,,,1,100,,13941,2,,,1,100,,13942,2,,,1,100,,13943,2,,,1
