4101,'WKDY',650,,7188,2,0,18 13,1,70,,7192,2,0,18 13,1,81,,7189,2,0,10 11 12,1,948,,7190,2,0,10 11 12,1,68,,7191,2,0,10 11 12,1
4101,'CCFWK',650,,7193,2,0,18 13,1,70,,7197,2,0,18 13,1,81,,7194,2,0,10 11 12,1,948,,7195,2,0,10 11 12,1,68,,7196,2,0,10 11 12,1
4101,'CCFFF',650,,7198,2,0,18 13,1,70,,7202,2,0,18 13,1,81,,7199,2,0,10 11 12,1,948,,7200,2,0,10 11 12,1,68,,7201,2,0,10 11 12,1
9201,'WKDY',551,,12965,2,,,1,70,,12966,2,,,1,30,,12967,2,,,1,70,,12968,2,,,1,31,,12969,2,,,1,71,,12970,2,,,1,30,,12971,2,,,1,70,,12972,2,,,1,30,,12973,2,,,1,70,,12974,2,,,1,30,,12975,2,,,1,70,,12976,2,,,1,30,,12977,2,,,1,70,,12978,2,,,1,31,,12979,2,,,1,71,,12980,2,,,1,30,,12981,2,,,1,70,,12982,2,,,1,30,,12983,2,,,1,71,,12984,2,,,1,30,,12985,2,,,1,70,,12986,2,,,1,29,,12987,2,,,1,69,,12988,2,,,1,30,,12989,2,,,1,70,,12990,2,,,1,30,,12991,2,,,1,70,,12992,2,,,1,27,,12993,2,,,1,100,,12994,2,,,1,100,,12995,2,,,1
9201,'SAT',736,,12996,2,,,1,100,,12997,2,,,1,100,,12998,2,,,1,101,,12999,2,,,1,101,,13000,2,,,1,100,,13001,2,,,1,100,,13002,2,,,1,99,,13003,2,,,1,100,,13004,2,,,1,100,,13005,2,,,1,100,,13006,2,,,1,98,,13007,2,,,1,100,,13008,2,,,1,100,,13009,2,,,1,100,,13010,2,,,1
9201,'SUN',736,,13011,2,,,1,100,,13012,2,,,1,100,,13013,2,,,1,101,,13014,2,,,1,101,,13015,2,,,1,100,,13016,2,,,1,100,,13017,2,,,1,99,,13018,2,,,1,100,,13019,2,,,1,100,,13020,2,,,1,100,,13021,2,,,1,98,,13022,2,,,1,100,,13023,2,,,1,100,,13024,2,,,1,100,,13025,2,,,1
9201,'CCFWK',551,,13026,2,,,1,70,,13027,2,,,1,30,,13028,2,,,1,70,,13029,2,,,1,31,,13030,2,,,1,71,,13031,2,,,1,30,,13032,2,,,1,70,,13033,2,,,1,30,,13034,2,,,1,70,,13035,2,,,1,30,,13036,2,,,1,70,,13037,2,,,1,30,,13038,2,,,1,70,,13039,2,,,1,31,,13040,2,,,1,71,,13041,2,,,1,30,,13042,2,,,1,70,,13043,2,,,1,30,,13044,2,,,1,71,,13045,2,,,1,30,,13046,2,,,1,70,,13047,2,,,1,29,,13048,2,,,1,69,,13049,2,,,1,30,,13050,2,,,1,70,,13051,2,,,1,30,,13052,2,,,1,70,,13053,2,,,1,27,,13054,2,,,1,100,,13055,2,,,1,100,,13056,2,,,1
9201,'CCFFF',551,,13057,2,,,1,70,,13058,2,,,1,30,,13059,2,,,1,70,,13060,2,,,1,31,,13061,2,,,1,71,,13062,2,,,1,30,,13063,2,,,1,70,,13064,2,,,1,30,,13065,2,,,1,70,,13066,2,,,1,30,,13067,2,,,1,70,,13068,2,,,1,30,,13069,2,,,1,70,,13070,2,,,1,31,,13071,2,,,1,71,,13072,2,,,1,30,,13073,2,,,1,70,,13074,2,,,1,30,,13075,2,,,1,71,,13076,2,,,1,30,,13077,2,,,1,70,,13078,2,,,1,29,,13079,2,,,1,69,,13080,2,,,1,30,,13081,2,,,1,70,,13082,2,,,1,30,,13083,2,,,1,70,,13084,2,,,1,27,,13085,2,,,1,100,,13086,2,,,1,100,,13087,2,,,1
9201,'CCFSAT',736,,13088,2,,,1,100,,13089,2,,,1,100,,13090,2,,,1,101,,13091,2,,,1,101,,13092,2,,,1,100,,13093,2,,,1,100,,13094,2,,,1,99,,13095,2,,,1,100,,13096,2,,,1,100,,13097,2,,,1,100,,13098,2,,,1,98,,13099,2,,,1,100,,13100,2,,,1,100,,13101,2,,,1,100,,13102,2,,,1
9201,'CCFSUN',736,,13103,2,,,1,100,,13104,2,,,1,100,,13105,2,,,1,101,,13106,2,,,1,101,,13107,2,,,1,100,,13108,2,,,1,100,,13109,2,,,1,99,,13110,2,,,1,100,,13111,2,,,1,100,,13112,2,,,1,100,,13113,2,,,1,98,,13114,2,,,1,100,,13115,2,,,1,100,,13116,2,,,1,100,,13117,2,,,1
