4101,'WKDY',653,,7188,7,0,18 13,1,70,,7192,7,0,18 13,1,81,,7189,7,0,10 11 12,1,948,,7190,7,0,10 11 12,1,68,,7191,7,0,10 11 12,1
4101,'CCFWK',653,,7193,7,0,18 13,1,70,,7197,7,0,18 13,1,81,,7194,7,0,10 11 12,1,948,,7195,7,0,10 11 12,1,68,,7196,7,0,10 11 12,1
4101,'CCFFF',653,,7198,7,0,18 13,1,70,,7202,7,0,18 13,1,81,,7199,7,0,10 11 12,1,948,,7200,7,0,10 11 12,1,68,,7201,7,0,10 11 12,1
9201,'WKDY',554,,12965,7,,,1,70,,12966,7,,,1,30,,12967,7,,,1,70,,12968,7,,,1,31,,12969,7,,,1,71,,12970,7,,,1,30,,12971,7,,,1,70,,12972,7,,,1,30,,12973,7,,,1,70,,12974,7,,,1,30,,12975,7,,,1,70,,12976,7,,,1,30,,12977,7,,,1,70,,12978,7,,,1,31,,12979,7,,,1,71,,12980,7,,,1,30,,12981,7,,,1,70,,12982,7,,,1,30,,12983,7,,,1,71,,12984,7,,,1,30,,12985,7,,,1,70,,12986,7,,,1,29,,12987,7,,,1,69,,12988,7,,,1,30,,12989,7,,,1,70,,12990,7,,,1,30,,12991,7,,,1,70,,12992,7,,,1,27,,12993,7,,,1,100,,12994,7,,,1,100,,12995,7,,,1
9201,'SAT',739,,12996,7,,,1,100,,12997,7,,,1,100,,12998,7,,,1,101,,12999,7,,,1,101,,13000,7,,,1,100,,13001,7,,,1,100,,13002,7,,,1,99,,13003,7,,,1,100,,13004,7,,,1,100,,13005,7,,,1,100,,13006,7,,,1,98,,13007,7,,,1,100,,13008,7,,,1,100,,13009,7,,,1,100,,13010,7,,,1
9201,'SUN',739,,13011,7,,,1,100,,13012,7,,,1,100,,13013,7,,,1,101,,13014,7,,,1,101,,13015,7,,,1,100,,13016,7,,,1,100,,13017,7,,,1,99,,13018,7,,,1,100,,13019,7,,,1,100,,13020,7,,,1,100,,13021,7,,,1,98,,13022,7,,,1,100,,13023,7,,,1,100,,13024,7,,,1,100,,13025,7,,,1
9201,'CCFWK',554,,13026,7,,,1,70,,13027,7,,,1,30,,13028,7,,,1,70,,13029,7,,,1,31,,13030,7,,,1,71,,13031,7,,,1,30,,13032,7,,,1,70,,13033,7,,,1,30,,13034,7,,,1,70,,13035,7,,,1,30,,13036,7,,,1,70,,13037,7,,,1,30,,13038,7,,,1,70,,13039,7,,,1,31,,13040,7,,,1,71,,13041,7,,,1,30,,13042,7,,,1,70,,13043,7,,,1,30,,13044,7,,,1,71,,13045,7,,,1,30,,13046,7,,,1,70,,13047,7,,,1,29,,13048,7,,,1,69,,13049,7,,,1,30,,13050,7,,,1,70,,13051,7,,,1,30,,13052,7,,,1,70,,13053,7,,,1,27,,13054,7,,,1,100,,13055,7,,,1,100,,13056,7,,,1
9201,'CCFFF',554,,13057,7,,,1,70,,13058,7,,,1,30,,13059,7,,,1,70,,13060,7,,,1,31,,13061,7,,,1,71,,13062,7,,,1,30,,13063,7,,,1,70,,13064,7,,,1,30,,13065,7,,,1,70,,13066,7,,,1,30,,13067,7,,,1,70,,13068,7,,,1,30,,13069,7,,,1,70,,13070,7,,,1,31,,13071,7,,,1,71,,13072,7,,,1,30,,13073,7,,,1,70,,13074,7,,,1,30,,13075,7,,,1,71,,13076,7,,,1,30,,13077,7,,,1,70,,13078,7,,,1,29,,13079,7,,,1,69,,13080,7,,,1,30,,13081,7,,,1,70,,13082,7,,,1,30,,13083,7,,,1,70,,13084,7,,,1,27,,13085,7,,,1,100,,13086,7,,,1,100,,13087,7,,,1
9201,'CCFSAT',739,,13088,7,,,1,100,,13089,7,,,1,100,,13090,7,,,1,101,,13091,7,,,1,101,,13092,7,,,1,100,,13093,7,,,1,100,,13094,7,,,1,99,,13095,7,,,1,100,,13096,7,,,1,100,,13097,7,,,1,100,,13098,7,,,1,98,,13099,7,,,1,100,,13100,7,,,1,100,,13101,7,,,1,100,,13102,7,,,1
9201,'CCFSUN',739,,13103,7,,,1,100,,13104,7,,,1,100,,13105,7,,,1,101,,13106,7,,,1,101,,13107,7,,,1,100,,13108,7,,,1,100,,13109,7,,,1,99,,13110,7,,,1,100,,13111,7,,,1,100,,13112,7,,,1,100,,13113,7,,,1,98,,13114,7,,,1,100,,13115,7,,,1,100,,13116,7,,,1,100,,13117,7,,,1
