700,'WKDY',552,,4506,13,,,1,148,,4507,13,,,1,28,,4508,13,,,1,30,,4509,13,,,1,70,,4510,13,,,1,30,,4511,13,,,1,69,,4512,13,,,1,30,,4513,13,,,1,70,,4514,13,,,1,30,,4515,13,,,1,70,,4516,13,,,1,31,,4517,13,,,1,71,,4518,13,,,1,30,,4519,13,,,1,70,,4520,13,,,1,30,,4521,13,,,1,71,,4522,13,,,1,71,,4523,13,,,1,30,,4524,13,,,1,70,,4525,13,,,1,30,,4526,13,,,1,70,,4527,13,,,1,30,,4528,13,,,1,28,,4529,13,,,1,70,,4530,13,,,1,29,,4531,13,,,1,68,,4532,13,,,1,100,,4533,13,,,1,100,,4534,13,,,1
700,'SAT',656,,4546,13,,,1,100,,4547,13,,,1,100,,4535,13,,,1,101,,4536,13,,,1,100,,4537,13,,,1,100,,4538,13,,,1,101,,4539,13,,,1,100,,4540,13,,,1,100,,4541,13,,,1,100,,4542,13,,,1,100,,4543,13,,,1,100,,4544,13,,,1,99,,4545,13,,,1,100,,4548,13,,,1,100,,4549,13,,,1
700,'SUN',656,,4561,13,,,1,100,,4562,13,,,1,100,,4550,13,,,1,101,,4551,13,,,1,100,,4552,13,,,1,100,,4553,13,,,1,101,,4554,13,,,1,100,,4555,13,,,1,100,,4556,13,,,1,100,,4557,13,,,1,100,,4558,13,,,1,100,,4559,13,,,1,99,,4560,13,,,1,100,,4563,13,,,1,100,,4564,13,,,1
700,'CCFWK',552,,4565,13,,,1,148,,4566,13,,,1,28,,4567,13,,,1,30,,4568,13,,,1,70,,4569,13,,,1,30,,4570,13,,,1,69,,4571,13,,,1,30,,4572,13,,,1,70,,4573,13,,,1,30,,4574,13,,,1,70,,4575,13,,,1,31,,4576,13,,,1,71,,4577,13,,,1,30,,4578,13,,,1,70,,4579,13,,,1,30,,4580,13,,,1,71,,4581,13,,,1,71,,4582,13,,,1,30,,4583,13,,,1,70,,4584,13,,,1,30,,4585,13,,,1,70,,4586,13,,,1,30,,4587,13,,,1,28,,4588,13,,,1,70,,4589,13,,,1,29,,4590,13,,,1,68,,4591,13,,,1,100,,4592,13,,,1,100,,4593,13,,,1
700,'CCFFF',552,,4594,13,,,1,148,,4595,13,,,1,28,,4596,13,,,1,30,,4597,13,,,1,70,,4598,13,,,1,30,,4599,13,,,1,69,,4600,13,,,1,30,,4601,13,,,1,70,,4602,13,,,1,30,,4603,13,,,1,70,,4604,13,,,1,31,,4605,13,,,1,71,,4606,13,,,1,30,,4607,13,,,1,70,,4608,13,,,1,30,,4609,13,,,1,71,,4610,13,,,1,71,,4611,13,,,1,30,,4612,13,,,1,70,,4613,13,,,1,30,,4614,13,,,1,70,,4615,13,,,1,30,,4616,13,,,1,28,,4617,13,,,1,70,,4618,13,,,1,29,,4619,13,,,1,68,,4620,13,,,1,100,,4621,13,,,1,100,,4622,13,,,1
700,'CCFSAT',656,,4634,13,,,1,100,,4635,13,,,1,100,,4623,13,,,1,101,,4624,13,,,1,100,,4625,13,,,1,100,,4626,13,,,1,101,,4627,13,,,1,100,,4628,13,,,1,100,,4629,13,,,1,100,,4630,13,,,1,100,,4631,13,,,1,100,,4632,13,,,1,99,,4633,13,,,1,100,,4636,13,,,1,100,,4637,13,,,1
700,'CCFSUN',656,,4649,13,,,1,100,,4650,13,,,1,100,,4638,13,,,1,101,,4639,13,,,1,100,,4640,13,,,1,100,,4641,13,,,1,101,,4642,13,,,1,100,,4643,13,,,1,100,,4644,13,,,1,100,,4645,13,,,1,100,,4646,13,,,1,100,,4647,13,,,1,99,,4648,13,,,1,100,,4651,13,,,1,100,,4652,13,,,1
7200,'WKDY',511,,11673,16,,,1,90,,11674,16,,,1,30,,11675,16,,,1,70,,11676,16,,,1,31,,11677,16,,,1,70,,11678,16,,,1,30,,11679,16,,,1,70,,11680,16,,,1,30,,11697,16,,,1,70,,11681,16,,,1,30,,11698,16,,,1,70,,11682,16,,,1,30,,11699,16,,,1,70,,11683,16,,,1,30,,11700,16,,,1,70,,11684,16,,,1,30,,11701,16,,,1,70,,11685,16,,,1,30,,11702,16,,,1,70,,11686,16,,,1,32,,11687,16,,,1,70,,11688,16,,,1,29,,11689,16,,,1,70,,11690,16,,,1,30,,11691,16,,,1,69,,11692,16,,,1,30,,11693,16,,,1,70,,11694,16,,,1,99,,11695,16,,,1,110,,11696,16,,,1
7200,'SAT',731,,11703,16,,,1,100,,11704,16,,,1,101,,11705,16,,,1,100,,11706,16,,,1,100,,11707,16,,,1,100,,11708,16,,,1,101,,11709,16,,,1,100,,11710,16,,,1,100,,11711,16,,,1,100,,11712,16,,,1,100,,11713,16,,,1,100,,11714,16,,,1,99,,11715,16,,,1
7200,'SUN',731,,11716,16,,,1,100,,11717,16,,,1,101,,11718,16,,,1,100,,11719,16,,,1,100,,11720,16,,,1,100,,11721,16,,,1,101,,11722,16,,,1,100,,11723,16,,,1,100,,11724,16,,,1,100,,11725,16,,,1,100,,11726,16,,,1,100,,11727,16,,,1,99,,11728,16,,,1
7200,'CCFWK',511,,11729,16,,,1,90,,11730,16,,,1,30,,11731,16,,,1,70,,11732,16,,,1,31,,11733,16,,,1,70,,11734,16,,,1,30,,11735,16,,,1,70,,11736,16,,,1,30,,11753,16,,,1,70,,11737,16,,,1,30,,11754,16,,,1,70,,11738,16,,,1,30,,11755,16,,,1,70,,11739,16,,,1,30,,11756,16,,,1,70,,11740,16,,,1,30,,11757,16,,,1,70,,11741,16,,,1,30,,11758,16,,,1,70,,11742,16,,,1,32,,11743,16,,,1,70,,11744,16,,,1,29,,11745,16,,,1,70,,11746,16,,,1,30,,11747,16,,,1,69,,11748,16,,,1,30,,11749,16,,,1,70,,11750,16,,,1,99,,11751,16,,,1,110,,11752,16,,,1
7200,'CCFFF',511,,11759,16,,,1,90,,11760,16,,,1,30,,11761,16,,,1,70,,11762,16,,,1,31,,11763,16,,,1,70,,11764,16,,,1,30,,11765,16,,,1,70,,11766,16,,,1,30,,11783,16,,,1,70,,11767,16,,,1,30,,11784,16,,,1,70,,11768,16,,,1,30,,11785,16,,,1,70,,11769,16,,,1,30,,11786,16,,,1,70,,11770,16,,,1,30,,11787,16,,,1,70,,11771,16,,,1,30,,11788,16,,,1,70,,11772,16,,,1,32,,11773,16,,,1,70,,11774,16,,,1,29,,11775,16,,,1,70,,11776,16,,,1,30,,11777,16,,,1,69,,11778,16,,,1,30,,11779,16,,,1,70,,11780,16,,,1,99,,11781,16,,,1,110,,11782,16,,,1
7200,'CCFSAT',731,,11789,16,,,1,100,,11790,16,,,1,101,,11791,16,,,1,100,,11792,16,,,1,100,,11793,16,,,1,100,,11794,16,,,1,101,,11795,16,,,1,100,,11796,16,,,1,100,,11797,16,,,1,100,,11798,16,,,1,100,,11799,16,,,1,100,,11800,16,,,1,99,,11801,16,,,1
7200,'CCFSUN',731,,11802,16,,,1,100,,11803,16,,,1,101,,11804,16,,,1,100,,11805,16,,,1,100,,11806,16,,,1,100,,11807,16,,,1,101,,11808,16,,,1,100,,11809,16,,,1,100,,11810,16,,,1,100,,11811,16,,,1,100,,11812,16,,,1,100,,11813,16,,,1,99,,11814,16,,,1
