1200,'WKDY',554,,4878,26,4,,1,70,,4879,26,4,,1,31,,4880,26,4,,1,70,,4881,26,4,,1,30,,4882,26,4,,1,70,,4883,26,4,,1,30,,4884,26,4,,1,70,,4885,26,4,,1,30,,4886,26,4,,1,70,,4887,26,4,,1,30,,4888,26,4,,1,70,,4889,26,4,,1,32,,4890,26,4,,1,70,,4891,26,4,,1,30,,4892,26,4,,1,70,,4893,26,4,,1,30,,4894,26,4,,1,70,,4895,26,4,,1,31,,4896,26,4,,1,70,,4897,26,4,,1,30,,4898,26,4,,1,70,,4899,26,4,,1,30,,4900,26,4,,1,70,,4901,26,4,,1,30,,4902,26,4,,1,70,,4903,26,4,,1,29,,4904,26,4,,1,70,,4905,26,4,,1,30,,4906,26,4,,1,68,,4907,26,4,,1,27,,4908,26,4,,1,70,,4909,26,4,,1
1200,'SAT',644,,4910,26,4,,1,100,,4911,26,4,,1,100,,4912,26,4,,1,102,,4913,26,4,,1,100,,4914,26,4,,1,101,,4915,26,4,,1,100,,4916,26,4,,1,100,,4917,26,4,,1,100,,4918,26,4,,1,100,,4919,26,4,,1,100,,4920,26,4,,1,99,,4921,26,4,,1,100,,4922,26,4,,1,98,,4923,26,4,,1,100,,4924,26,4,,1,100,,4925,26,4,,1
1200,'SUN',644,,4926,26,4,,1,100,,4927,26,4,,1,100,,4928,26,4,,1,102,,4929,26,4,,1,100,,4930,26,4,,1,101,,4931,26,4,,1,100,,4932,26,4,,1,100,,4933,26,4,,1,100,,4934,26,4,,1,100,,4935,26,4,,1,100,,4936,26,4,,1,99,,4937,26,4,,1,100,,4938,26,4,,1,98,,4939,26,4,,1,100,,4940,26,4,,1,100,,4941,26,4,,1
1200,'CCFWK',554,,4942,26,4,,1,70,,4943,26,4,,1,31,,4944,26,4,,1,70,,4945,26,4,,1,30,,4946,26,4,,1,70,,4947,26,4,,1,30,,4948,26,4,,1,70,,4949,26,4,,1,30,,4950,26,4,,1,70,,4951,26,4,,1,30,,4952,26,4,,1,70,,4953,26,4,,1,32,,4954,26,4,,1,70,,4955,26,4,,1,30,,4956,26,4,,1,70,,4957,26,4,,1,30,,4958,26,4,,1,70,,4959,26,4,,1,31,,4960,26,4,,1,70,,4961,26,4,,1,30,,4962,26,4,,1,70,,4963,26,4,,1,30,,4964,26,4,,1,70,,4965,26,4,,1,30,,4966,26,4,,1,70,,4967,26,4,,1,29,,4968,26,4,,1,70,,4969,26,4,,1,30,,4970,26,4,,1,68,,4971,26,4,,1,27,,4972,26,4,,1,70,,4973,26,4,,1
1200,'CCFFF',554,,4974,26,4,,1,70,,4975,26,4,,1,31,,4976,26,4,,1,70,,4977,26,4,,1,30,,4978,26,4,,1,70,,4979,26,4,,1,30,,4980,26,4,,1,70,,4981,26,4,,1,30,,4982,26,4,,1,70,,4983,26,4,,1,30,,4984,26,4,,1,70,,4985,26,4,,1,32,,4986,26,4,,1,70,,4987,26,4,,1,30,,4988,26,4,,1,70,,4989,26,4,,1,30,,4990,26,4,,1,70,,4991,26,4,,1,31,,4992,26,4,,1,70,,4993,26,4,,1,30,,4994,26,4,,1,70,,4995,26,4,,1,30,,4996,26,4,,1,70,,4997,26,4,,1,30,,4998,26,4,,1,70,,4999,26,4,,1,29,,5000,26,4,,1,70,,5001,26,4,,1,30,,5002,26,4,,1,68,,5003,26,4,,1,27,,5004,26,4,,1,70,,5005,26,4,,1
1200,'CCFSAT',644,,5006,26,4,,1,100,,5007,26,4,,1,100,,5008,26,4,,1,102,,5009,26,4,,1,100,,5010,26,4,,1,101,,5011,26,4,,1,100,,5012,26,4,,1,100,,5013,26,4,,1,100,,5014,26,4,,1,100,,5015,26,4,,1,100,,5016,26,4,,1,99,,5017,26,4,,1,100,,5018,26,4,,1,98,,5019,26,4,,1,100,,5020,26,4,,1,100,,5021,26,4,,1
1200,'CCFSUN',644,,5022,26,4,,1,100,,5023,26,4,,1,100,,5024,26,4,,1,102,,5025,26,4,,1,100,,5026,26,4,,1,101,,5027,26,4,,1,100,,5028,26,4,,1,100,,5029,26,4,,1,100,,5030,26,4,,1,100,,5031,26,4,,1,100,,5032,26,4,,1,99,,5033,26,4,,1,100,,5034,26,4,,1,98,,5035,26,4,,1,100,,5036,26,4,,1,100,,5037,26,4,,1
1201,'WKDY',617,,5038,1,,,1,30,,5039,1,,,1,68,,5040,1,,,1,30,,5041,1,,,1,70,,5042,1,,,1,30,,5043,1,,,1,70,,5044,1,,,1,30,,5045,1,,,1,70,,5046,1,,,1,30,,5047,1,,,1,70,,5048,1,,,1,30,,5049,1,,,1,70,,5050,1,,,1,30,,5051,1,,,1,70,,5052,1,,,1,30,,5053,1,,,1,70,,5054,1,,,1,30,,5055,1,,,1,70,,5056,1,,,1,30,,5057,1,,,1,70,,5058,1,,,1,30,,5059,1,,,1,70,,5060,1,,,1,30,,5061,1,,,1,70,,5062,1,,,1,30,,5063,1,,,1,70,,5064,1,,,1,30,,5065,1,,,1,70,,5066,1,,,1,30,,5067,1,,,1,70,,5068,1,,,1,30,,5069,1,,,1
1201,'SAT',708,,5070,1,,,1,100,,5071,1,,,1,100,,5072,1,,,1,100,,5073,1,,,1,100,,5074,1,,,1,100,,5075,1,,,1,100,,5076,1,,,1,100,,5077,1,,,1,100,,5078,1,,,1,100,,5079,1,,,1,100,,5080,1,,,1,100,,5081,1,,,1,100,,5082,1,,,1,100,,5083,1,,,1,100,,5084,1,,,1,100,,5085,1,,,1
1201,'SUN',708,,5086,1,,,1,100,,5087,1,,,1,100,,5088,1,,,1,100,,5089,1,,,1,100,,5090,1,,,1,100,,5091,1,,,1,100,,5092,1,,,1,100,,5093,1,,,1,100,,5094,1,,,1,100,,5095,1,,,1,100,,5096,1,,,1,100,,5097,1,,,1,100,,5098,1,,,1,100,,5099,1,,,1,100,,5100,1,,,1,100,,5101,1,,,1
1201,'CCFWK',617,,5102,1,,,1,30,,5103,1,,,1,68,,5104,1,,,1,30,,5105,1,,,1,70,,5106,1,,,1,30,,5107,1,,,1,70,,5108,1,,,1,30,,5109,1,,,1,70,,5110,1,,,1,30,,5111,1,,,1,70,,5112,1,,,1,30,,5113,1,,,1,70,,5114,1,,,1,30,,5115,1,,,1,70,,5116,1,,,1,30,,5117,1,,,1,70,,5118,1,,,1,30,,5119,1,,,1,70,,5120,1,,,1,30,,5121,1,,,1,70,,5122,1,,,1,30,,5123,1,,,1,70,,5124,1,,,1,30,,5125,1,,,1,70,,5126,1,,,1,30,,5127,1,,,1,70,,5128,1,,,1,30,,5129,1,,,1,70,,5130,1,,,1,30,,5131,1,,,1,70,,5132,1,,,1,30,,5133,1,,,1
1201,'CCFFF',617,,5134,1,,,1,30,,5135,1,,,1,68,,5136,1,,,1,30,,5137,1,,,1,70,,5138,1,,,1,30,,5139,1,,,1,70,,5140,1,,,1,30,,5141,1,,,1,70,,5142,1,,,1,30,,5143,1,,,1,70,,5144,1,,,1,30,,5145,1,,,1,70,,5146,1,,,1,30,,5147,1,,,1,70,,5148,1,,,1,30,,5149,1,,,1,70,,5150,1,,,1,30,,5151,1,,,1,70,,5152,1,,,1,30,,5153,1,,,1,70,,5154,1,,,1,30,,5155,1,,,1,70,,5156,1,,,1,30,,5157,1,,,1,70,,5158,1,,,1,30,,5159,1,,,1,70,,5160,1,,,1,30,,5161,1,,,1,70,,5162,1,,,1,30,,5163,1,,,1,70,,5164,1,,,1,30,,5165,1,,,1
1201,'CCFSAT',708,,5166,1,,,1,100,,5167,1,,,1,100,,5168,1,,,1,100,,5169,1,,,1,100,,5170,1,,,1,100,,5171,1,,,1,100,,5172,1,,,1,100,,5173,1,,,1,100,,5174,1,,,1,100,,5175,1,,,1,100,,5176,1,,,1,100,,5177,1,,,1,100,,5178,1,,,1,100,,5179,1,,,1,100,,5180,1,,,1,100,,5181,1,,,1
1201,'CCFSUN',708,,5182,1,,,1,100,,5183,1,,,1,100,,5184,1,,,1,100,,5185,1,,,1,100,,5186,1,,,1,100,,5187,1,,,1,100,,5188,1,,,1,100,,5189,1,,,1,100,,5190,1,,,1,100,,5191,1,,,1,100,,5192,1,,,1,100,,5193,1,,,1,100,,5194,1,,,1,100,,5195,1,,,1,100,,5196,1,,,1,100,,5197,1,,,1
