8000,'WKDY',621,,12607,29,,,1,30,,12608,29,,,1,71,,12609,29,,,1,31,,12610,29,,,1,70,,12611,29,,,1,30,,12612,29,,,1,69,,12613,29,,,1,30,,12614,29,,,1,70,,12615,29,,,1,31,,12616,29,,,1,70,,12617,29,,,1,30,,12618,29,,,1,70,,12619,29,,,1,30,,12620,29,,,1,70,,12621,29,,,1,31,,12622,29,,,1,70,,12623,29,,,1,30,,12624,29,,,1,74,,12625,29,,,1,73,,12626,29,,,1,27,,12627,29,,,1,29,,12628,29,,,1,69,,12629,29,,,1,27,,12630,29,,,1,69,,12631,29,,,1,30,,12632,29,,,1,69,,12633,29,,,1,29,,12634,29,,,1,70,,12635,29,,,1,30,,12636,29,,,1,69,,12637,29,,,1
8000,'SAT',720,,12651,29,,,1,100,,12638,29,,,1,30,,12639,29,,,1,70,,12640,29,,,1,30,,12652,29,,,1,70,,12641,29,,,1,31,,12653,29,,,1,70,,12642,29,,,1,30,,12654,29,,,1,70,,12643,29,,,1,31,,12655,29,,,1,70,,12644,29,,,1,30,,12656,29,,,1,70,,12645,29,,,1,30,,12657,29,,,1,70,,12646,29,,,1,30,,12658,29,,,1,70,,12647,29,,,1,30,,12659,29,,,1,70,,12648,29,,,1,29,,12660,29,,,1,70,,12649,29,,,1,30,,12661,29,,,1,70,,12650,29,,,1,30,,12662,29,,,1,69,,12665,29,,,1,31,,12663,29,,,1,100,,12664,29,,,1
8000,'SUN',720,,12679,29,,,1,100,,12666,29,,,1,30,,12667,29,,,1,70,,12668,29,,,1,30,,12680,29,,,1,70,,12669,29,,,1,31,,12681,29,,,1,70,,12670,29,,,1,30,,12682,29,,,1,70,,12671,29,,,1,31,,12683,29,,,1,70,,12672,29,,,1,30,,12684,29,,,1,70,,12673,29,,,1,30,,12685,29,,,1,70,,12674,29,,,1,30,,12686,29,,,1,70,,12675,29,,,1,30,,12687,29,,,1,70,,12676,29,,,1,29,,12688,29,,,1,70,,12677,29,,,1,30,,12689,29,,,1,70,,12678,29,,,1,30,,12690,29,,,1,69,,12693,29,,,1,31,,12691,29,,,1,99,,12692,29,,,1
8000,'CCFWK',621,,12694,29,,,1,30,,12695,29,,,1,71,,12696,29,,,1,31,,12697,29,,,1,70,,12698,29,,,1,30,,12699,29,,,1,69,,12700,29,,,1,30,,12701,29,,,1,70,,12702,29,,,1,31,,12703,29,,,1,70,,12704,29,,,1,30,,12705,29,,,1,70,,12706,29,,,1,30,,12707,29,,,1,70,,12708,29,,,1,31,,12709,29,,,1,70,,12710,29,,,1,30,,12711,29,,,1,74,,12712,29,,,1,73,,12713,29,,,1,27,,12714,29,,,1,29,,12715,29,,,1,69,,12716,29,,,1,27,,12717,29,,,1,69,,12718,29,,,1,30,,12719,29,,,1,69,,12720,29,,,1,29,,12721,29,,,1,70,,12722,29,,,1,30,,12723,29,,,1,69,,12724,29,,,1
8000,'CCFFF',621,,12725,29,,,1,30,,12726,29,,,1,71,,12727,29,,,1,31,,12728,29,,,1,70,,12729,29,,,1,30,,12730,29,,,1,69,,12731,29,,,1,30,,12732,29,,,1,70,,12733,29,,,1,31,,12734,29,,,1,70,,12735,29,,,1,30,,12736,29,,,1,70,,12737,29,,,1,30,,12738,29,,,1,70,,12739,29,,,1,31,,12740,29,,,1,70,,12741,29,,,1,30,,12742,29,,,1,74,,12743,29,,,1,73,,12744,29,,,1,27,,12745,29,,,1,29,,12746,29,,,1,69,,12747,29,,,1,27,,12748,29,,,1,69,,12749,29,,,1,30,,12750,29,,,1,69,,12751,29,,,1,29,,12752,29,,,1,70,,12753,29,,,1,30,,12754,29,,,1,69,,12755,29,,,1
8000,'CCFSAT',720,,12769,29,,,1,100,,12756,29,,,1,30,,12757,29,,,1,70,,12758,29,,,1,30,,12770,29,,,1,70,,12759,29,,,1,31,,12771,29,,,1,70,,12760,29,,,1,30,,12772,29,,,1,70,,12761,29,,,1,31,,12773,29,,,1,70,,12762,29,,,1,30,,12774,29,,,1,70,,12763,29,,,1,30,,12775,29,,,1,70,,12764,29,,,1,30,,12776,29,,,1,70,,12765,29,,,1,30,,12777,29,,,1,70,,12766,29,,,1,29,,12778,29,,,1,70,,12767,29,,,1,30,,12779,29,,,1,70,,12768,29,,,1,30,,12780,29,,,1,69,,12783,29,,,1,31,,12781,29,,,1,100,,12782,29,,,1
8000,'CCFSUN',720,,12797,29,,,1,100,,12784,29,,,1,30,,12785,29,,,1,70,,12786,29,,,1,30,,12798,29,,,1,70,,12787,29,,,1,31,,12799,29,,,1,70,,12788,29,,,1,30,,12800,29,,,1,70,,12789,29,,,1,31,,12801,29,,,1,70,,12790,29,,,1,30,,12802,29,,,1,70,,12791,29,,,1,30,,12803,29,,,1,70,,12792,29,,,1,30,,12804,29,,,1,70,,12793,29,,,1,30,,12805,29,,,1,70,,12794,29,,,1,29,,12806,29,,,1,70,,12795,29,,,1,30,,12807,29,,,1,70,,12796,29,,,1,30,,12808,29,,,1,70,,12811,29,,,1,30,,12809,29,,,1,99,,12810,29,,,1
8001,'WKDY',527,,12399,7,,,1,30,,12430,7,,,1,70,,12400,7,,,1,30,,12401,7,,,1,71,,12402,7,,,1,30,,12403,7,,,1,70,,12404,7,,,1,30,,12405,7,,,1,70,,12406,7,,,1,30,,12407,7,,,1,70,,12408,7,,,1,30,,12409,7,,,1,70,,12410,7,,,1,30,,12411,7,,,1,70,,12412,7,,,1,30,,12413,7,,,1,70,,12414,7,,,1,30,,12415,7,,,1,70,,12416,7,,,1,30,,12417,7,,,1,70,,12418,7,,,1,31,,12419,7,,,1,70,,12420,7,,,1,26,,12421,7,,,1,70,,12422,7,,,1,30,,12423,7,,,1,70,,12424,7,,,1,32,,12425,7,,,1,70,,12426,7,,,1,30,,12427,7,,,1,70,,12428,7,,,1,30,,12429,7,,,1
8001,'SAT',627,,12443,7,,,1,100,,12431,7,,,1,30,,12432,7,,,1,70,,12433,7,,,1,30,,12444,7,,,1,70,,12434,7,,,1,30,,12445,7,,,1,71,,12435,7,,,1,30,,12446,7,,,1,70,,12436,7,,,1,30,,12447,7,,,1,70,,12437,7,,,1,30,,12448,7,,,1,70,,12438,7,,,1,30,,12449,7,,,1,70,,12439,7,,,1,30,,12450,7,,,1,70,,12440,7,,,1,30,,12451,7,,,1,70,,12441,7,,,1,30,,12452,7,,,1,70,,12442,7,,,1,30,,12453,7,,,1,70,,12454,7,,,1,29,,12455,7,,,1,70,,12456,7,,,1,30,,12457,7,,,1,100,,12458,7,,,1
8001,'SUN',627,,12472,7,,,1,100,,12459,7,,,1,30,,12460,7,,,1,70,,12461,7,,,1,30,,12473,7,,,1,70,,12462,7,,,1,30,,12474,7,,,1,71,,12463,7,,,1,30,,12475,7,,,1,70,,12464,7,,,1,30,,12476,7,,,1,70,,12465,7,,,1,30,,12477,7,,,1,70,,12466,7,,,1,30,,12478,7,,,1,70,,12467,7,,,1,30,,12479,7,,,1,70,,12468,7,,,1,30,,12480,7,,,1,70,,12469,7,,,1,30,,12481,7,,,1,70,,12470,7,,,1,30,,12482,7,,,1,70,,12471,7,,,1,29,,12483,7,,,1,70,,12485,7,,,1,30,,12484,7,,,1,100,,12486,7,,,1
8001,'CCFWK',527,,12487,7,,,1,30,,12518,7,,,1,70,,12488,7,,,1,30,,12489,7,,,1,71,,12490,7,,,1,30,,12491,7,,,1,70,,12492,7,,,1,30,,12493,7,,,1,70,,12494,7,,,1,30,,12495,7,,,1,70,,12496,7,,,1,30,,12497,7,,,1,70,,12498,7,,,1,30,,12499,7,,,1,70,,12500,7,,,1,30,,12501,7,,,1,70,,12502,7,,,1,30,,12503,7,,,1,70,,12504,7,,,1,30,,12505,7,,,1,70,,12506,7,,,1,31,,12507,7,,,1,70,,12508,7,,,1,26,,12509,7,,,1,70,,12510,7,,,1,30,,12511,7,,,1,70,,12512,7,,,1,32,,12513,7,,,1,70,,12514,7,,,1,30,,12515,7,,,1,70,,12516,7,,,1,30,,12517,7,,,1
8001,'CCFFF',527,,12519,7,,,1,30,,12550,7,,,1,70,,12520,7,,,1,30,,12521,7,,,1,71,,12522,7,,,1,30,,12523,7,,,1,70,,12524,7,,,1,30,,12525,7,,,1,70,,12526,7,,,1,30,,12527,7,,,1,70,,12528,7,,,1,30,,12529,7,,,1,70,,12530,7,,,1,30,,12531,7,,,1,70,,12532,7,,,1,30,,12533,7,,,1,70,,12534,7,,,1,30,,12535,7,,,1,70,,12536,7,,,1,30,,12537,7,,,1,70,,12538,7,,,1,31,,12539,7,,,1,70,,12540,7,,,1,26,,12541,7,,,1,70,,12542,7,,,1,30,,12543,7,,,1,70,,12544,7,,,1,32,,12545,7,,,1,70,,12546,7,,,1,30,,12547,7,,,1,70,,12548,7,,,1,30,,12549,7,,,1
8001,'CCFSAT',627,,12563,7,,,1,100,,12551,7,,,1,30,,12552,7,,,1,70,,12553,7,,,1,30,,12564,7,,,1,70,,12554,7,,,1,30,,12565,7,,,1,71,,12555,7,,,1,30,,12566,7,,,1,70,,12556,7,,,1,30,,12567,7,,,1,70,,12557,7,,,1,30,,12568,7,,,1,70,,12558,7,,,1,30,,12569,7,,,1,70,,12559,7,,,1,30,,12570,7,,,1,70,,12560,7,,,1,30,,12571,7,,,1,70,,12561,7,,,1,30,,12572,7,,,1,70,,12562,7,,,1,30,,12573,7,,,1,70,,12574,7,,,1,29,,12575,7,,,1,70,,12576,7,,,1,30,,12577,7,,,1,100,,12578,7,,,1
8001,'CCFSUN',627,,12592,7,,,1,100,,12579,7,,,1,30,,12580,7,,,1,70,,12581,7,,,1,30,,12593,7,,,1,70,,12582,7,,,1,30,,12594,7,,,1,71,,12583,7,,,1,30,,12595,7,,,1,70,,12584,7,,,1,30,,12596,7,,,1,70,,12585,7,,,1,30,,12597,7,,,1,70,,12586,7,,,1,30,,12598,7,,,1,70,,12587,7,,,1,30,,12599,7,,,1,70,,12588,7,,,1,30,,12600,7,,,1,70,,12589,7,,,1,30,,12601,7,,,1,70,,12590,7,,,1,30,,12602,7,,,1,70,,12591,7,,,1,29,,12603,7,,,1,70,,12605,7,,,1,30,,12604,7,,,1,100,,12606,7,,,1
