700,'SAT',750,,282,28,4,,1,100,,283,28,4,,1,102,,271,28,4,,1,105,,272,28,4,,1,143,,273,28,4,,1,100,,274,28,4,,1,101,,275,28,4,,1,100,,276,28,4,,1,99,,277,28,4,,1,58,,278,28,4,,1,99,,279,28,4,,1,99,,280,28,4,,1
700,'SUN',750,,297,28,4,,1,100,,298,28,4,,1,102,,286,28,4,,1,105,,287,28,4,,1,143,,288,28,4,,1,100,,289,28,4,,1,101,,290,28,4,,1,100,,291,28,4,,1,99,,292,28,4,,1,58,,293,28,4,,1,99,,294,28,4,,1,99,,295,28,4,,1
1200,'SAT',737,,417,29,4,,1,100,,418,29,4,,1,102,,419,29,4,,1,100,,420,29,4,,1,101,,421,29,4,,1,100,,422,29,4,,1,100,,423,29,4,,1,100,,424,29,4,,1,100,,425,29,4,,1,100,,426,29,4,,1,99,,427,29,4,,1,100,,428,29,4,,1,98,,429,29,4,,1,100,,430,29,4,,1
1200,'SUN',737,,433,29,4,,1,100,,434,29,4,,1,102,,435,29,4,,1,100,,436,29,4,,1,101,,437,29,4,,1,100,,438,29,4,,1,100,,439,29,4,,1,100,,440,29,4,,1,100,,441,29,4,,1,100,,442,29,4,,1,99,,443,29,4,,1,100,,444,29,4,,1,98,,445,29,4,,1,100,,446,29,4,,1
7801,'WKDY',634,,3418,27,4,,1,72,,3419,27,4,,1,30,,3420,27,4,,1,70,,3421,27,4,,1,30,,3422,27,4,,1,71,,3423,27,4,,1,31,,3440,27,4,,1,70,,3424,27,4,,1,31,,3441,27,4,,1,70,,3425,27,4,,1,31,,3442,27,4,,1,70,,3426,27,4,,1,30,,3443,27,4,,1,70,,3427,27,4,,1,31,,3444,27,4,,1,70,,3428,27,4,,1,30,,3445,27,4,,1,70,,3429,27,4,,1,30,,3430,27,4,,1,70,,3431,27,4,,1,30,,3432,27,4,,1,70,,3433,27,4,,1,30,,3434,27,4,,1,73,,3435,27,4,,1,100,,3436,27,4,,1,93,,3437,27,4,,1
8000,'WKDY',520,,3472,1,,,1,30,,3503,1,,,1,70,,3473,1,,,1,30,,3474,1,,,1,70,,3475,1,,,1,30,,3476,1,,,1,70,,3477,1,,,1,30,,3478,1,,,1,70,,3479,1,,,1,30,,3480,1,,,1,70,,3481,1,,,1,30,,3482,1,,,1,70,,3483,1,,,1,30,,3484,1,,,1,70,,3485,1,,,1,30,,3486,1,,,1,70,,3487,1,,,1,30,,3488,1,,,1,70,,3489,1,,,1,30,,3490,1,,,1,70,,3491,1,,,1,30,,3492,1,,,1,70,,3493,1,,,1,30,,3494,1,,,1,70,,3495,1,,,1,30,,3496,1,,,1,70,,3497,1,,,1,30,,3498,1,,,1,70,,3499,1,,,1,30,,3500,1,,,1,70,,3501,1,,,1,30,,3502,1,,,1
8000,'SAT',620,,3516,1,,,1,100,,3504,1,,,1,30,,3505,1,,,1,70,,3506,1,,,1,30,,3517,1,,,1,70,,3507,1,,,1,30,,3518,1,,,1,70,,3508,1,,,1,30,,3519,1,,,1,70,,3509,1,,,1,30,,3520,1,,,1,70,,3510,1,,,1,30,,3521,1,,,1,70,,3511,1,,,1,30,,3522,1,,,1,70,,3512,1,,,1,30,,3523,1,,,1,70,,3513,1,,,1,30,,3524,1,,,1,70,,3514,1,,,1,30,,3525,1,,,1,70,,3515,1,,,1,30,,3526,1,,,1,70,,3527,1,,,1,30,,3528,1,,,1,70,,3529,1,,,1,30,,3530,1,,,1,100,,3531,1,,,1
8000,'SUN',620,,3545,1,,,1,100,,3532,1,,,1,30,,3533,1,,,1,70,,3534,1,,,1,30,,3546,1,,,1,70,,3535,1,,,1,30,,3547,1,,,1,70,,3536,1,,,1,30,,3548,1,,,1,70,,3537,1,,,1,30,,3549,1,,,1,70,,3538,1,,,1,30,,3550,1,,,1,70,,3539,1,,,1,30,,3551,1,,,1,70,,3540,1,,,1,30,,3552,1,,,1,70,,3541,1,,,1,30,,3553,1,,,1,70,,3542,1,,,1,30,,3554,1,,,1,70,,3543,1,,,1,30,,3555,1,,,1,70,,3544,1,,,1,30,,3556,1,,,1,70,,3558,1,,,1,30,,3557,1,,,1,100,,3559,1,,,1
8001,'WKDY',1835,,3584,36,4,,1,98,,3586,36,4,,1,99,,3588,36,4,,1
8001,'SAT',2031,,3618,36,4,,1
8001,'SUN',2200,,3645,36,4,,1
