4101,'WKDY',655,,7188,10,0,18 13,1,70,,7192,10,0,18 13,1,81,,7189,10,0,10 11 12,1,948,,7190,10,0,10 11 12,1,68,,7191,10,0,10 11 12,1
4101,'CCFWK',655,,7193,10,0,18 13,1,70,,7197,10,0,18 13,1,81,,7194,10,0,10 11 12,1,948,,7195,10,0,10 11 12,1,68,,7196,10,0,10 11 12,1
4101,'CCFFF',655,,7198,10,0,18 13,1,70,,7202,10,0,18 13,1,81,,7199,10,0,10 11 12,1,948,,7200,10,0,10 11 12,1,68,,7201,10,0,10 11 12,1
9201,'WKDY',556,,12965,10,,,1,70,,12966,10,,,1,30,,12967,10,,,1,70,,12968,10,,,1,31,,12969,10,,,1,71,,12970,10,,,1,30,,12971,10,,,1,70,,12972,10,,,1,30,,12973,10,,,1,70,,12974,10,,,1,30,,12975,10,,,1,70,,12976,10,,,1,30,,12977,10,,,1,70,,12978,10,,,1,31,,12979,10,,,1,71,,12980,10,,,1,70,,12981,10,,,1,30,,12982,10,,,1,70,,12983,10,,,1,31,,12984,10,,,1,70,,12985,10,,,1,30,,12986,10,,,1,69,,12987,10,,,1,29,,12988,10,,,1,30,,12989,10,,,1,70,,12990,10,,,1,30,,12991,10,,,1,70,,12992,10,,,1,27,,12993,10,,,1,100,,12994,10,,,1,100,,12995,10,,,1
9201,'SAT',742,,12996,10,,,1,100,,12997,10,,,1,100,,12998,10,,,1,101,,12999,10,,,1,101,,13000,10,,,1,100,,13001,10,,,1,100,,13002,10,,,1,99,,13003,10,,,1,100,,13004,10,,,1,100,,13005,10,,,1,100,,13006,10,,,1,98,,13007,10,,,1,100,,13008,10,,,1,100,,13009,10,,,1,100,,13010,10,,,1
9201,'SUN',742,,13011,10,,,1,100,,13012,10,,,1,100,,13013,10,,,1,101,,13014,10,,,1,101,,13015,10,,,1,100,,13016,10,,,1,100,,13017,10,,,1,99,,13018,10,,,1,100,,13019,10,,,1,100,,13020,10,,,1,100,,13021,10,,,1,98,,13022,10,,,1,100,,13023,10,,,1,100,,13024,10,,,1,100,,13025,10,,,1
9201,'CCFWK',556,,13026,10,,,1,70,,13027,10,,,1,30,,13028,10,,,1,70,,13029,10,,,1,31,,13030,10,,,1,71,,13031,10,,,1,30,,13032,10,,,1,70,,13033,10,,,1,30,,13034,10,,,1,70,,13035,10,,,1,30,,13036,10,,,1,70,,13037,10,,,1,30,,13038,10,,,1,70,,13039,10,,,1,31,,13040,10,,,1,71,,13041,10,,,1,70,,13042,10,,,1,30,,13043,10,,,1,70,,13044,10,,,1,31,,13045,10,,,1,70,,13046,10,,,1,30,,13047,10,,,1,69,,13048,10,,,1,29,,13049,10,,,1,30,,13050,10,,,1,70,,13051,10,,,1,30,,13052,10,,,1,70,,13053,10,,,1,27,,13054,10,,,1,100,,13055,10,,,1,100,,13056,10,,,1
9201,'CCFFF',556,,13057,10,,,1,70,,13058,10,,,1,30,,13059,10,,,1,70,,13060,10,,,1,31,,13061,10,,,1,71,,13062,10,,,1,30,,13063,10,,,1,70,,13064,10,,,1,30,,13065,10,,,1,70,,13066,10,,,1,30,,13067,10,,,1,70,,13068,10,,,1,30,,13069,10,,,1,70,,13070,10,,,1,31,,13071,10,,,1,71,,13072,10,,,1,70,,13073,10,,,1,30,,13074,10,,,1,70,,13075,10,,,1,31,,13076,10,,,1,70,,13077,10,,,1,30,,13078,10,,,1,69,,13079,10,,,1,29,,13080,10,,,1,30,,13081,10,,,1,70,,13082,10,,,1,30,,13083,10,,,1,70,,13084,10,,,1,27,,13085,10,,,1,100,,13086,10,,,1,100,,13087,10,,,1
9201,'CCFSAT',742,,13088,10,,,1,100,,13089,10,,,1,100,,13090,10,,,1,101,,13091,10,,,1,101,,13092,10,,,1,100,,13093,10,,,1,100,,13094,10,,,1,99,,13095,10,,,1,100,,13096,10,,,1,100,,13097,10,,,1,100,,13098,10,,,1,98,,13099,10,,,1,100,,13100,10,,,1,100,,13101,10,,,1,100,,13102,10,,,1
9201,'CCFSUN',742,,13103,10,,,1,100,,13104,10,,,1,100,,13105,10,,,1,101,,13106,10,,,1,101,,13107,10,,,1,100,,13108,10,,,1,100,,13109,10,,,1,99,,13110,10,,,1,100,,13111,10,,,1,100,,13112,10,,,1,100,,13113,10,,,1,98,,13114,10,,,1,100,,13115,10,,,1,100,,13116,10,,,1,100,,13117,10,,,1
