3001,'WKDY',521,,5898,13,,,1,96,,5899,31,,,1,30,,5900,31,,,1,63,,5901,31,,,1,39,,5902,31,,,1,70,,5903,31,,,1,29,,5904,31,,,1,69,,5905,31,,,1,30,,5906,31,,,1,69,,5907,31,,,1,29,,5908,31,,,1,72,,5909,31,,,1,30,,5910,31,,,1,70,,5911,31,,,1,31,,5912,31,,,1,71,,5913,31,,,1,30,,5914,31,,,1,69,,5915,31,,,1,32,,5916,31,,,1,72,,5917,31,,,1,30,,5918,31,,,1,72,,5919,31,,,1,29,,5920,31,,,1,69,,5921,31,,,1,28,,5922,31,,,1,66,,5923,31,,,1,30,,5924,31,,,1,67,,5925,31,,,1,28,,5926,31,,,1,69,,5927,31,,,1,30,,5928,31,,,1,68,,5929,31,,,1,96,,5930,31,,,1
3001,'SAT',700,,5931,31,,,1,100,,5932,31,,,1,33,,5933,31,,,1,72,,5934,31,,,1,31,,5935,31,,,1,71,,5936,31,,,1,30,,5937,31,,,1,71,,5938,31,,,1,31,,5939,31,,,1,72,,5940,31,,,1,30,,5941,31,,,1,71,,5942,31,,,1,30,,5943,31,,,1,70,,5944,31,,,1,29,,5945,31,,,1,70,,5946,31,,,1,30,,5947,31,,,1,70,,5948,31,,,1,30,,5949,31,,,1,70,,5950,31,,,1,29,,5951,31,,,1,68,,5952,31,,,1,99,,5953,31,,,1,98,,5954,31,,,1,100,,5955,31,,,1
3001,'SUN',700,,5956,31,,,1,100,,5957,31,,,1,105,,5958,31,,,1,102,,5959,31,,,1,101,,5960,31,,,1,103,,5961,31,,,1,101,,5962,31,,,1,100,,5963,31,,,1,99,,5964,31,,,1,100,,5965,31,,,1,100,,5966,31,,,1,97,,5967,31,,,1,99,,5968,31,,,1,98,,5969,31,,,1,100,,5970,31,,,1
3001,'CCFWK',521,,5971,13,,,1,96,,5972,31,,,1,30,,5973,31,,,1,63,,5974,31,,,1,39,,5975,31,,,1,70,,5976,31,,,1,29,,5977,31,,,1,69,,5978,31,,,1,30,,5979,31,,,1,69,,5980,31,,,1,29,,5981,31,,,1,72,,5982,31,,,1,30,,5983,31,,,1,70,,5984,31,,,1,31,,5985,31,,,1,71,,5986,31,,,1,30,,5987,31,,,1,69,,5988,31,,,1,32,,5989,31,,,1,72,,5990,31,,,1,30,,5991,31,,,1,72,,5992,31,,,1,29,,5993,31,,,1,69,,5994,31,,,1,28,,5995,31,,,1,66,,5996,31,,,1,30,,5997,31,,,1,67,,5998,31,,,1,28,,5999,31,,,1,69,,6000,31,,,1,30,,6001,31,,,1,68,,6002,31,,,1,96,,6003,31,,,1
3001,'CCFFF',521,,6004,13,,,1,96,,6005,31,,,1,30,,6006,31,,,1,63,,6007,31,,,1,39,,6008,31,,,1,70,,6009,31,,,1,29,,6010,31,,,1,69,,6011,31,,,1,30,,6012,31,,,1,69,,6013,31,,,1,29,,6014,31,,,1,72,,6015,31,,,1,30,,6016,31,,,1,70,,6017,31,,,1,31,,6018,31,,,1,71,,6019,31,,,1,30,,6020,31,,,1,69,,6021,31,,,1,32,,6022,31,,,1,72,,6023,31,,,1,30,,6024,31,,,1,72,,6025,31,,,1,29,,6026,31,,,1,69,,6027,31,,,1,28,,6028,31,,,1,66,,6029,31,,,1,30,,6030,31,,,1,67,,6031,31,,,1,28,,6032,31,,,1,69,,6033,31,,,1,30,,6034,31,,,1,68,,6035,31,,,1,96,,6036,31,,,1
3001,'CCFSAT',700,,6037,31,,,1,100,,6038,31,,,1,33,,6039,31,,,1,72,,6040,31,,,1,31,,6041,31,,,1,71,,6042,31,,,1,30,,6043,31,,,1,71,,6044,31,,,1,31,,6045,31,,,1,72,,6046,31,,,1,30,,6047,31,,,1,71,,6048,31,,,1,30,,6049,31,,,1,70,,6050,31,,,1,29,,6051,31,,,1,70,,6052,31,,,1,30,,6053,31,,,1,70,,6054,31,,,1,30,,6055,31,,,1,70,,6056,31,,,1,29,,6057,31,,,1,68,,6058,31,,,1,99,,6059,31,,,1,98,,6060,31,,,1,100,,6061,31,,,1
3001,'CCFSUN',700,,6062,31,,,1,100,,6063,31,,,1,105,,6064,31,,,1,102,,6065,31,,,1,101,,6066,31,,,1,103,,6067,31,,,1,101,,6068,31,,,1,100,,6069,31,,,1,99,,6070,31,,,1,100,,6071,31,,,1,100,,6072,31,,,1,97,,6073,31,,,1,99,,6074,31,,,1,98,,6075,31,,,1,100,,6076,31,,,1
8000,'WKDY',532,,12399,14,,,1,70,,12430,14,,,1,30,,12400,14,,,1,70,,12401,14,,,1,32,,12402,14,,,1,70,,12403,14,,,1,30,,12404,14,,,1,70,,12405,14,,,1,30,,12406,14,,,1,70,,12407,14,,,1,30,,12408,14,,,1,70,,12409,14,,,1,30,,12410,14,,,1,70,,12411,14,,,1,30,,12412,14,,,1,70,,12413,14,,,1,31,,12414,14,,,1,70,,12415,14,,,1,30,,12416,14,,,1,70,,12417,14,,,1,30,,12418,14,,,1,71,,12419,14,,,1,31,,12420,14,,,1,64,,12421,14,,,1,30,,12422,14,,,1,70,,12423,14,,,1,30,,12424,14,,,1,71,,12425,14,,,1,30,,12426,14,,,1,70,,12427,14,,,1,30,,12428,14,,,1,70,,12429,14,,,1
8000,'SAT',632,,12443,14,,,1,100,,12431,14,,,1,70,,12432,14,,,1,30,,12433,14,,,1,70,,12444,14,,,1,30,,12434,14,,,1,70,,12445,14,,,1,31,,12435,14,,,1,70,,12446,14,,,1,30,,12436,14,,,1,71,,12447,14,,,1,30,,12437,14,,,1,70,,12448,14,,,1,30,,12438,14,,,1,70,,12449,14,,,1,30,,12439,14,,,1,70,,12450,14,,,1,30,,12440,14,,,1,70,,12451,14,,,1,30,,12441,14,,,1,70,,12452,14,,,1,30,,12442,14,,,1,70,,12453,14,,,1,29,,12454,14,,,1,69,,12455,14,,,1,30,,12456,14,,,1,70,,12457,14,,,1,100,,12458,14,,,1
8000,'SUN',632,,12472,14,,,1,100,,12459,14,,,1,70,,12460,14,,,1,30,,12461,14,,,1,70,,12473,14,,,1,30,,12462,14,,,1,70,,12474,14,,,1,31,,12463,14,,,1,70,,12475,14,,,1,30,,12464,14,,,1,71,,12476,14,,,1,30,,12465,14,,,1,70,,12477,14,,,1,30,,12466,14,,,1,70,,12478,14,,,1,30,,12467,14,,,1,70,,12479,14,,,1,30,,12468,14,,,1,70,,12480,14,,,1,30,,12469,14,,,1,70,,12481,14,,,1,30,,12470,14,,,1,70,,12482,14,,,1,29,,12471,14,,,1,69,,12483,14,,,1,30,,12485,14,,,1,70,,12484,14,,,1,100,,12486,14,,,1
8000,'CCFWK',532,,12487,14,,,1,70,,12518,14,,,1,30,,12488,14,,,1,70,,12489,14,,,1,32,,12490,14,,,1,70,,12491,14,,,1,30,,12492,14,,,1,70,,12493,14,,,1,30,,12494,14,,,1,70,,12495,14,,,1,30,,12496,14,,,1,70,,12497,14,,,1,30,,12498,14,,,1,70,,12499,14,,,1,30,,12500,14,,,1,70,,12501,14,,,1,31,,12502,14,,,1,70,,12503,14,,,1,30,,12504,14,,,1,70,,12505,14,,,1,30,,12506,14,,,1,71,,12507,14,,,1,31,,12508,14,,,1,64,,12509,14,,,1,30,,12510,14,,,1,70,,12511,14,,,1,30,,12512,14,,,1,71,,12513,14,,,1,30,,12514,14,,,1,70,,12515,14,,,1,30,,12516,14,,,1,70,,12517,14,,,1
8000,'CCFFF',532,,12519,14,,,1,70,,12550,14,,,1,30,,12520,14,,,1,70,,12521,14,,,1,32,,12522,14,,,1,70,,12523,14,,,1,30,,12524,14,,,1,70,,12525,14,,,1,30,,12526,14,,,1,70,,12527,14,,,1,30,,12528,14,,,1,70,,12529,14,,,1,30,,12530,14,,,1,70,,12531,14,,,1,30,,12532,14,,,1,70,,12533,14,,,1,31,,12534,14,,,1,70,,12535,14,,,1,30,,12536,14,,,1,70,,12537,14,,,1,30,,12538,14,,,1,71,,12539,14,,,1,31,,12540,14,,,1,64,,12541,14,,,1,30,,12542,14,,,1,70,,12543,14,,,1,30,,12544,14,,,1,71,,12545,14,,,1,30,,12546,14,,,1,70,,12547,14,,,1,30,,12548,14,,,1,70,,12549,14,,,1
8000,'CCFSAT',632,,12563,14,,,1,100,,12551,14,,,1,70,,12552,14,,,1,30,,12553,14,,,1,70,,12564,14,,,1,30,,12554,14,,,1,70,,12565,14,,,1,31,,12555,14,,,1,70,,12566,14,,,1,30,,12556,14,,,1,71,,12567,14,,,1,30,,12557,14,,,1,70,,12568,14,,,1,30,,12558,14,,,1,70,,12569,14,,,1,30,,12559,14,,,1,70,,12570,14,,,1,30,,12560,14,,,1,70,,12571,14,,,1,30,,12561,14,,,1,70,,12572,14,,,1,30,,12562,14,,,1,70,,12573,14,,,1,29,,12574,14,,,1,69,,12575,14,,,1,30,,12576,14,,,1,70,,12577,14,,,1,100,,12578,14,,,1
8000,'CCFSUN',632,,12592,14,,,1,100,,12579,14,,,1,70,,12580,14,,,1,30,,12581,14,,,1,70,,12593,14,,,1,30,,12582,14,,,1,70,,12594,14,,,1,31,,12583,14,,,1,70,,12595,14,,,1,30,,12584,14,,,1,71,,12596,14,,,1,30,,12585,14,,,1,70,,12597,14,,,1,30,,12586,14,,,1,70,,12598,14,,,1,30,,12587,14,,,1,70,,12599,14,,,1,30,,12588,14,,,1,70,,12600,14,,,1,30,,12589,14,,,1,70,,12601,14,,,1,30,,12590,14,,,1,70,,12602,14,,,1,29,,12591,14,,,1,69,,12603,14,,,1,30,,12605,14,,,1,70,,12604,14,,,1,100,,12606,14,,,1
