3001,'WKDY',515,,5898,3,,,1,95,,5899,21,,,1,30,,5900,21,,,1,63,,5901,21,,,1,38,,5902,21,,,1,70,,5903,21,,,1,30,,5904,21,,,1,69,,5905,21,,,1,30,,5906,21,,,1,69,,5907,21,,,1,29,,5908,21,,,1,71,,5909,21,,,1,30,,5910,21,,,1,70,,5911,21,,,1,31,,5912,21,,,1,71,,5913,21,,,1,29,,5914,21,,,1,69,,5915,21,,,1,32,,5916,21,,,1,72,,5917,21,,,1,30,,5918,21,,,1,70,,5919,21,,,1,29,,5920,21,,,1,70,,5921,21,,,1,29,,5922,21,,,1,67,,5923,21,,,1,30,,5924,21,,,1,67,,5925,21,,,1,28,,5926,21,,,1,69,,5927,21,,,1,30,,5928,21,,,1,68,,5929,21,,,1,57,,5930,21,,,1
3001,'SAT',654,,5931,21,,,1,100,,5932,21,,,1,73,,5933,21,,,1,32,,5934,21,,,1,71,,5935,21,,,1,70,,5936,21,,,1,30,,5937,21,,,1,71,,5938,21,,,1,31,,5939,21,,,1,71,,5940,21,,,1,30,,5941,21,,,1,71,,5942,21,,,1,30,,5943,21,,,1,70,,5944,21,,,1,30,,5945,21,,,1,70,,5946,21,,,1,30,,5947,21,,,1,70,,5948,21,,,1,30,,5949,21,,,1,70,,5950,21,,,1,29,,5951,21,,,1,68,,5952,21,,,1,99,,5953,21,,,1,58,,5954,21,,,1,100,,5955,21,,,1
3001,'SUN',654,,5956,21,,,1,100,,5957,21,,,1,105,,5958,21,,,1,141,,5959,21,,,1,101,,5960,21,,,1,102,,5961,21,,,1,101,,5962,21,,,1,100,,5963,21,,,1,100,,5964,21,,,1,100,,5965,21,,,1,100,,5966,21,,,1,97,,5967,21,,,1,99,,5968,21,,,1,58,,5969,21,,,1,100,,5970,21,,,1
3001,'CCFWK',515,,5971,3,,,1,95,,5972,21,,,1,30,,5973,21,,,1,63,,5974,21,,,1,38,,5975,21,,,1,70,,5976,21,,,1,30,,5977,21,,,1,69,,5978,21,,,1,30,,5979,21,,,1,69,,5980,21,,,1,29,,5981,21,,,1,71,,5982,21,,,1,30,,5983,21,,,1,70,,5984,21,,,1,31,,5985,21,,,1,71,,5986,21,,,1,29,,5987,21,,,1,69,,5988,21,,,1,32,,5989,21,,,1,72,,5990,21,,,1,30,,5991,21,,,1,70,,5992,21,,,1,29,,5993,21,,,1,70,,5994,21,,,1,29,,5995,21,,,1,67,,5996,21,,,1,30,,5997,21,,,1,67,,5998,21,,,1,28,,5999,21,,,1,69,,6000,21,,,1,30,,6001,21,,,1,68,,6002,21,,,1,57,,6003,21,,,1
3001,'CCFFF',515,,6004,3,,,1,95,,6005,21,,,1,30,,6006,21,,,1,63,,6007,21,,,1,38,,6008,21,,,1,70,,6009,21,,,1,30,,6010,21,,,1,69,,6011,21,,,1,30,,6012,21,,,1,69,,6013,21,,,1,29,,6014,21,,,1,71,,6015,21,,,1,30,,6016,21,,,1,70,,6017,21,,,1,31,,6018,21,,,1,71,,6019,21,,,1,29,,6020,21,,,1,69,,6021,21,,,1,32,,6022,21,,,1,72,,6023,21,,,1,30,,6024,21,,,1,70,,6025,21,,,1,29,,6026,21,,,1,70,,6027,21,,,1,29,,6028,21,,,1,67,,6029,21,,,1,30,,6030,21,,,1,67,,6031,21,,,1,28,,6032,21,,,1,69,,6033,21,,,1,30,,6034,21,,,1,68,,6035,21,,,1,57,,6036,21,,,1
3001,'CCFSAT',654,,6037,21,,,1,100,,6038,21,,,1,73,,6039,21,,,1,32,,6040,21,,,1,71,,6041,21,,,1,70,,6042,21,,,1,30,,6043,21,,,1,71,,6044,21,,,1,31,,6045,21,,,1,71,,6046,21,,,1,30,,6047,21,,,1,71,,6048,21,,,1,30,,6049,21,,,1,70,,6050,21,,,1,30,,6051,21,,,1,70,,6052,21,,,1,30,,6053,21,,,1,70,,6054,21,,,1,30,,6055,21,,,1,70,,6056,21,,,1,29,,6057,21,,,1,68,,6058,21,,,1,99,,6059,21,,,1,58,,6060,21,,,1,100,,6061,21,,,1
3001,'CCFSUN',654,,6062,21,,,1,100,,6063,21,,,1,105,,6064,21,,,1,141,,6065,21,,,1,101,,6066,21,,,1,102,,6067,21,,,1,101,,6068,21,,,1,100,,6069,21,,,1,100,,6070,21,,,1,100,,6071,21,,,1,100,,6072,21,,,1,97,,6073,21,,,1,99,,6074,21,,,1,58,,6075,21,,,1,100,,6076,21,,,1
3200,'WKDY',601,,6381,26,,,1,30,,6382,26,,,1,70,,6383,26,,,1,30,,6384,26,,,1,70,,6385,26,,,1,30,,6386,26,,,1,70,,6387,26,,,1,29,,6388,26,,,1,70,,6389,26,,,1,30,,6390,26,,,1,70,,6391,26,,,1,30,,6392,26,,,1,29,,6393,26,,,1,70,,6394,26,,,1,29,,6395,26,,,1,70,,6396,26,,,1,30,,6397,26,,,1,70,,6398,26,,,1,29,,6399,26,,,1,70,,6400,26,,,1,30,,6401,26,,,1,70,,6402,26,,,1,30,,6403,26,,,1,71,,6404,26,,,1,31,,6405,26,,,1,71,,6406,26,,,1,70,,6407,26,,,1,30,,6408,26,,,1,100,,6409,26,,,1,100,,6410,26,,,1
3200,'SAT',808,,6427,26,,,1,39,,6428,26,,,1,80,,6429,26,,,1,80,,6411,26,,,1,39,,6412,26,,,1,80,,6413,26,,,1,80,,6414,26,,,1,40,,6415,26,,,1,80,,6416,26,,,1,80,,6417,26,,,1,40,,6418,26,,,1,80,,6419,26,,,1,80,,6420,26,,,1,40,,6421,26,,,1,80,,6422,26,,,1,80,,6423,26,,,1,41,,6424,26,,,1,80,,6425,26,,,1,80,,6426,26,,,1
3200,'SUN',808,,6430,26,,,1,100,,6431,26,,,1,99,,6432,26,,,1,100,,6433,26,,,1,99,,6434,26,,,1,100,,6435,26,,,1,100,,6436,26,,,1,100,,6437,26,,,1,100,,6438,26,,,1,100,,6439,26,,,1,100,,6440,26,,,1,100,,6441,26,,,1,101,,6442,26,,,1
3200,'CCFWK',601,,6443,26,,,1,30,,6444,26,,,1,70,,6445,26,,,1,30,,6446,26,,,1,70,,6447,26,,,1,30,,6448,26,,,1,70,,6449,26,,,1,29,,6450,26,,,1,70,,6451,26,,,1,30,,6452,26,,,1,70,,6453,26,,,1,30,,6454,26,,,1,29,,6455,26,,,1,70,,6456,26,,,1,29,,6457,26,,,1,70,,6458,26,,,1,30,,6459,26,,,1,70,,6460,26,,,1,29,,6461,26,,,1,70,,6462,26,,,1,30,,6463,26,,,1,70,,6464,26,,,1,30,,6465,26,,,1,71,,6466,26,,,1,31,,6467,26,,,1,71,,6468,26,,,1,70,,6469,26,,,1,30,,6470,26,,,1,100,,6471,26,,,1,100,,6472,26,,,1
3200,'CCFFF',601,,6473,26,,,1,30,,6474,26,,,1,70,,6475,26,,,1,30,,6476,26,,,1,70,,6477,26,,,1,30,,6478,26,,,1,70,,6479,26,,,1,29,,6480,26,,,1,70,,6481,26,,,1,30,,6482,26,,,1,70,,6483,26,,,1,30,,6484,26,,,1,29,,6485,26,,,1,70,,6486,26,,,1,29,,6487,26,,,1,70,,6488,26,,,1,30,,6489,26,,,1,70,,6490,26,,,1,29,,6491,26,,,1,70,,6492,26,,,1,30,,6493,26,,,1,70,,6494,26,,,1,30,,6495,26,,,1,71,,6496,26,,,1,31,,6497,26,,,1,71,,6498,26,,,1,70,,6499,26,,,1,30,,6500,26,,,1,100,,6501,26,,,1,100,,6502,26,,,1
3200,'CCFSAT',808,,6519,26,,,1,39,,6520,26,,,1,80,,6521,26,,,1,80,,6503,26,,,1,39,,6504,26,,,1,80,,6505,26,,,1,80,,6506,26,,,1,40,,6507,26,,,1,80,,6508,26,,,1,80,,6509,26,,,1,40,,6510,26,,,1,80,,6511,26,,,1,80,,6512,26,,,1,40,,6513,26,,,1,80,,6514,26,,,1,80,,6515,26,,,1,41,,6516,26,,,1,80,,6517,26,,,1,80,,6518,26,,,1
3200,'CCFSUN',808,,6522,26,,,1,100,,6523,26,,,1,99,,6524,26,,,1,100,,6525,26,,,1,99,,6526,26,,,1,100,,6527,26,,,1,100,,6528,26,,,1,100,,6529,26,,,1,100,,6530,26,,,1,100,,6531,26,,,1,100,,6532,26,,,1,100,,6533,26,,,1,101,,6534,26,,,1
