3100,'WKDY',540,,6077,21,4,,1,70,,6078,21,4,,1,30,,6079,21,4,,1,69,,6080,21,4,,1,30,,6081,21,4,,1,70,,6082,21,4,,1,30,,6083,21,4,,1,69,,6084,21,4,,1,30,,6085,21,4,,1,70,,6086,21,4,,1,29,,6087,21,4,,1,70,,6088,21,4,,1,29,,6089,21,4,,1,70,,6090,21,4,,1,28,,6091,21,4,,1,70,,6092,21,4,,1,30,,6093,21,4,,1,70,,6094,21,4,,1,29,,6095,21,4,,1,70,,6096,21,4,,1,31,,6097,21,4,,1,70,,6098,21,4,,1,30,,6099,21,4,,1,71,,6100,21,4,,1,32,,6101,21,4,,1,71,,6102,21,4,,1,31,,6103,21,4,,1,70,,6104,21,4,,1,100,,6105,21,4,,1,101,,6106,21,4,,1
3100,'SAT',748,,6107,21,4,,1,79,,6108,21,4,,1,79,,6109,21,4,,1,40,,6110,21,4,,1,79,,6111,21,4,,1,79,,6112,21,4,,1,39,,6113,21,4,,1,80,,6114,21,4,,1,80,,6115,21,4,,1,40,,6116,21,4,,1,80,,6117,21,4,,1,80,,6118,21,4,,1,40,,6119,21,4,,1,81,,6120,21,4,,1,80,,6121,21,4,,1,41,,6122,21,4,,1,81,,6123,21,4,,1,81,,6124,21,4,,1,40,,6125,21,4,,1
3100,'SUN',748,,6126,21,4,,1,100,,6127,21,4,,1,98,,6128,21,4,,1,100,,6129,21,4,,1,97,,6130,21,4,,1,100,,6131,21,4,,1,100,,6132,21,4,,1,100,,6133,21,4,,1,100,,6134,21,4,,1,100,,6135,21,4,,1,102,,6136,21,4,,1,100,,6137,21,4,,1,102,,6138,21,4,,1
3100,'CCFWK',540,,6139,21,4,,1,70,,6140,21,4,,1,30,,6141,21,4,,1,69,,6142,21,4,,1,30,,6143,21,4,,1,70,,6144,21,4,,1,30,,6145,21,4,,1,69,,6146,21,4,,1,30,,6147,21,4,,1,70,,6148,21,4,,1,29,,6149,21,4,,1,70,,6150,21,4,,1,29,,6151,21,4,,1,70,,6152,21,4,,1,28,,6153,21,4,,1,70,,6154,21,4,,1,30,,6155,21,4,,1,70,,6156,21,4,,1,29,,6157,21,4,,1,70,,6158,21,4,,1,31,,6159,21,4,,1,70,,6160,21,4,,1,30,,6161,21,4,,1,71,,6162,21,4,,1,32,,6163,21,4,,1,71,,6164,21,4,,1,31,,6165,21,4,,1,70,,6166,21,4,,1,100,,6167,21,4,,1,101,,6168,21,4,,1
3100,'CCFFF',540,,6169,21,4,,1,70,,6170,21,4,,1,30,,6171,21,4,,1,69,,6172,21,4,,1,30,,6173,21,4,,1,70,,6174,21,4,,1,30,,6175,21,4,,1,69,,6176,21,4,,1,30,,6177,21,4,,1,70,,6178,21,4,,1,29,,6179,21,4,,1,70,,6180,21,4,,1,29,,6181,21,4,,1,70,,6182,21,4,,1,28,,6183,21,4,,1,70,,6184,21,4,,1,30,,6185,21,4,,1,70,,6186,21,4,,1,29,,6187,21,4,,1,70,,6188,21,4,,1,31,,6189,21,4,,1,70,,6190,21,4,,1,30,,6191,21,4,,1,71,,6192,21,4,,1,32,,6193,21,4,,1,71,,6194,21,4,,1,31,,6195,21,4,,1,70,,6196,21,4,,1,100,,6197,21,4,,1,101,,6198,21,4,,1
3100,'CCFSAT',748,,6199,21,4,,1,79,,6200,21,4,,1,79,,6201,21,4,,1,40,,6202,21,4,,1,79,,6203,21,4,,1,79,,6204,21,4,,1,39,,6205,21,4,,1,80,,6206,21,4,,1,80,,6207,21,4,,1,40,,6208,21,4,,1,80,,6209,21,4,,1,80,,6210,21,4,,1,40,,6211,21,4,,1,81,,6212,21,4,,1,80,,6213,21,4,,1,41,,6214,21,4,,1,81,,6215,21,4,,1,81,,6216,21,4,,1,40,,6217,21,4,,1
3100,'CCFSUN',748,,6218,21,4,,1,100,,6219,21,4,,1,98,,6220,21,4,,1,100,,6221,21,4,,1,97,,6222,21,4,,1,100,,6223,21,4,,1,100,,6224,21,4,,1,100,,6225,21,4,,1,100,,6226,21,4,,1,100,,6227,21,4,,1,102,,6228,21,4,,1,100,,6229,21,4,,1,102,,6230,21,4,,1
3200,'WKDY',540,,6381,1,,,1,70,,6382,1,,,1,30,,6383,1,,,1,69,,6384,1,,,1,30,,6385,1,,,1,70,,6386,1,,,1,30,,6387,1,,,1,69,,6388,1,,,1,30,,6389,1,,,1,70,,6390,1,,,1,29,,6391,1,,,1,70,,6392,1,,,1,29,,6393,1,,,1,70,,6394,1,,,1,28,,6395,1,,,1,70,,6396,1,,,1,30,,6397,1,,,1,70,,6398,1,,,1,29,,6399,1,,,1,70,,6400,1,,,1,31,,6401,1,,,1,70,,6402,1,,,1,30,,6403,1,,,1,71,,6404,1,,,1,32,,6405,1,,,1,71,,6406,1,,,1,31,,6407,1,,,1,70,,6408,1,,,1,100,,6409,1,,,1,101,,6410,1,,,1
3200,'SAT',748,,6427,1,,,1,79,,6428,1,,,1,79,,6429,1,,,1,40,,6411,1,,,1,79,,6412,1,,,1,79,,6413,1,,,1,39,,6414,1,,,1,80,,6415,1,,,1,80,,6416,1,,,1,40,,6417,1,,,1,80,,6418,1,,,1,80,,6419,1,,,1,40,,6420,1,,,1,81,,6421,1,,,1,80,,6422,1,,,1,41,,6423,1,,,1,81,,6424,1,,,1,81,,6425,1,,,1,40,,6426,1,,,1
3200,'SUN',748,,6430,1,,,1,100,,6431,1,,,1,98,,6432,1,,,1,100,,6433,1,,,1,97,,6434,1,,,1,100,,6435,1,,,1,100,,6436,1,,,1,100,,6437,1,,,1,100,,6438,1,,,1,100,,6439,1,,,1,102,,6440,1,,,1,100,,6441,1,,,1,102,,6442,1,,,1
3200,'CCFWK',540,,6443,1,,,1,70,,6444,1,,,1,30,,6445,1,,,1,69,,6446,1,,,1,30,,6447,1,,,1,70,,6448,1,,,1,30,,6449,1,,,1,69,,6450,1,,,1,30,,6451,1,,,1,70,,6452,1,,,1,29,,6453,1,,,1,70,,6454,1,,,1,29,,6455,1,,,1,70,,6456,1,,,1,28,,6457,1,,,1,70,,6458,1,,,1,30,,6459,1,,,1,70,,6460,1,,,1,29,,6461,1,,,1,70,,6462,1,,,1,31,,6463,1,,,1,70,,6464,1,,,1,30,,6465,1,,,1,71,,6466,1,,,1,32,,6467,1,,,1,71,,6468,1,,,1,31,,6469,1,,,1,70,,6470,1,,,1,100,,6471,1,,,1,101,,6472,1,,,1
3200,'CCFFF',540,,6473,1,,,1,70,,6474,1,,,1,30,,6475,1,,,1,69,,6476,1,,,1,30,,6477,1,,,1,70,,6478,1,,,1,30,,6479,1,,,1,69,,6480,1,,,1,30,,6481,1,,,1,70,,6482,1,,,1,29,,6483,1,,,1,70,,6484,1,,,1,29,,6485,1,,,1,70,,6486,1,,,1,28,,6487,1,,,1,70,,6488,1,,,1,30,,6489,1,,,1,70,,6490,1,,,1,29,,6491,1,,,1,70,,6492,1,,,1,31,,6493,1,,,1,70,,6494,1,,,1,30,,6495,1,,,1,71,,6496,1,,,1,32,,6497,1,,,1,71,,6498,1,,,1,31,,6499,1,,,1,70,,6500,1,,,1,100,,6501,1,,,1,101,,6502,1,,,1
3200,'CCFSAT',748,,6519,1,,,1,79,,6520,1,,,1,79,,6521,1,,,1,40,,6503,1,,,1,79,,6504,1,,,1,79,,6505,1,,,1,39,,6506,1,,,1,80,,6507,1,,,1,80,,6508,1,,,1,40,,6509,1,,,1,80,,6510,1,,,1,80,,6511,1,,,1,40,,6512,1,,,1,81,,6513,1,,,1,80,,6514,1,,,1,41,,6515,1,,,1,81,,6516,1,,,1,81,,6517,1,,,1,40,,6518,1,,,1
3200,'CCFSUN',748,,6522,1,,,1,100,,6523,1,,,1,98,,6524,1,,,1,100,,6525,1,,,1,97,,6526,1,,,1,100,,6527,1,,,1,100,,6528,1,,,1,100,,6529,1,,,1,100,,6530,1,,,1,100,,6531,1,,,1,102,,6532,1,,,1,100,,6533,1,,,1,102,,6534,1,,,1
7101,'WKDY',541,,11191,19,,,1,65,,11192,19,,,1,29,,11193,19,,,1,70,,11194,19,,,1,15,,11195,19,,,1,15,,11196,19,,,1,15,,11197,19,,,1,56,,11198,19,,,1,15,,11199,19,,,1,15,,11200,19,,,1,15,,11201,19,,,1,56,,11202,19,,,1,15,,11203,19,,,1,16,,11204,19,,,1,15,,11205,19,,,1,55,,11206,19,,,1,15,,11207,19,,,1,15,,11208,19,,,1,15,,11209,19,,,1,55,,11210,19,,,1,15,,11211,19,,,1,15,,11212,19,,,1,19,,11213,19,,,1,48,,11214,19,,,1,15,,11215,19,,,1,15,,11216,19,,,1,16,,11217,19,,,1,55,,11218,19,,,1,15,,11219,19,,,1,15,,11220,19,,,1,16,,11221,19,,,1,55,,11222,19,,,1,16,,11223,19,,,1,16,,11224,19,,,1,15,,11225,19,,,1,56,,11226,19,,,1,15,,11227,19,,,1,16,,11228,19,,,1,15,,11229,19,,,1,55,,11230,19,,,1,15,,11231,19,,,1,15,,11232,19,,,1,15,,11233,19,,,1,55,,11234,19,,,1,16,,11235,19,,,1,14,,11236,19,,,1,14,,11237,19,,,1,55,,11238,19,,,1,28,,11239,19,,,1,68,,11240,19,,,1,30,,11241,19,,,1,70,,11242,19,,,1,30,,11243,19,,,1,69,,11244,19,,,1,29,,11245,19,,,1,70,,11246,19,,,1,30,,11247,19,,,1,100,,11248,19,,,1
7101,'SAT',638,,11249,19,,,1,20,,11296,19,,,1,60,,11297,19,,,1,20,,11250,19,,,1,20,,11251,19,,,1,61,,11252,19,,,1,20,,11253,19,,,1,20,,11254,19,,,1,60,,11255,19,,,1,20,,11256,19,,,1,20,,11257,19,,,1,60,,11258,19,,,1,20,,11259,19,,,1,20,,11260,19,,,1,60,,11261,19,,,1,20,,11262,19,,,1,61,,11263,19,,,1,22,,11264,19,,,1,21,,11265,19,,,1,61,,11266,19,,,1,20,,11267,19,,,1,21,,11268,19,,,1,60,,11269,19,,,1,21,,11270,19,,,1,20,,11271,19,,,1,60,,11272,19,,,1,20,,11273,19,,,1,20,,11274,19,,,1,60,,11275,19,,,1,19,,11276,19,,,1,20,,11277,19,,,1,60,,11278,19,,,1,19,,11279,19,,,1,20,,11280,19,,,1,60,,11281,19,,,1,19,,11282,19,,,1,20,,11283,19,,,1,60,,11284,19,,,1,20,,11285,19,,,1,20,,11286,19,,,1,60,,11287,19,,,1,20,,11288,19,,,1,20,,11289,19,,,1,58,,11290,19,,,1,20,,11291,19,,,1,20,,11292,19,,,1,70,,11293,19,,,1,30,,11294,19,,,1,70,,11295,19,,,1
7101,'SUN',638,,11298,19,,,1,70,,11331,19,,,1,30,,11299,19,,,1,71,,11300,19,,,1,30,,11301,19,,,1,70,,11302,19,,,1,30,,11303,19,,,1,70,,11304,19,,,1,30,,11305,19,,,1,70,,11306,19,,,1,30,,11307,19,,,1,74,,11308,19,,,1,30,,11309,19,,,1,71,,11310,19,,,1,31,,11311,19,,,1,70,,11312,19,,,1,31,,11313,19,,,1,70,,11314,19,,,1,30,,11315,19,,,1,70,,11316,19,,,1,29,,11317,19,,,1,70,,11318,19,,,1,29,,11319,19,,,1,69,,11320,19,,,1,30,,11321,19,,,1,70,,11322,19,,,1,30,,11323,19,,,1,70,,11324,19,,,1,30,,11325,19,,,1,70,,11326,19,,,1,30,,11327,19,,,1,58,,11328,19,,,1,30,,11329,19,,,1,70,,11330,19,,,1
7101,'CCFWK',541,,11332,19,,,1,65,,11333,19,,,1,29,,11334,19,,,1,70,,11335,19,,,1,15,,11336,19,,,1,15,,11337,19,,,1,15,,11338,19,,,1,56,,11339,19,,,1,15,,11340,19,,,1,15,,11341,19,,,1,15,,11342,19,,,1,56,,11343,19,,,1,15,,11344,19,,,1,16,,11345,19,,,1,15,,11346,19,,,1,55,,11347,19,,,1,15,,11348,19,,,1,15,,11349,19,,,1,15,,11350,19,,,1,55,,11351,19,,,1,15,,11352,19,,,1,15,,11353,19,,,1,19,,11354,19,,,1,48,,11355,19,,,1,15,,11356,19,,,1,15,,11357,19,,,1,16,,11358,19,,,1,55,,11359,19,,,1,15,,11360,19,,,1,15,,11361,19,,,1,16,,11362,19,,,1,55,,11363,19,,,1,16,,11364,19,,,1,16,,11365,19,,,1,15,,11366,19,,,1,56,,11367,19,,,1,15,,11368,19,,,1,16,,11369,19,,,1,15,,11370,19,,,1,55,,11371,19,,,1,15,,11372,19,,,1,15,,11373,19,,,1,15,,11374,19,,,1,55,,11375,19,,,1,16,,11376,19,,,1,14,,11377,19,,,1,14,,11378,19,,,1,55,,11379,19,,,1,28,,11380,19,,,1,68,,11381,19,,,1,30,,11382,19,,,1,70,,11383,19,,,1,30,,11384,19,,,1,69,,11385,19,,,1,29,,11386,19,,,1,70,,11387,19,,,1,30,,11388,19,,,1,100,,11389,19,,,1
7101,'CCFFF',541,,11390,19,,,1,65,,11391,19,,,1,29,,11392,19,,,1,70,,11393,19,,,1,15,,11394,19,,,1,15,,11395,19,,,1,15,,11396,19,,,1,56,,11397,19,,,1,15,,11398,19,,,1,15,,11399,19,,,1,15,,11400,19,,,1,56,,11401,19,,,1,15,,11402,19,,,1,16,,11403,19,,,1,15,,11404,19,,,1,55,,11405,19,,,1,15,,11406,19,,,1,15,,11407,19,,,1,15,,11408,19,,,1,55,,11409,19,,,1,15,,11410,19,,,1,15,,11411,19,,,1,19,,11412,19,,,1,48,,11413,19,,,1,15,,11414,19,,,1,15,,11415,19,,,1,16,,11416,19,,,1,55,,11417,19,,,1,15,,11418,19,,,1,15,,11419,19,,,1,16,,11420,19,,,1,55,,11421,19,,,1,16,,11422,19,,,1,16,,11423,19,,,1,15,,11424,19,,,1,56,,11425,19,,,1,15,,11426,19,,,1,16,,11427,19,,,1,15,,11428,19,,,1,55,,11429,19,,,1,15,,11430,19,,,1,15,,11431,19,,,1,15,,11432,19,,,1,55,,11433,19,,,1,16,,11434,19,,,1,14,,11435,19,,,1,14,,11436,19,,,1,55,,11437,19,,,1,28,,11438,19,,,1,68,,11439,19,,,1,30,,11440,19,,,1,70,,11441,19,,,1,30,,11442,19,,,1,69,,11443,19,,,1,29,,11444,19,,,1,70,,11445,19,,,1,30,,11446,19,,,1,100,,11447,19,,,1
7101,'CCFSAT',638,,11448,19,,,1,20,,11495,19,,,1,60,,11496,19,,,1,20,,11449,19,,,1,20,,11450,19,,,1,61,,11451,19,,,1,20,,11452,19,,,1,20,,11453,19,,,1,60,,11454,19,,,1,20,,11455,19,,,1,20,,11456,19,,,1,60,,11457,19,,,1,20,,11458,19,,,1,20,,11459,19,,,1,60,,11460,19,,,1,20,,11461,19,,,1,61,,11462,19,,,1,22,,11463,19,,,1,21,,11464,19,,,1,61,,11465,19,,,1,20,,11466,19,,,1,21,,11467,19,,,1,60,,11468,19,,,1,21,,11469,19,,,1,20,,11470,19,,,1,60,,11471,19,,,1,20,,11472,19,,,1,20,,11473,19,,,1,60,,11474,19,,,1,19,,11475,19,,,1,20,,11476,19,,,1,60,,11477,19,,,1,19,,11478,19,,,1,20,,11479,19,,,1,60,,11480,19,,,1,19,,11481,19,,,1,20,,11482,19,,,1,60,,11483,19,,,1,20,,11484,19,,,1,20,,11485,19,,,1,60,,11486,19,,,1,20,,11487,19,,,1,20,,11488,19,,,1,58,,11489,19,,,1,20,,11490,19,,,1,20,,11491,19,,,1,70,,11492,19,,,1,30,,11493,19,,,1,70,,11494,19,,,1
7101,'CCFSUN',638,,11497,19,,,1,70,,11530,19,,,1,30,,11498,19,,,1,71,,11499,19,,,1,30,,11500,19,,,1,70,,11501,19,,,1,30,,11502,19,,,1,70,,11503,19,,,1,30,,11504,19,,,1,70,,11505,19,,,1,30,,11506,19,,,1,74,,11507,19,,,1,30,,11508,19,,,1,71,,11509,19,,,1,31,,11510,19,,,1,70,,11511,19,,,1,31,,11512,19,,,1,70,,11513,19,,,1,30,,11514,19,,,1,70,,11515,19,,,1,29,,11516,19,,,1,70,,11517,19,,,1,29,,11518,19,,,1,69,,11519,19,,,1,30,,11520,19,,,1,70,,11521,19,,,1,30,,11522,19,,,1,70,,11523,19,,,1,30,,11524,19,,,1,70,,11525,19,,,1,30,,11526,19,,,1,58,,11527,19,,,1,30,,11528,19,,,1,70,,11529,19,,,1
