3000,'WKDY',615,,5724,18,,,1,31,,5725,18,,,1,70,,5726,18,,,1,30,,5727,18,,,1,71,,5728,18,,,1,30,,5729,18,,,1,70,,5730,18,,,1,30,,5731,18,,,1,70,,5732,18,,,1,30,,5733,18,,,1,70,,5734,18,,,1,30,,5735,18,,,1,70,,5736,18,,,1,30,,5737,18,,,1,70,,5738,18,,,1,31,,5739,18,,,1,71,,5740,18,,,1,30,,5741,18,,,1,70,,5742,18,,,1,30,,5743,18,,,1,70,,5744,18,,,1,30,,5745,18,,,1,69,,5746,18,,,1,30,,5747,18,,,1,69,,5748,18,,,1,29,,5749,18,,,1,69,,5750,18,,,1,30,,5751,18,,,1,69,,5752,18,,,1,100,,5753,18,,,1
3000,'SAT',743,,5756,18,,,1,72,,5757,18,,,1,30,,5758,18,,,1,70,,5759,18,,,1,30,,5760,18,,,1,70,,5761,18,,,1,30,,5762,18,,,1,71,,5763,18,,,1,30,,5764,18,,,1,71,,5765,18,,,1,30,,5766,18,,,1,70,,5767,18,,,1,30,,5768,18,,,1,70,,5769,18,,,1,30,,5770,18,,,1,70,,5771,18,,,1,30,,5772,18,,,1,70,,5773,18,,,1,30,,5774,18,,,1,70,,5775,18,,,1,99,,5776,18,,,1,98,,5777,18,,,1,100,,5778,18,,,1
3000,'SUN',815,,5781,18,,,1,100,,5782,18,,,1,100,,5783,18,,,1,101,,5784,18,,,1,101,,5785,18,,,1,100,,5786,18,,,1,100,,5787,18,,,1,100,,5788,18,,,1,100,,5789,18,,,1,100,,5790,18,,,1,99,,5791,18,,,1,98,,5792,18,,,1,100,,5793,18,,,1
3000,'CCFWK',615,,5796,18,,,1,31,,5797,18,,,1,70,,5798,18,,,1,30,,5799,18,,,1,71,,5800,18,,,1,30,,5801,18,,,1,70,,5802,18,,,1,30,,5803,18,,,1,70,,5804,18,,,1,30,,5805,18,,,1,70,,5806,18,,,1,30,,5807,18,,,1,70,,5808,18,,,1,30,,5809,18,,,1,70,,5810,18,,,1,31,,5811,18,,,1,71,,5812,18,,,1,30,,5813,18,,,1,70,,5814,18,,,1,30,,5815,18,,,1,70,,5816,18,,,1,30,,5817,18,,,1,69,,5818,18,,,1,30,,5819,18,,,1,69,,5820,18,,,1,29,,5821,18,,,1,69,,5822,18,,,1,30,,5823,18,,,1,69,,5824,18,,,1,100,,5825,18,,,1
3000,'CCFFF',615,,5828,18,,,1,31,,5829,18,,,1,70,,5830,18,,,1,30,,5831,18,,,1,71,,5832,18,,,1,30,,5833,18,,,1,70,,5834,18,,,1,30,,5835,18,,,1,70,,5836,18,,,1,30,,5837,18,,,1,70,,5838,18,,,1,30,,5839,18,,,1,70,,5840,18,,,1,30,,5841,18,,,1,70,,5842,18,,,1,31,,5843,18,,,1,71,,5844,18,,,1,30,,5845,18,,,1,70,,5846,18,,,1,30,,5847,18,,,1,70,,5848,18,,,1,30,,5849,18,,,1,69,,5850,18,,,1,30,,5851,18,,,1,69,,5852,18,,,1,29,,5853,18,,,1,69,,5854,18,,,1,30,,5855,18,,,1,69,,5856,18,,,1,100,,5857,18,,,1
3000,'CCFSAT',743,,5860,18,,,1,72,,5861,18,,,1,30,,5862,18,,,1,70,,5863,18,,,1,30,,5864,18,,,1,70,,5865,18,,,1,30,,5866,18,,,1,71,,5867,18,,,1,30,,5868,18,,,1,71,,5869,18,,,1,30,,5870,18,,,1,70,,5871,18,,,1,30,,5872,18,,,1,70,,5873,18,,,1,30,,5874,18,,,1,70,,5875,18,,,1,30,,5876,18,,,1,70,,5877,18,,,1,30,,5878,18,,,1,70,,5879,18,,,1,99,,5880,18,,,1,98,,5881,18,,,1,100,,5882,18,,,1
3000,'CCFSUN',815,,5885,18,,,1,100,,5886,18,,,1,100,,5887,18,,,1,101,,5888,18,,,1,101,,5889,18,,,1,100,,5890,18,,,1,100,,5891,18,,,1,100,,5892,18,,,1,100,,5893,18,,,1,100,,5894,18,,,1,99,,5895,18,,,1,98,,5896,18,,,1,100,,5897,18,,,1
8001,'WKDY',612,,12607,17,,,1,30,,12608,17,,,1,71,,12609,17,,,1,30,,12610,17,,,1,70,,12611,17,,,1,30,,12612,17,,,1,70,,12613,17,,,1,30,,12614,17,,,1,70,,12615,17,,,1,30,,12616,17,,,1,70,,12617,17,,,1,30,,12618,17,,,1,70,,12619,17,,,1,30,,12620,17,,,1,70,,12621,17,,,1,31,,12622,17,,,1,70,,12623,17,,,1,30,,12624,17,,,1,71,,12625,17,,,1,33,,12626,17,,,1,67,,12627,17,,,1,29,,12628,17,,,1,70,,12629,17,,,1,29,,12630,17,,,1,70,,12631,17,,,1,30,,12632,17,,,1,70,,12633,17,,,1,29,,12634,17,,,1,70,,12635,17,,,1,30,,12636,17,,,1,69,,12637,17,,,1
8001,'SAT',712,,12651,17,,,1,100,,12638,17,,,1,30,,12639,17,,,1,70,,12640,17,,,1,30,,12652,17,,,1,70,,12641,17,,,1,31,,12653,17,,,1,70,,12642,17,,,1,30,,12654,17,,,1,70,,12643,17,,,1,30,,12655,17,,,1,70,,12644,17,,,1,30,,12656,17,,,1,70,,12645,17,,,1,30,,12657,17,,,1,70,,12646,17,,,1,30,,12658,17,,,1,70,,12647,17,,,1,30,,12659,17,,,1,70,,12648,17,,,1,30,,12660,17,,,1,70,,12649,17,,,1,30,,12661,17,,,1,70,,12650,17,,,1,30,,12662,17,,,1,69,,12665,17,,,1,31,,12663,17,,,1,100,,12664,17,,,1
8001,'SUN',712,,12679,17,,,1,100,,12666,17,,,1,30,,12667,17,,,1,70,,12668,17,,,1,30,,12680,17,,,1,70,,12669,17,,,1,31,,12681,17,,,1,70,,12670,17,,,1,30,,12682,17,,,1,70,,12671,17,,,1,30,,12683,17,,,1,70,,12672,17,,,1,30,,12684,17,,,1,70,,12673,17,,,1,30,,12685,17,,,1,70,,12674,17,,,1,30,,12686,17,,,1,70,,12675,17,,,1,30,,12687,17,,,1,70,,12676,17,,,1,30,,12688,17,,,1,70,,12677,17,,,1,30,,12689,17,,,1,70,,12678,17,,,1,30,,12690,17,,,1,69,,12693,17,,,1,31,,12691,17,,,1,99,,12692,17,,,1
8001,'CCFWK',612,,12694,17,,,1,30,,12695,17,,,1,71,,12696,17,,,1,30,,12697,17,,,1,70,,12698,17,,,1,30,,12699,17,,,1,70,,12700,17,,,1,30,,12701,17,,,1,70,,12702,17,,,1,30,,12703,17,,,1,70,,12704,17,,,1,30,,12705,17,,,1,70,,12706,17,,,1,30,,12707,17,,,1,70,,12708,17,,,1,31,,12709,17,,,1,70,,12710,17,,,1,30,,12711,17,,,1,71,,12712,17,,,1,33,,12713,17,,,1,67,,12714,17,,,1,29,,12715,17,,,1,70,,12716,17,,,1,29,,12717,17,,,1,70,,12718,17,,,1,30,,12719,17,,,1,70,,12720,17,,,1,29,,12721,17,,,1,70,,12722,17,,,1,30,,12723,17,,,1,69,,12724,17,,,1
8001,'CCFFF',612,,12725,17,,,1,30,,12726,17,,,1,71,,12727,17,,,1,30,,12728,17,,,1,70,,12729,17,,,1,30,,12730,17,,,1,70,,12731,17,,,1,30,,12732,17,,,1,70,,12733,17,,,1,30,,12734,17,,,1,70,,12735,17,,,1,30,,12736,17,,,1,70,,12737,17,,,1,30,,12738,17,,,1,70,,12739,17,,,1,31,,12740,17,,,1,70,,12741,17,,,1,30,,12742,17,,,1,71,,12743,17,,,1,33,,12744,17,,,1,67,,12745,17,,,1,29,,12746,17,,,1,70,,12747,17,,,1,29,,12748,17,,,1,70,,12749,17,,,1,30,,12750,17,,,1,70,,12751,17,,,1,29,,12752,17,,,1,70,,12753,17,,,1,30,,12754,17,,,1,69,,12755,17,,,1
8001,'CCFSAT',712,,12769,17,,,1,100,,12756,17,,,1,30,,12757,17,,,1,70,,12758,17,,,1,30,,12770,17,,,1,70,,12759,17,,,1,31,,12771,17,,,1,70,,12760,17,,,1,30,,12772,17,,,1,70,,12761,17,,,1,30,,12773,17,,,1,70,,12762,17,,,1,30,,12774,17,,,1,70,,12763,17,,,1,30,,12775,17,,,1,70,,12764,17,,,1,30,,12776,17,,,1,70,,12765,17,,,1,30,,12777,17,,,1,70,,12766,17,,,1,30,,12778,17,,,1,70,,12767,17,,,1,30,,12779,17,,,1,70,,12768,17,,,1,30,,12780,17,,,1,69,,12783,17,,,1,31,,12781,17,,,1,100,,12782,17,,,1
8001,'CCFSUN',712,,12797,17,,,1,100,,12784,17,,,1,30,,12785,17,,,1,70,,12786,17,,,1,30,,12798,17,,,1,70,,12787,17,,,1,31,,12799,17,,,1,70,,12788,17,,,1,30,,12800,17,,,1,70,,12789,17,,,1,30,,12801,17,,,1,70,,12790,17,,,1,30,,12802,17,,,1,70,,12791,17,,,1,30,,12803,17,,,1,70,,12792,17,,,1,30,,12804,17,,,1,70,,12793,17,,,1,30,,12805,17,,,1,70,,12794,17,,,1,30,,12806,17,,,1,70,,12795,17,,,1,30,,12807,17,,,1,70,,12796,17,,,1,30,,12808,17,,,1,70,,12811,17,,,1,30,,12809,17,,,1,99,,12810,17,,,1
