4101,'WKDY',654,,7188,9,0,18 13,1,70,,7192,9,0,18 13,1,81,,7189,9,0,10 11 12,1,948,,7190,9,0,10 11 12,1,68,,7191,9,0,10 11 12,1
4101,'CCFWK',654,,7193,9,0,18 13,1,70,,7197,9,0,18 13,1,81,,7194,9,0,10 11 12,1,948,,7195,9,0,10 11 12,1,68,,7196,9,0,10 11 12,1
4101,'CCFFF',654,,7198,9,0,18 13,1,70,,7202,9,0,18 13,1,81,,7199,9,0,10 11 12,1,948,,7200,9,0,10 11 12,1,68,,7201,9,0,10 11 12,1
9201,'WKDY',555,,12965,9,,,1,70,,12966,9,,,1,30,,12967,9,,,1,70,,12968,9,,,1,31,,12969,9,,,1,71,,12970,9,,,1,30,,12971,9,,,1,70,,12972,9,,,1,30,,12973,9,,,1,70,,12974,9,,,1,30,,12975,9,,,1,70,,12976,9,,,1,30,,12977,9,,,1,70,,12978,9,,,1,31,,12979,9,,,1,71,,12980,9,,,1,30,,12981,9,,,1,70,,12982,9,,,1,30,,12983,9,,,1,71,,12984,9,,,1,70,,12985,9,,,1,30,,12986,9,,,1,29,,12987,9,,,1,69,,12988,9,,,1,30,,12989,9,,,1,70,,12990,9,,,1,30,,12991,9,,,1,70,,12992,9,,,1,27,,12993,9,,,1,100,,12994,9,,,1,100,,12995,9,,,1
9201,'SAT',741,,12996,9,,,1,100,,12997,9,,,1,100,,12998,9,,,1,101,,12999,9,,,1,101,,13000,9,,,1,100,,13001,9,,,1,100,,13002,9,,,1,99,,13003,9,,,1,100,,13004,9,,,1,100,,13005,9,,,1,100,,13006,9,,,1,98,,13007,9,,,1,100,,13008,9,,,1,100,,13009,9,,,1,100,,13010,9,,,1
9201,'SUN',741,,13011,9,,,1,100,,13012,9,,,1,100,,13013,9,,,1,101,,13014,9,,,1,101,,13015,9,,,1,100,,13016,9,,,1,100,,13017,9,,,1,99,,13018,9,,,1,100,,13019,9,,,1,100,,13020,9,,,1,100,,13021,9,,,1,98,,13022,9,,,1,100,,13023,9,,,1,100,,13024,9,,,1,100,,13025,9,,,1
9201,'CCFWK',555,,13026,9,,,1,70,,13027,9,,,1,30,,13028,9,,,1,70,,13029,9,,,1,31,,13030,9,,,1,71,,13031,9,,,1,30,,13032,9,,,1,70,,13033,9,,,1,30,,13034,9,,,1,70,,13035,9,,,1,30,,13036,9,,,1,70,,13037,9,,,1,30,,13038,9,,,1,70,,13039,9,,,1,31,,13040,9,,,1,71,,13041,9,,,1,30,,13042,9,,,1,70,,13043,9,,,1,30,,13044,9,,,1,71,,13045,9,,,1,70,,13046,9,,,1,30,,13047,9,,,1,29,,13048,9,,,1,69,,13049,9,,,1,30,,13050,9,,,1,70,,13051,9,,,1,30,,13052,9,,,1,70,,13053,9,,,1,27,,13054,9,,,1,100,,13055,9,,,1,100,,13056,9,,,1
9201,'CCFFF',555,,13057,9,,,1,70,,13058,9,,,1,30,,13059,9,,,1,70,,13060,9,,,1,31,,13061,9,,,1,71,,13062,9,,,1,30,,13063,9,,,1,70,,13064,9,,,1,30,,13065,9,,,1,70,,13066,9,,,1,30,,13067,9,,,1,70,,13068,9,,,1,30,,13069,9,,,1,70,,13070,9,,,1,31,,13071,9,,,1,71,,13072,9,,,1,30,,13073,9,,,1,70,,13074,9,,,1,30,,13075,9,,,1,71,,13076,9,,,1,70,,13077,9,,,1,30,,13078,9,,,1,29,,13079,9,,,1,69,,13080,9,,,1,30,,13081,9,,,1,70,,13082,9,,,1,30,,13083,9,,,1,70,,13084,9,,,1,27,,13085,9,,,1,100,,13086,9,,,1,100,,13087,9,,,1
9201,'CCFSAT',741,,13088,9,,,1,100,,13089,9,,,1,100,,13090,9,,,1,101,,13091,9,,,1,101,,13092,9,,,1,100,,13093,9,,,1,100,,13094,9,,,1,99,,13095,9,,,1,100,,13096,9,,,1,100,,13097,9,,,1,100,,13098,9,,,1,98,,13099,9,,,1,100,,13100,9,,,1,100,,13101,9,,,1,100,,13102,9,,,1
9201,'CCFSUN',741,,13103,9,,,1,100,,13104,9,,,1,100,,13105,9,,,1,101,,13106,9,,,1,101,,13107,9,,,1,100,,13108,9,,,1,100,,13109,9,,,1,99,,13110,9,,,1,100,,13111,9,,,1,100,,13112,9,,,1,100,,13113,9,,,1,98,,13114,9,,,1,100,,13115,9,,,1,100,,13116,9,,,1,100,,13117,9,,,1
