3000,'WKDY',619,,5724,23,,,1,31,,5725,23,,,1,70,,5726,23,,,1,30,,5727,23,,,1,71,,5728,23,,,1,30,,5729,23,,,1,69,,5730,23,,,1,30,,5731,23,,,1,70,,5732,23,,,1,30,,5733,23,,,1,70,,5734,23,,,1,30,,5735,23,,,1,70,,5736,23,,,1,30,,5737,23,,,1,70,,5738,23,,,1,31,,5739,23,,,1,71,,5740,23,,,1,30,,5741,23,,,1,71,,5742,23,,,1,30,,5743,23,,,1,70,,5744,23,,,1,30,,5745,23,,,1,68,,5746,23,,,1,30,,5747,23,,,1,69,,5748,23,,,1,29,,5749,23,,,1,69,,5750,23,,,1,30,,5751,23,,,1,69,,5752,23,,,1,100,,5753,23,,,1
3000,'SAT',746,,5756,23,,,1,72,,5757,23,,,1,30,,5758,23,,,1,70,,5759,23,,,1,30,,5760,23,,,1,70,,5761,23,,,1,30,,5762,23,,,1,71,,5763,23,,,1,30,,5764,23,,,1,71,,5765,23,,,1,30,,5766,23,,,1,70,,5767,23,,,1,30,,5768,23,,,1,70,,5769,23,,,1,30,,5770,23,,,1,70,,5771,23,,,1,30,,5772,23,,,1,70,,5773,23,,,1,30,,5774,23,,,1,70,,5775,23,,,1,99,,5776,23,,,1,98,,5777,23,,,1,100,,5778,23,,,1
3000,'SUN',818,,5781,23,,,1,100,,5782,23,,,1,100,,5783,23,,,1,101,,5784,23,,,1,101,,5785,23,,,1,100,,5786,23,,,1,100,,5787,23,,,1,100,,5788,23,,,1,100,,5789,23,,,1,100,,5790,23,,,1,99,,5791,23,,,1,98,,5792,23,,,1,100,,5793,23,,,1
3000,'CCFWK',619,,5796,23,,,1,31,,5797,23,,,1,70,,5798,23,,,1,30,,5799,23,,,1,71,,5800,23,,,1,30,,5801,23,,,1,69,,5802,23,,,1,30,,5803,23,,,1,70,,5804,23,,,1,30,,5805,23,,,1,70,,5806,23,,,1,30,,5807,23,,,1,70,,5808,23,,,1,30,,5809,23,,,1,70,,5810,23,,,1,31,,5811,23,,,1,71,,5812,23,,,1,30,,5813,23,,,1,71,,5814,23,,,1,30,,5815,23,,,1,70,,5816,23,,,1,30,,5817,23,,,1,68,,5818,23,,,1,30,,5819,23,,,1,69,,5820,23,,,1,29,,5821,23,,,1,69,,5822,23,,,1,30,,5823,23,,,1,69,,5824,23,,,1,100,,5825,23,,,1
3000,'CCFFF',619,,5828,23,,,1,31,,5829,23,,,1,70,,5830,23,,,1,30,,5831,23,,,1,71,,5832,23,,,1,30,,5833,23,,,1,69,,5834,23,,,1,30,,5835,23,,,1,70,,5836,23,,,1,30,,5837,23,,,1,70,,5838,23,,,1,30,,5839,23,,,1,70,,5840,23,,,1,30,,5841,23,,,1,70,,5842,23,,,1,31,,5843,23,,,1,71,,5844,23,,,1,30,,5845,23,,,1,71,,5846,23,,,1,30,,5847,23,,,1,70,,5848,23,,,1,30,,5849,23,,,1,68,,5850,23,,,1,30,,5851,23,,,1,69,,5852,23,,,1,29,,5853,23,,,1,69,,5854,23,,,1,30,,5855,23,,,1,69,,5856,23,,,1,100,,5857,23,,,1
3000,'CCFSAT',746,,5860,23,,,1,72,,5861,23,,,1,30,,5862,23,,,1,70,,5863,23,,,1,30,,5864,23,,,1,70,,5865,23,,,1,30,,5866,23,,,1,71,,5867,23,,,1,30,,5868,23,,,1,71,,5869,23,,,1,30,,5870,23,,,1,70,,5871,23,,,1,30,,5872,23,,,1,70,,5873,23,,,1,30,,5874,23,,,1,70,,5875,23,,,1,30,,5876,23,,,1,70,,5877,23,,,1,30,,5878,23,,,1,70,,5879,23,,,1,99,,5880,23,,,1,98,,5881,23,,,1,100,,5882,23,,,1
3000,'CCFSUN',818,,5885,23,,,1,100,,5886,23,,,1,100,,5887,23,,,1,101,,5888,23,,,1,101,,5889,23,,,1,100,,5890,23,,,1,100,,5891,23,,,1,100,,5892,23,,,1,100,,5893,23,,,1,100,,5894,23,,,1,99,,5895,23,,,1,98,,5896,23,,,1,100,,5897,23,,,1
8001,'WKDY',615,,12607,22,,,1,30,,12608,22,,,1,71,,12609,22,,,1,31,,12610,22,,,1,70,,12611,22,,,1,30,,12612,22,,,1,69,,12613,22,,,1,30,,12614,22,,,1,70,,12615,22,,,1,31,,12616,22,,,1,70,,12617,22,,,1,30,,12618,22,,,1,70,,12619,22,,,1,30,,12620,22,,,1,70,,12621,22,,,1,31,,12622,22,,,1,70,,12623,22,,,1,30,,12624,22,,,1,71,,12625,22,,,1,33,,12626,22,,,1,67,,12627,22,,,1,29,,12628,22,,,1,69,,12629,22,,,1,30,,12630,22,,,1,69,,12631,22,,,1,30,,12632,22,,,1,70,,12633,22,,,1,29,,12634,22,,,1,70,,12635,22,,,1,30,,12636,22,,,1,69,,12637,22,,,1
8001,'SAT',715,,12651,22,,,1,100,,12638,22,,,1,30,,12639,22,,,1,70,,12640,22,,,1,30,,12652,22,,,1,70,,12641,22,,,1,31,,12653,22,,,1,70,,12642,22,,,1,30,,12654,22,,,1,70,,12643,22,,,1,30,,12655,22,,,1,70,,12644,22,,,1,30,,12656,22,,,1,70,,12645,22,,,1,30,,12657,22,,,1,70,,12646,22,,,1,30,,12658,22,,,1,70,,12647,22,,,1,30,,12659,22,,,1,70,,12648,22,,,1,30,,12660,22,,,1,70,,12649,22,,,1,30,,12661,22,,,1,70,,12650,22,,,1,30,,12662,22,,,1,69,,12665,22,,,1,31,,12663,22,,,1,100,,12664,22,,,1
8001,'SUN',715,,12679,22,,,1,100,,12666,22,,,1,30,,12667,22,,,1,70,,12668,22,,,1,30,,12680,22,,,1,70,,12669,22,,,1,31,,12681,22,,,1,70,,12670,22,,,1,30,,12682,22,,,1,70,,12671,22,,,1,30,,12683,22,,,1,70,,12672,22,,,1,30,,12684,22,,,1,70,,12673,22,,,1,30,,12685,22,,,1,70,,12674,22,,,1,30,,12686,22,,,1,70,,12675,22,,,1,30,,12687,22,,,1,70,,12676,22,,,1,30,,12688,22,,,1,70,,12677,22,,,1,30,,12689,22,,,1,70,,12678,22,,,1,30,,12690,22,,,1,69,,12693,22,,,1,31,,12691,22,,,1,99,,12692,22,,,1
8001,'CCFWK',615,,12694,22,,,1,30,,12695,22,,,1,71,,12696,22,,,1,31,,12697,22,,,1,70,,12698,22,,,1,30,,12699,22,,,1,69,,12700,22,,,1,30,,12701,22,,,1,70,,12702,22,,,1,31,,12703,22,,,1,70,,12704,22,,,1,30,,12705,22,,,1,70,,12706,22,,,1,30,,12707,22,,,1,70,,12708,22,,,1,31,,12709,22,,,1,70,,12710,22,,,1,30,,12711,22,,,1,71,,12712,22,,,1,33,,12713,22,,,1,67,,12714,22,,,1,29,,12715,22,,,1,69,,12716,22,,,1,30,,12717,22,,,1,69,,12718,22,,,1,30,,12719,22,,,1,70,,12720,22,,,1,29,,12721,22,,,1,70,,12722,22,,,1,30,,12723,22,,,1,69,,12724,22,,,1
8001,'CCFFF',615,,12725,22,,,1,30,,12726,22,,,1,71,,12727,22,,,1,31,,12728,22,,,1,70,,12729,22,,,1,30,,12730,22,,,1,69,,12731,22,,,1,30,,12732,22,,,1,70,,12733,22,,,1,31,,12734,22,,,1,70,,12735,22,,,1,30,,12736,22,,,1,70,,12737,22,,,1,30,,12738,22,,,1,70,,12739,22,,,1,31,,12740,22,,,1,70,,12741,22,,,1,30,,12742,22,,,1,71,,12743,22,,,1,33,,12744,22,,,1,67,,12745,22,,,1,29,,12746,22,,,1,69,,12747,22,,,1,30,,12748,22,,,1,69,,12749,22,,,1,30,,12750,22,,,1,70,,12751,22,,,1,29,,12752,22,,,1,70,,12753,22,,,1,30,,12754,22,,,1,69,,12755,22,,,1
8001,'CCFSAT',715,,12769,22,,,1,100,,12756,22,,,1,30,,12757,22,,,1,70,,12758,22,,,1,30,,12770,22,,,1,70,,12759,22,,,1,31,,12771,22,,,1,70,,12760,22,,,1,30,,12772,22,,,1,70,,12761,22,,,1,30,,12773,22,,,1,70,,12762,22,,,1,30,,12774,22,,,1,70,,12763,22,,,1,30,,12775,22,,,1,70,,12764,22,,,1,30,,12776,22,,,1,70,,12765,22,,,1,30,,12777,22,,,1,70,,12766,22,,,1,30,,12778,22,,,1,70,,12767,22,,,1,30,,12779,22,,,1,70,,12768,22,,,1,30,,12780,22,,,1,69,,12783,22,,,1,31,,12781,22,,,1,100,,12782,22,,,1
8001,'CCFSUN',715,,12797,22,,,1,100,,12784,22,,,1,30,,12785,22,,,1,70,,12786,22,,,1,30,,12798,22,,,1,70,,12787,22,,,1,31,,12799,22,,,1,70,,12788,22,,,1,30,,12800,22,,,1,70,,12789,22,,,1,30,,12801,22,,,1,70,,12790,22,,,1,30,,12802,22,,,1,70,,12791,22,,,1,30,,12803,22,,,1,70,,12792,22,,,1,30,,12804,22,,,1,70,,12793,22,,,1,30,,12805,22,,,1,70,,12794,22,,,1,30,,12806,22,,,1,70,,12795,22,,,1,30,,12807,22,,,1,70,,12796,22,,,1,30,,12808,22,,,1,70,,12811,22,,,1,30,,12809,22,,,1,99,,12810,22,,,1
