200,'WKDY',647,,1,39,4,,1,100,,2,39,4,,1,100,,3,39,4,,1,92,,4,39,4,,1,107,,5,39,4,,1,100,,6,39,4,,1,100,,7,39,4,,1,100,,8,39,4,,1,102,,9,39,4,,1,100,,10,39,4,,1,99,,11,39,4,,1,101,,12,39,4,,1,96,,13,39,4,,1
201,'WKDY',647,,14,1,,,1,100,,15,1,,,1,100,,16,1,,,1,92,,17,1,,,1,107,,18,1,,,1,100,,19,1,,,1,100,,20,1,,,1,100,,21,1,,,1,102,,22,1,,,1,100,,23,1,,,1,99,,24,1,,,1,101,,25,1,,,1,96,,26,1,,,1
3000,'WKDY',552,,722,1,,,1,70,,723,1,,,1,23,,724,1,,,1,76,,725,1,,,1,30,,726,1,,,1,70,,727,1,,,1,30,,728,1,,,1,70,,729,1,,,1,29,,730,1,,,1,69,,731,1,,,1,30,,732,1,,,1,70,,733,1,,,1,30,,734,1,,,1,70,,735,1,,,1,31,,736,1,,,1,70,,737,1,,,1,29,,738,1,,,1,72,,739,1,,,1,32,,740,1,,,1,70,,741,1,,,1,31,,742,1,,,1,69,,743,1,,,1,30,,744,1,,,1,70,,745,1,,,1,27,,746,1,,,1,70,,747,1,,,1,27,,748,1,,,1,68,,749,1,,,1,29,,750,1,,,1,70,,751,1,,,1,29,,752,1,,,1,98,,753,1,,,1
3000,'SAT',639,,754,1,,,1,100,,755,1,,,1,73,,756,1,,,1,32,,757,1,,,1,70,,758,1,,,1,30,,759,1,,,1,70,,760,1,,,1,31,,761,1,,,1,70,,762,1,,,1,31,,763,1,,,1,70,,764,1,,,1,31,,765,1,,,1,70,,766,1,,,1,30,,767,1,,,1,70,,768,1,,,1,30,,769,1,,,1,70,,770,1,,,1,30,,771,1,,,1,70,,772,1,,,1,30,,773,1,,,1,70,,774,1,,,1,29,,775,1,,,1,99,,776,1,,,1,98,,777,1,,,1,100,,778,1,,,1
3000,'SUN',639,,779,1,,,1,100,,780,1,,,1,105,,781,1,,,1,100,,782,1,,,1,101,,783,1,,,1,101,,784,1,,,1,101,,785,1,,,1,100,,786,1,,,1,100,,787,1,,,1,100,,788,1,,,1,100,,789,1,,,1,99,,790,1,,,1,99,,791,1,,,1,98,,792,1,,,1,100,,793,1,,,1
3001,'WKDY',552,,794,20,4,,1,70,,795,20,4,,1,23,,796,54,4,,1,76,,797,54,4,,1,30,,798,54,4,,1,70,,799,54,4,,1,30,,800,54,4,,1,70,,801,54,4,,1,29,,802,54,4,,1,69,,803,54,4,,1,30,,804,54,4,,1,70,,805,54,4,,1,30,,806,54,4,,1,70,,807,54,4,,1,31,,808,54,4,,1,70,,809,54,4,,1,29,,810,54,4,,1,72,,811,54,4,,1,32,,812,54,4,,1,70,,813,54,4,,1,31,,814,54,4,,1,69,,815,54,4,,1,30,,816,54,4,,1,70,,817,54,4,,1,27,,818,54,4,,1,70,,819,54,4,,1,27,,820,54,4,,1,68,,821,54,4,,1,29,,822,54,4,,1,70,,823,54,4,,1,29,,824,54,4,,1,98,,825,54,4,,1
3001,'SAT',639,,826,20,4,,1,100,,827,20,4,,1,73,,828,54,4,,1,32,,829,54,4,,1,70,,830,54,4,,1,30,,831,54,4,,1,70,,832,54,4,,1,31,,833,54,4,,1,70,,834,54,4,,1,31,,835,54,4,,1,70,,836,54,4,,1,31,,837,54,4,,1,70,,838,54,4,,1,30,,839,54,4,,1,70,,840,54,4,,1,30,,841,54,4,,1,70,,842,54,4,,1,30,,843,54,4,,1,70,,844,54,4,,1,30,,845,54,4,,1,70,,846,54,4,,1,29,,847,54,4,,1,99,,848,54,4,,1,98,,849,54,4,,1,100,,850,54,4,,1
3001,'SUN',639,,851,20,4,,1,100,,852,20,4,,1,105,,853,54,4,,1,100,,854,54,4,,1,101,,855,54,4,,1,101,,856,54,4,,1,101,,857,54,4,,1,100,,858,54,4,,1,100,,859,54,4,,1,100,,860,54,4,,1,100,,861,54,4,,1,99,,862,54,4,,1,99,,863,54,4,,1,98,,864,54,4,,1,100,,865,54,4,,1
6000,'WKDY',2156,,2259,2,,,1,279,,2258,2,,,1
6000,'SAT',2151,,2316,2,,,1,258,,2322,2,,,1
6000,'SUN',2151,,2379,2,,,1,258,,2385,2,,,1
6001,'WKDY',453,,2386,2,0,5 6,1,68,,2387,2,0,5 6,1,30,,2388,2,0,5 6,1,52,,2389,2,0,5 6,1,13,,2390,2,0,5 6,1,16,,2391,2,0,5 6,1,15,,2392,2,0,5 6,1,55,,2393,2,0,5 6,1,15,,2394,2,0,5 6,1,15,,2395,2,0,5 6,1,15,,2396,2,0,5 6,1,55,,2397,2,0,5 6,1,15,,2398,2,0,5 6,1,15,,2399,2,0,5 6,1,15,,2400,2,0,5 6,1,55,,2401,2,0,5 6,1,15,,2402,2,0,5 6,1,15,,2403,2,0,5 6,1,16,,2404,2,0,5 6,1,56,,2405,2,0,5 6,1,15,,2406,2,0,5 6,1,15,,2407,2,0,5 6,1,15,,2408,2,0,5 6,1,55,,2409,2,0,5 6,1,15,,2410,2,0,5 6,1,15,,2411,2,0,5 6,1,15,,2412,2,,,1,55,,2413,2,,,1,9,,2414,2,,,1,15,,2415,2,,,1,15,,2416,2,,,1,16,,2417,2,,,1,55,,2418,2,,,1,15,,2419,2,,,1,16,,2420,2,,,1,56,,2421,2,,,1,15,,2422,2,,,1,15,,2423,2,,,1,16,,2424,2,,,1,55,,2425,2,,,1,13,,2426,2,,,1,15,,2427,2,,,1,16,,2428,2,,,1,55,,2429,2,,,1,15,,2430,2,,,1,15,,2431,2,,,1,15,,2432,2,,,1,55,,2433,2,,,1,15,,2434,2,,,1,15,,2435,2,,,1,14,,2436,2,,,1,57,,2437,2,,,1,15,,2438,2,,,1,13,,2439,2,,,1,14,,2440,2,,,1,14,,2441,2,,,1,54,,2442,2,,,1,15,,2443,2,,,1,15,,2444,2,,,1,15,,2445,2,,,1,55,,2446,2,,,1,15,,2447,2,,,1,15,,2448,2,,,1,15,,2449,2,,,1,55,,2450,2,,,1,15,,2451,2,,,1,15,,2452,2,,,1,65,,2453,2,,,1,30,,2454,2,,,1,70,,2455,2,,,1,30,,2456,2,,,1,69,,2457,2,,,1
6001,'SAT',617,,2458,2,0,5 6,1,30,,2459,2,0,5 6,1,70,,2460,2,0,5 6,1,30,,2461,2,0,5 6,1,71,,2462,2,0,5 6,1,30,,2463,2,0,5 6,1,70,,2464,2,0,5 6,1,15,,2465,2,0,5 6,1,15,,2466,2,0,5 6,1,55,,2467,2,0,5 6,1,15,,2468,2,0,5 6,1,16,,2469,2,0,5 6,1,15,,2470,2,0,5 6,1,55,,2471,2,0,5 6,1,15,,2472,2,0,5 6,1,15,,2473,2,0,5 6,1,15,,2474,2,,,1,55,,2475,2,,,1,8,,2476,2,,,1,12,,2477,2,,,1,15,,2478,2,,,1,15,,2479,2,,,1,55,,2480,2,,,1,15,,2481,2,,,1,15,,2482,2,,,1,16,,2483,2,,,1,55,,2484,2,,,1,15,,2485,2,,,1,15,,2486,2,,,1,16,,2487,2,,,1,55,,2488,2,,,1,15,,2489,2,,,1,15,,2490,2,,,1,15,,2491,2,,,1,55,,2492,2,,,1,15,,2493,2,,,1,14,,2494,2,,,1,15,,2495,2,,,1,55,,2496,2,,,1,15,,2497,2,,,1,14,,2498,2,,,1,15,,2499,2,,,1,54,,2500,2,,,1,14,,2501,2,,,1,15,,2502,2,,,1,15,,2503,2,,,1,55,,2504,2,,,1,15,,2505,2,,,1,15,,2506,2,,,1,15,,2507,2,,,1,55,,2508,2,,,1,15,,2509,2,,,1,15,,2510,2,,,1,15,,2511,2,,,1,55,,2512,2,,,1,15,,2513,2,,,1,15,,2514,2,,,1,73,,2515,2,,,1,30,,2516,2,,,1,70,,2517,2,,,1,30,,2518,2,,,1
6001,'SUN',617,,2519,2,0,5 6,1,30,,2520,2,0,5 6,1,70,,2521,2,0,5 6,1,30,,2522,2,0,5 6,1,71,,2523,2,0,5 6,1,30,,2524,2,0,5 6,1,70,,2525,2,0,5 6,1,15,,2526,2,0,5 6,1,15,,2527,2,0,5 6,1,55,,2528,2,0,5 6,1,15,,2529,2,0,5 6,1,16,,2530,2,0,5 6,1,15,,2531,2,0,5 6,1,55,,2532,2,0,5 6,1,15,,2533,2,0,5 6,1,15,,2534,2,0,5 6,1,15,,2535,2,,,1,55,,2536,2,,,1,8,,2537,2,,,1,12,,2538,2,,,1,15,,2539,2,,,1,15,,2540,2,,,1,55,,2541,2,,,1,15,,2542,2,,,1,15,,2543,2,,,1,16,,2544,2,,,1,55,,2545,2,,,1,15,,2546,2,,,1,15,,2547,2,,,1,16,,2548,2,,,1,55,,2549,2,,,1,15,,2550,2,,,1,15,,2551,2,,,1,15,,2552,2,,,1,55,,2553,2,,,1,15,,2554,2,,,1,14,,2555,2,,,1,15,,2556,2,,,1,55,,2557,2,,,1,15,,2558,2,,,1,14,,2559,2,,,1,15,,2560,2,,,1,54,,2561,2,,,1,14,,2562,2,,,1,15,,2563,2,,,1,15,,2564,2,,,1,55,,2565,2,,,1,15,,2566,2,,,1,15,,2567,2,,,1,15,,2568,2,,,1,55,,2569,2,,,1,15,,2570,2,,,1,15,,2571,2,,,1,15,,2572,2,,,1,55,,2573,2,,,1,15,,2574,2,,,1,15,,2575,2,,,1,73,,2576,2,,,1,30,,2577,2,,,1,70,,2578,2,,,1,30,,2579,2,,,1
7101,'WKDY',551,,2989,4,,,1,66,,2990,4,,,1,30,,2991,4,,,1,70,,2992,4,,,1,15,,2993,4,,,1,15,,2994,4,,,1,55,,2995,4,,,1,16,,2996,4,,,1,15,,2997,4,,,1,15,,2998,4,,,1,55,,2999,4,,,1,16,,3000,4,,,1,15,,3001,4,,,1,16,,3002,4,,,1,55,,3003,4,,,1,15,,3004,4,,,1,16,,3005,4,,,1,15,,3006,4,,,1,55,,3007,4,,,1,15,,3008,4,,,1,16,,3009,4,,,1,15,,3010,4,,,1,59,,3011,4,,,1,8,,3012,4,,,1,15,,3013,4,,,1,15,,3014,4,,,1,56,,3015,4,,,1,15,,3016,4,,,1,15,,3017,4,,,1,15,,3018,4,,,1,56,,3019,4,,,1,15,,3020,4,,,1,16,,3021,4,,,1,15,,3022,4,,,1,55,,3023,4,,,1,16,,3024,4,,,1,15,,3025,4,,,1,16,,3026,4,,,1,55,,3027,4,,,1,15,,3028,4,,,1,15,,3029,4,,,1,15,,3030,4,,,1,55,,3031,4,,,1,15,,3032,4,,,1,15,,3033,4,,,1,14,,3034,4,,,1,54,,3035,4,,,1,15,,3036,4,,,1,28,,3037,4,,,1,68,,3038,4,,,1,30,,3039,4,,,1,70,,3040,4,,,1,29,,3041,4,,,1,69,,3042,4,,,1,29,,3043,4,,,1,69,,3044,4,,,1,30,,3045,4,,,1,100,,3046,4,,,1
7101,'SAT',648,,3047,4,,,1,60,,3048,4,,,1,21,,3049,4,,,1,20,,3050,4,,,1,60,,3051,4,,,1,21,,3052,4,,,1,20,,3053,4,,,1,60,,3054,4,,,1,21,,3055,4,,,1,20,,3056,4,,,1,60,,3057,4,,,1,21,,3058,4,,,1,20,,3059,4,,,1,61,,3060,4,,,1,20,,3061,4,,,1,20,,3062,4,,,1,61,,3063,4,,,1,22,,3064,4,,,1,21,,3065,4,,,1,60,,3066,4,,,1,20,,3067,4,,,1,21,,3068,4,,,1,60,,3069,4,,,1,21,,3070,4,,,1,20,,3071,4,,,1,60,,3072,4,,,1,20,,3073,4,,,1,20,,3074,4,,,1,60,,3075,4,,,1,19,,3076,4,,,1,20,,3077,4,,,1,60,,3078,4,,,1,19,,3079,4,,,1,20,,3080,4,,,1,60,,3081,4,,,1,19,,3082,4,,,1,20,,3083,4,,,1,59,,3084,4,,,1,20,,3085,4,,,1,20,,3086,4,,,1,59,,3087,4,,,1,20,,3088,4,,,1,20,,3089,4,,,1,58,,3090,4,,,1,20,,3091,4,,,1,20,,3092,4,,,1,70,,3093,4,,,1,29,,3094,4,,,1,70,,3095,4,,,1
7101,'SUN',648,,3096,4,,,1,70,,3097,4,,,1,31,,3098,4,,,1,71,,3099,4,,,1,30,,3100,4,,,1,70,,3101,4,,,1,31,,3102,4,,,1,70,,3103,4,,,1,31,,3104,4,,,1,71,,3105,4,,,1,30,,3106,4,,,1,74,,3107,4,,,1,30,,3108,4,,,1,70,,3109,4,,,1,31,,3110,4,,,1,70,,3111,4,,,1,31,,3112,4,,,1,70,,3113,4,,,1,30,,3114,4,,,1,70,,3115,4,,,1,29,,3116,4,,,1,70,,3117,4,,,1,29,,3118,4,,,1,69,,3119,4,,,1,30,,3120,4,,,1,69,,3121,4,,,1,30,,3122,4,,,1,69,,3123,4,,,1,30,,3124,4,,,1,70,,3125,4,,,1,30,,3126,4,,,1,58,,3127,4,,,1,30,,3128,4,,,1,69,,3129,4,,,1
10501,'WKDY',554,,3790,5,,,1,80,,3791,5,,,1,86,,3792,5,,,1,86,,3793,5,,,1,41,,3794,5,,,1,89,,3795,5,,,1,67,,3796,5,,,1,98,,3797,5,,,1,100,,3798,5,,,1,104,,3799,8,,,1,106,,3800,8,,,1,106,,3801,8,,,1,104,,3802,8,,,1,80,,3803,8,,,1,39,,3804,8,,,1,76,,3805,8,,,1,20,,3809,8,,,1,70,,3806,8,,,1,97,,3807,8,,,1,100,,3808,8,,,1
