3200,'WKDY',606,,6381,30,,,1,30,,6382,30,,,1,70,,6383,30,,,1,30,,6384,30,,,1,70,,6385,30,,,1,30,,6386,30,,,1,70,,6387,30,,,1,29,,6388,30,,,1,70,,6389,30,,,1,30,,6390,30,,,1,70,,6391,30,,,1,30,,6392,30,,,1,70,,6393,30,,,1,30,,6394,30,,,1,70,,6395,30,,,1,30,,6396,30,,,1,70,,6397,30,,,1,30,,6398,30,,,1,69,,6399,30,,,1,30,,6400,30,,,1,70,,6401,30,,,1,30,,6402,30,,,1,70,,6403,30,,,1,31,,6404,30,,,1,70,,6405,30,,,1,30,,6406,30,,,1,70,,6407,30,,,1,30,,6408,30,,,1,100,,6409,30,,,1,100,,6410,30,,,1
3200,'SAT',813,,6427,30,,,1,39,,6428,30,,,1,80,,6429,30,,,1,80,,6411,30,,,1,40,,6412,30,,,1,80,,6413,30,,,1,80,,6414,30,,,1,40,,6415,30,,,1,80,,6416,30,,,1,80,,6417,30,,,1,40,,6418,30,,,1,80,,6419,30,,,1,80,,6420,30,,,1,40,,6421,30,,,1,80,,6422,30,,,1,80,,6423,30,,,1,40,,6424,30,,,1,80,,6425,30,,,1,80,,6426,30,,,1
3200,'SUN',813,,6430,30,,,1,100,,6431,30,,,1,99,,6432,30,,,1,100,,6433,30,,,1,100,,6434,30,,,1,100,,6435,30,,,1,100,,6436,30,,,1,100,,6437,30,,,1,100,,6438,30,,,1,100,,6439,30,,,1,100,,6440,30,,,1,100,,6441,30,,,1,100,,6442,30,,,1
3200,'CCFWK',606,,6443,30,,,1,30,,6444,30,,,1,70,,6445,30,,,1,30,,6446,30,,,1,70,,6447,30,,,1,30,,6448,30,,,1,70,,6449,30,,,1,29,,6450,30,,,1,70,,6451,30,,,1,30,,6452,30,,,1,70,,6453,30,,,1,30,,6454,30,,,1,70,,6455,30,,,1,30,,6456,30,,,1,70,,6457,30,,,1,30,,6458,30,,,1,70,,6459,30,,,1,30,,6460,30,,,1,69,,6461,30,,,1,30,,6462,30,,,1,70,,6463,30,,,1,30,,6464,30,,,1,70,,6465,30,,,1,31,,6466,30,,,1,70,,6467,30,,,1,30,,6468,30,,,1,70,,6469,30,,,1,30,,6470,30,,,1,100,,6471,30,,,1,100,,6472,30,,,1
3200,'CCFFF',606,,6473,30,,,1,30,,6474,30,,,1,70,,6475,30,,,1,30,,6476,30,,,1,70,,6477,30,,,1,30,,6478,30,,,1,70,,6479,30,,,1,29,,6480,30,,,1,70,,6481,30,,,1,30,,6482,30,,,1,70,,6483,30,,,1,30,,6484,30,,,1,70,,6485,30,,,1,30,,6486,30,,,1,70,,6487,30,,,1,30,,6488,30,,,1,70,,6489,30,,,1,30,,6490,30,,,1,69,,6491,30,,,1,30,,6492,30,,,1,70,,6493,30,,,1,30,,6494,30,,,1,70,,6495,30,,,1,31,,6496,30,,,1,70,,6497,30,,,1,30,,6498,30,,,1,70,,6499,30,,,1,30,,6500,30,,,1,100,,6501,30,,,1,100,,6502,30,,,1
3200,'CCFSAT',813,,6519,30,,,1,39,,6520,30,,,1,80,,6521,30,,,1,80,,6503,30,,,1,40,,6504,30,,,1,80,,6505,30,,,1,80,,6506,30,,,1,40,,6507,30,,,1,80,,6508,30,,,1,80,,6509,30,,,1,40,,6510,30,,,1,80,,6511,30,,,1,80,,6512,30,,,1,40,,6513,30,,,1,80,,6514,30,,,1,80,,6515,30,,,1,40,,6516,30,,,1,80,,6517,30,,,1,80,,6518,30,,,1
3200,'CCFSUN',813,,6522,30,,,1,100,,6523,30,,,1,99,,6524,30,,,1,100,,6525,30,,,1,100,,6526,30,,,1,100,,6527,30,,,1,100,,6528,30,,,1,100,,6529,30,,,1,100,,6530,30,,,1,100,,6531,30,,,1,100,,6532,30,,,1,100,,6533,30,,,1,100,,6534,30,,,1
7801,'WKDY',457,,12257,23,,,1,143,,12258,23,,,1,31,,12259,23,,,1,72,,12260,23,,,1,30,,12261,23,,,1,70,,12262,23,,,1,30,,12263,23,,,1,71,,12264,23,,,1,30,,12281,23,,,1,70,,12265,23,,,1,31,,12282,23,,,1,70,,12266,23,,,1,31,,12283,23,,,1,70,,12267,23,,,1,30,,12284,23,,,1,70,,12268,23,,,1,31,,12285,23,,,1,70,,12269,23,,,1,30,,12286,23,,,1,70,,12270,23,,,1,30,,12271,23,,,1,70,,12272,23,,,1,30,,12273,23,,,1,70,,12274,23,,,1,30,,12275,23,,,1,70,,12276,23,,,1,100,,12277,23,,,1,97,,12278,23,,,1,99,,12279,23,,,1,97,,12280,23,,,1
7801,'SAT',803,,12287,23,,,1,101,,12288,23,,,1,100,,12289,23,,,1,100,,12290,23,,,1,100,,12291,23,,,1,101,,12292,23,,,1,100,,12293,23,,,1,100,,12294,23,,,1,100,,12295,23,,,1,100,,12296,23,,,1,100,,12297,23,,,1,99,,12298,23,,,1,99,,12299,23,,,1
7801,'SUN',803,,12300,23,,,1,100,,12301,23,,,1,101,,12302,23,,,1,100,,12303,23,,,1,100,,12304,23,,,1,101,,12305,23,,,1,100,,12306,23,,,1,100,,12307,23,,,1,100,,12308,23,,,1,100,,12309,23,,,1,100,,12310,23,,,1,99,,12311,23,,,1,99,,12312,23,,,1
7801,'CCFWK',457,,12313,23,,,1,143,,12314,23,,,1,31,,12315,23,,,1,72,,12316,23,,,1,30,,12317,23,,,1,70,,12318,23,,,1,30,,12319,23,,,1,71,,12320,23,,,1,30,,12337,23,,,1,70,,12321,23,,,1,31,,12338,23,,,1,70,,12322,23,,,1,31,,12339,23,,,1,70,,12323,23,,,1,30,,12340,23,,,1,70,,12324,23,,,1,31,,12341,23,,,1,70,,12325,23,,,1,30,,12342,23,,,1,70,,12326,23,,,1,30,,12327,23,,,1,70,,12328,23,,,1,30,,12329,23,,,1,70,,12330,23,,,1,30,,12331,23,,,1,70,,12332,23,,,1,100,,12333,23,,,1,97,,12334,23,,,1,99,,12335,23,,,1,97,,12336,23,,,1
7801,'CCFFF',457,,12343,23,,,1,143,,12344,23,,,1,31,,12345,23,,,1,72,,12346,23,,,1,30,,12347,23,,,1,70,,12348,23,,,1,30,,12349,23,,,1,71,,12350,23,,,1,30,,12367,23,,,1,70,,12351,23,,,1,31,,12368,23,,,1,70,,12352,23,,,1,31,,12369,23,,,1,70,,12353,23,,,1,30,,12370,23,,,1,70,,12354,23,,,1,31,,12371,23,,,1,70,,12355,23,,,1,30,,12372,23,,,1,70,,12356,23,,,1,30,,12357,23,,,1,70,,12358,23,,,1,30,,12359,23,,,1,70,,12360,23,,,1,30,,12361,23,,,1,70,,12362,23,,,1,100,,12363,23,,,1,97,,12364,23,,,1,99,,12365,23,,,1,97,,12366,23,,,1
7801,'CCFSAT',803,,12373,23,,,1,101,,12374,23,,,1,100,,12375,23,,,1,100,,12376,23,,,1,100,,12377,23,,,1,101,,12378,23,,,1,100,,12379,23,,,1,100,,12380,23,,,1,100,,12381,23,,,1,100,,12382,23,,,1,100,,12383,23,,,1,99,,12384,23,,,1,99,,12385,23,,,1
7801,'CCFSUN',803,,12386,23,,,1,100,,12387,23,,,1,101,,12388,23,,,1,100,,12389,23,,,1,100,,12390,23,,,1,101,,12391,23,,,1,100,,12392,23,,,1,100,,12393,23,,,1,100,,12394,23,,,1,100,,12395,23,,,1,100,,12396,23,,,1,99,,12397,23,,,1,99,,12398,23,,,1
