4101,'WKDY',817,,7189,13,0,10 11 12,1,988,,7190,13,0,10 11 12,1
4101,'CCFWK',817,,7194,13,0,10 11 12,1,988,,7195,13,0,10 11 12,1
4101,'CCFFF',817,,7199,13,0,10 11 12,1,988,,7200,13,0,10 11 12,1
9201,'WKDY',607,,12965,26,,,1,30,,12966,26,,,1,70,,12967,26,,,1,30,,12968,26,,,1,71,,12969,26,,,1,31,,12970,26,,,1,70,,12971,26,,,1,30,,12972,26,,,1,70,,12973,26,,,1,30,,12974,26,,,1,70,,12975,26,,,1,30,,12976,26,,,1,70,,12977,26,,,1,30,,12978,26,,,1,71,,12979,26,,,1,31,,12980,26,,,1,70,,12981,26,,,1,31,,12982,26,,,1,70,,12983,26,,,1,31,,12984,26,,,1,70,,12985,26,,,1,30,,12986,26,,,1,68,,12987,26,,,1,29,,12988,26,,,1,70,,12989,26,,,1,30,,12990,26,,,1,69,,12991,26,,,1,30,,12992,26,,,1,67,,12993,26,,,1,100,,12994,26,,,1,100,,12995,26,,,1
9201,'SAT',752,,12996,26,,,1,100,,12997,26,,,1,100,,12998,26,,,1,101,,12999,26,,,1,101,,13000,26,,,1,100,,13001,26,,,1,100,,13002,26,,,1,99,,13003,26,,,1,100,,13004,26,,,1,100,,13005,26,,,1,100,,13006,26,,,1,98,,13007,26,,,1,100,,13008,26,,,1,100,,13009,26,,,1,100,,13010,26,,,1
9201,'SUN',752,,13011,26,,,1,100,,13012,26,,,1,100,,13013,26,,,1,101,,13014,26,,,1,101,,13015,26,,,1,100,,13016,26,,,1,100,,13017,26,,,1,99,,13018,26,,,1,100,,13019,26,,,1,100,,13020,26,,,1,100,,13021,26,,,1,98,,13022,26,,,1,100,,13023,26,,,1,100,,13024,26,,,1,100,,13025,26,,,1
9201,'CCFWK',607,,13026,26,,,1,30,,13027,26,,,1,70,,13028,26,,,1,30,,13029,26,,,1,71,,13030,26,,,1,31,,13031,26,,,1,70,,13032,26,,,1,30,,13033,26,,,1,70,,13034,26,,,1,30,,13035,26,,,1,70,,13036,26,,,1,30,,13037,26,,,1,70,,13038,26,,,1,30,,13039,26,,,1,71,,13040,26,,,1,31,,13041,26,,,1,70,,13042,26,,,1,31,,13043,26,,,1,70,,13044,26,,,1,31,,13045,26,,,1,70,,13046,26,,,1,30,,13047,26,,,1,68,,13048,26,,,1,29,,13049,26,,,1,70,,13050,26,,,1,30,,13051,26,,,1,69,,13052,26,,,1,30,,13053,26,,,1,67,,13054,26,,,1,100,,13055,26,,,1,100,,13056,26,,,1
9201,'CCFFF',607,,13057,26,,,1,30,,13058,26,,,1,70,,13059,26,,,1,30,,13060,26,,,1,71,,13061,26,,,1,31,,13062,26,,,1,70,,13063,26,,,1,30,,13064,26,,,1,70,,13065,26,,,1,30,,13066,26,,,1,70,,13067,26,,,1,30,,13068,26,,,1,70,,13069,26,,,1,30,,13070,26,,,1,71,,13071,26,,,1,31,,13072,26,,,1,70,,13073,26,,,1,31,,13074,26,,,1,70,,13075,26,,,1,31,,13076,26,,,1,70,,13077,26,,,1,30,,13078,26,,,1,68,,13079,26,,,1,29,,13080,26,,,1,70,,13081,26,,,1,30,,13082,26,,,1,69,,13083,26,,,1,30,,13084,26,,,1,67,,13085,26,,,1,100,,13086,26,,,1,100,,13087,26,,,1
9201,'CCFSAT',752,,13088,26,,,1,100,,13089,26,,,1,100,,13090,26,,,1,101,,13091,26,,,1,101,,13092,26,,,1,100,,13093,26,,,1,100,,13094,26,,,1,99,,13095,26,,,1,100,,13096,26,,,1,100,,13097,26,,,1,100,,13098,26,,,1,98,,13099,26,,,1,100,,13100,26,,,1,100,,13101,26,,,1,100,,13102,26,,,1
9201,'CCFSUN',752,,13103,26,,,1,100,,13104,26,,,1,100,,13105,26,,,1,101,,13106,26,,,1,101,,13107,26,,,1,100,,13108,26,,,1,100,,13109,26,,,1,99,,13110,26,,,1,100,,13111,26,,,1,100,,13112,26,,,1,100,,13113,26,,,1,98,,13114,26,,,1,100,,13115,26,,,1,100,,13116,26,,,1,100,,13117,26,,,1
