200,'WKDY',636,,3878,27,,,1,100,,3879,27,,,1,100,,3880,27,,,1,92,,3881,27,,,1,107,,3882,27,,,1,100,,3883,27,,,1,100,,3884,27,,,1,100,,3885,27,,,1,102,,3886,27,,,1,100,,3887,27,,,1,99,,3888,27,,,1,101,,3889,27,,,1,98,,3890,27,,,1
200,'CCFWK',636,,3891,27,,,1,100,,3892,27,,,1,100,,3893,27,,,1,92,,3894,27,,,1,107,,3895,27,,,1,100,,3896,27,,,1,100,,3897,27,,,1,100,,3898,27,,,1,102,,3899,27,,,1,100,,3900,27,,,1,99,,3901,27,,,1,101,,3902,27,,,1,98,,3903,27,,,1
200,'CCFFF',636,,3904,27,,,1,100,,3905,27,,,1,100,,3906,27,,,1,92,,3907,27,,,1,107,,3908,27,,,1,100,,3909,27,,,1,100,,3910,27,,,1,100,,3911,27,,,1,102,,3912,27,,,1,100,,3913,27,,,1,99,,3914,27,,,1,101,,3915,27,,,1,98,,3916,27,,,1
600,'WKDY',552,,3956,4,0,14 15 3 16 17,1,70,,3957,4,0,14 15 3 16 17,1,31,,3958,4,0,14 15 3 16 17,1,70,,3959,4,0,14 15 3 16 17,1,30,,3960,4,0,14 15 3 16 17,1,70,,3961,4,0,14 15 3 16 17,1,30,,3962,4,0,14 15 3 16 17,1,70,,3963,4,0,14 15 3 16 17,1,30,,3964,4,0,14 15 3 16 17,1,70,,3965,4,0,14 15 3 16 17,1,30,,3966,4,0,14 15 3 16 17,1,70,,3967,4,0,14 15 3 16 17,1,30,,3968,4,0,14 15 3 16 17,1,70,,3969,4,0,14 15 3 16 17,1,30,,3970,4,0,14 15 3 16 17,1,70,,3971,4,0,14 15 3 16 17,1,30,,3972,4,0,14 15 3 16 17,1,70,,3973,4,0,14 15 3 16 17,1,30,,3974,4,0,14 15 3 16 17,1,70,,3975,4,0,14 15 3 16 17,1,30,,3976,4,0,14 15 3 16 17,1,70,,3977,4,0,14 15 3 16 17,1,30,,3978,4,0,14 15 3 16 17,1,70,,3979,4,0,14 15 3 16 17,1,30,,3980,4,0,14 15 3 16 17,1,70,,3981,4,0,14 15 3 16 17,1,30,,3982,4,0,14 15 3 16 17,1,70,,3983,4,0,14 15 3 16 17,1,30,,3984,4,0,14 15 3 16 17,1,69,,3985,4,0,14 15 3 16 17,1,100,,3986,4,0,14 15 3 16 17,1
600,'SAT',822,,4017,4,0,14 15 3 16 17,1,101,,4018,4,0,14 15 3 16 17,1,100,,4019,4,0,14 15 3 16 17,1,100,,4020,4,0,14 15 3 16 17,1,100,,4021,4,0,14 15 3 16 17,1,100,,4022,4,0,14 15 3 16 17,1,100,,4023,4,0,14 15 3 16 17,1,100,,4024,4,0,14 15 3 16 17,1,100,,4025,4,0,14 15 3 16 17,1,100,,4026,4,0,14 15 3 16 17,1,100,,4027,4,0,14 15 3 16 17,1,100,,4028,4,0,14 15 3 16 17,1
600,'SUN',822,,4040,4,0,14 15 3 16 17,1,101,,4041,4,0,14 15 3 16 17,1,100,,4042,4,0,14 15 3 16 17,1,100,,4043,4,0,14 15 3 16 17,1,100,,4044,4,0,14 15 3 16 17,1,100,,4045,4,0,14 15 3 16 17,1,100,,4046,4,0,14 15 3 16 17,1,100,,4047,4,0,14 15 3 16 17,1,100,,4048,4,0,14 15 3 16 17,1,100,,4049,4,0,14 15 3 16 17,1,100,,4050,4,0,14 15 3 16 17,1,100,,4051,4,0,14 15 3 16 17,1
600,'CCFWK',552,,4063,4,0,14 15 3 16 17,1,70,,4064,4,0,14 15 3 16 17,1,31,,4065,4,0,14 15 3 16 17,1,70,,4066,4,0,14 15 3 16 17,1,30,,4067,4,0,14 15 3 16 17,1,70,,4068,4,0,14 15 3 16 17,1,30,,4069,4,0,14 15 3 16 17,1,70,,4070,4,0,14 15 3 16 17,1,30,,4071,4,0,14 15 3 16 17,1,70,,4072,4,0,14 15 3 16 17,1,30,,4073,4,0,14 15 3 16 17,1,70,,4074,4,0,14 15 3 16 17,1,30,,4075,4,0,14 15 3 16 17,1,70,,4076,4,0,14 15 3 16 17,1,30,,4077,4,0,14 15 3 16 17,1,70,,4078,4,0,14 15 3 16 17,1,30,,4079,4,0,14 15 3 16 17,1,70,,4080,4,0,14 15 3 16 17,1,30,,4081,4,0,14 15 3 16 17,1,70,,4082,4,0,14 15 3 16 17,1,30,,4083,4,0,14 15 3 16 17,1,70,,4084,4,0,14 15 3 16 17,1,30,,4085,4,0,14 15 3 16 17,1,70,,4086,4,0,14 15 3 16 17,1,30,,4087,4,0,14 15 3 16 17,1,70,,4088,4,0,14 15 3 16 17,1,30,,4089,4,0,14 15 3 16 17,1,70,,4090,4,0,14 15 3 16 17,1,30,,4091,4,0,14 15 3 16 17,1,69,,4092,4,0,14 15 3 16 17,1,100,,4093,4,0,14 15 3 16 17,1
600,'CCFFF',552,,4124,4,0,14 15 3 16 17,1,70,,4125,4,0,14 15 3 16 17,1,31,,4126,4,0,14 15 3 16 17,1,70,,4127,4,0,14 15 3 16 17,1,30,,4128,4,0,14 15 3 16 17,1,70,,4129,4,0,14 15 3 16 17,1,30,,4130,4,0,14 15 3 16 17,1,70,,4131,4,0,14 15 3 16 17,1,30,,4132,4,0,14 15 3 16 17,1,70,,4133,4,0,14 15 3 16 17,1,30,,4134,4,0,14 15 3 16 17,1,70,,4135,4,0,14 15 3 16 17,1,30,,4136,4,0,14 15 3 16 17,1,70,,4137,4,0,14 15 3 16 17,1,30,,4138,4,0,14 15 3 16 17,1,70,,4139,4,0,14 15 3 16 17,1,30,,4140,4,0,14 15 3 16 17,1,70,,4141,4,0,14 15 3 16 17,1,30,,4142,4,0,14 15 3 16 17,1,70,,4143,4,0,14 15 3 16 17,1,30,,4144,4,0,14 15 3 16 17,1,70,,4145,4,0,14 15 3 16 17,1,30,,4146,4,0,14 15 3 16 17,1,70,,4147,4,0,14 15 3 16 17,1,30,,4148,4,0,14 15 3 16 17,1,70,,4149,4,0,14 15 3 16 17,1,30,,4150,4,0,14 15 3 16 17,1,70,,4151,4,0,14 15 3 16 17,1,30,,4152,4,0,14 15 3 16 17,1,69,,4153,4,0,14 15 3 16 17,1,100,,4154,4,0,14 15 3 16 17,1
600,'CCFSAT',822,,4185,4,0,14 15 3 16 17,1,101,,4186,4,0,14 15 3 16 17,1,100,,4187,4,0,14 15 3 16 17,1,100,,4188,4,0,14 15 3 16 17,1,100,,4189,4,0,14 15 3 16 17,1,100,,4190,4,0,14 15 3 16 17,1,100,,4191,4,0,14 15 3 16 17,1,100,,4192,4,0,14 15 3 16 17,1,100,,4193,4,0,14 15 3 16 17,1,100,,4194,4,0,14 15 3 16 17,1,100,,4195,4,0,14 15 3 16 17,1,100,,4196,4,0,14 15 3 16 17,1
600,'CCFSUN',822,,4208,4,0,14 15 3 16 17,1,101,,4209,4,0,14 15 3 16 17,1,100,,4210,4,0,14 15 3 16 17,1,100,,4211,4,0,14 15 3 16 17,1,100,,4212,4,0,14 15 3 16 17,1,100,,4213,4,0,14 15 3 16 17,1,100,,4214,4,0,14 15 3 16 17,1,100,,4215,4,0,14 15 3 16 17,1,100,,4216,4,0,14 15 3 16 17,1,100,,4217,4,0,14 15 3 16 17,1,100,,4218,4,0,14 15 3 16 17,1,100,,4219,4,0,14 15 3 16 17,1
