901,'WKDY',625,,4839,2,,,1,96,,4840,2,,,1,102,,4841,2,,,1,100,,4842,2,,,1,98,,4843,2,,,1,100,,4844,2,,,1,100,,4845,2,,,1,100,,4846,2,,,1,100,,4847,2,,,1,102,,4848,2,,,1,99,,4849,2,,,1,100,,4850,2,,,1,105,,4851,2,,,1
901,'CCFWK',625,,4852,2,,,1,96,,4853,2,,,1,102,,4854,2,,,1,100,,4855,2,,,1,98,,4856,2,,,1,100,,4857,2,,,1,100,,4858,2,,,1,100,,4859,2,,,1,100,,4860,2,,,1,102,,4861,2,,,1,99,,4862,2,,,1,100,,4863,2,,,1,105,,4864,2,,,1
901,'CCFFF',625,,4865,2,,,1,96,,4866,2,,,1,102,,4867,2,,,1,100,,4868,2,,,1,98,,4869,2,,,1,100,,4870,2,,,1,100,,4871,2,,,1,100,,4872,2,,,1,100,,4873,2,,,1,102,,4874,2,,,1,99,,4875,2,,,1,100,,4876,2,,,1,105,,4877,2,,,1
1900,'WKDY',559,,5198,9,,,1,142,,5199,9,,,1,30,,5200,9,,,1,71,,5201,9,,,1,29,,5202,9,,,1,70,,5203,9,,,1,30,,5204,9,,,1,71,,5205,9,,,1,30,,5220,9,,,1,71,,5206,9,,,1,30,,5221,9,,,1,70,,5207,9,,,1,30,,5222,9,,,1,70,,5208,9,,,1,30,,5223,9,,,1,71,,5209,9,,,1,28,,5210,9,,,1,70,,5211,9,,,1,30,,5212,9,,,1,70,,5213,9,,,1,32,,5214,9,,,1,73,,5215,9,,,1,99,,5216,9,,,1,95,,5217,9,,,1,100,,5218,9,,,1,99,,5219,9,,,1
1900,'SAT',831,,5234,9,,,1,100,,5224,9,,,1,100,,5225,9,,,1,100,,5226,9,,,1,100,,5227,9,,,1,101,,5228,9,,,1,99,,5229,9,,,1,101,,5230,9,,,1,99,,5231,9,,,1,100,,5232,9,,,1,100,,5233,9,,,1,100,,5235,9,,,1
1900,'SUN',831,,5246,9,,,1,100,,5236,9,,,1,100,,5237,9,,,1,100,,5238,9,,,1,100,,5239,9,,,1,101,,5240,9,,,1,99,,5241,9,,,1,101,,5242,9,,,1,99,,5243,9,,,1,100,,5244,9,,,1,100,,5245,9,,,1,100,,5247,9,,,1
1900,'CCFWK',559,,5248,9,,,1,142,,5249,9,,,1,30,,5250,9,,,1,71,,5251,9,,,1,29,,5252,9,,,1,70,,5253,9,,,1,30,,5254,9,,,1,71,,5255,9,,,1,30,,5270,9,,,1,71,,5256,9,,,1,30,,5271,9,,,1,70,,5257,9,,,1,30,,5272,9,,,1,70,,5258,9,,,1,30,,5273,9,,,1,71,,5259,9,,,1,28,,5260,9,,,1,70,,5261,9,,,1,30,,5262,9,,,1,70,,5263,9,,,1,32,,5264,9,,,1,73,,5265,9,,,1,99,,5266,9,,,1,95,,5267,9,,,1,100,,5268,9,,,1,99,,5269,9,,,1
1900,'CCFFF',559,,5274,9,,,1,142,,5275,9,,,1,30,,5276,9,,,1,71,,5277,9,,,1,29,,5278,9,,,1,70,,5279,9,,,1,30,,5280,9,,,1,71,,5281,9,,,1,30,,5296,9,,,1,71,,5282,9,,,1,30,,5297,9,,,1,70,,5283,9,,,1,30,,5298,9,,,1,70,,5284,9,,,1,30,,5299,9,,,1,71,,5285,9,,,1,28,,5286,9,,,1,70,,5287,9,,,1,30,,5288,9,,,1,70,,5289,9,,,1,32,,5290,9,,,1,73,,5291,9,,,1,99,,5292,9,,,1,95,,5293,9,,,1,100,,5294,9,,,1,99,,5295,9,,,1
1900,'CCFSAT',831,,5310,9,,,1,100,,5300,9,,,1,100,,5301,9,,,1,100,,5302,9,,,1,100,,5303,9,,,1,101,,5304,9,,,1,99,,5305,9,,,1,101,,5306,9,,,1,99,,5307,9,,,1,100,,5308,9,,,1,100,,5309,9,,,1,100,,5311,9,,,1
1900,'CCFSUN',831,,5322,9,,,1,100,,5312,9,,,1,100,,5313,9,,,1,100,,5314,9,,,1,100,,5315,9,,,1,101,,5316,9,,,1,99,,5317,9,,,1,101,,5318,9,,,1,99,,5319,9,,,1,100,,5320,9,,,1,100,,5321,9,,,1,100,,5323,9,,,1
