3201,'WKDY',548,,6535,4,,,1,70,,6536,4,,,1,30,,6537,4,,,1,70,,6538,4,,,1,31,,6539,4,,,1,70,,6540,4,,,1,29,,6541,4,,,1,71,,6542,4,,,1,30,,6543,4,,,1,70,,6544,4,,,1,30,,6545,4,,,1,70,,6546,4,,,1,30,,6547,4,,,1,70,,6548,4,,,1,30,,6549,4,,,1,70,,6550,4,,,1,30,,6551,4,,,1,70,,6552,4,,,1,30,,6553,4,,,1,70,,6554,4,,,1,30,,6555,4,,,1,70,,6556,4,,,1,30,,6557,4,,,1,70,,6558,4,,,1,30,,6559,4,,,1,69,,6560,4,,,1,30,,6561,4,,,1,100,,6562,4,,,1,100,,6563,4,,,1
3201,'SAT',825,,6564,4,,,1,80,,6565,4,,,1,40,,6566,4,,,1,80,,6567,4,,,1,81,,6568,4,,,1,40,,6569,4,,,1,80,,6570,4,,,1,80,,6571,4,,,1,40,,6572,4,,,1,80,,6573,4,,,1,80,,6574,4,,,1,40,,6575,4,,,1,80,,6576,4,,,1,80,,6577,4,,,1,40,,6578,4,,,1,79,,6579,4,,,1,80,,6580,4,,,1,40,,6581,4,,,1
3201,'SUN',825,,6582,4,,,1,100,,6583,4,,,1,100,,6584,4,,,1,101,,6585,4,,,1,100,,6586,4,,,1,100,,6587,4,,,1,100,,6588,4,,,1,100,,6589,4,,,1,100,,6590,4,,,1,99,,6591,4,,,1,100,,6592,4,,,1,100,,6593,4,,,1
3201,'CCFWK',548,,6594,4,,,1,70,,6595,4,,,1,30,,6596,4,,,1,70,,6597,4,,,1,31,,6598,4,,,1,70,,6599,4,,,1,29,,6600,4,,,1,71,,6601,4,,,1,30,,6602,4,,,1,70,,6603,4,,,1,30,,6604,4,,,1,70,,6605,4,,,1,30,,6606,4,,,1,70,,6607,4,,,1,30,,6608,4,,,1,70,,6609,4,,,1,30,,6610,4,,,1,70,,6611,4,,,1,30,,6612,4,,,1,70,,6613,4,,,1,30,,6614,4,,,1,70,,6615,4,,,1,30,,6616,4,,,1,70,,6617,4,,,1,30,,6618,4,,,1,69,,6619,4,,,1,30,,6620,4,,,1,100,,6621,4,,,1,100,,6622,4,,,1
3201,'CCFFF',548,,6623,4,,,1,70,,6624,4,,,1,30,,6625,4,,,1,70,,6626,4,,,1,31,,6627,4,,,1,70,,6628,4,,,1,29,,6629,4,,,1,71,,6630,4,,,1,30,,6631,4,,,1,70,,6632,4,,,1,30,,6633,4,,,1,70,,6634,4,,,1,30,,6635,4,,,1,70,,6636,4,,,1,30,,6637,4,,,1,70,,6638,4,,,1,30,,6639,4,,,1,70,,6640,4,,,1,30,,6641,4,,,1,70,,6642,4,,,1,30,,6643,4,,,1,70,,6644,4,,,1,30,,6645,4,,,1,70,,6646,4,,,1,30,,6647,4,,,1,69,,6648,4,,,1,30,,6649,4,,,1,100,,6650,4,,,1,100,,6651,4,,,1
3201,'CCFSAT',825,,6652,4,,,1,80,,6653,4,,,1,40,,6654,4,,,1,80,,6655,4,,,1,81,,6656,4,,,1,40,,6657,4,,,1,80,,6658,4,,,1,80,,6659,4,,,1,40,,6660,4,,,1,80,,6661,4,,,1,80,,6662,4,,,1,40,,6663,4,,,1,80,,6664,4,,,1,80,,6665,4,,,1,40,,6666,4,,,1,79,,6667,4,,,1,80,,6668,4,,,1,40,,6669,4,,,1
3201,'CCFSUN',825,,6670,4,,,1,100,,6671,4,,,1,100,,6672,4,,,1,101,,6673,4,,,1,100,,6674,4,,,1,100,,6675,4,,,1,100,,6676,4,,,1,100,,6677,4,,,1,100,,6678,4,,,1,99,,6679,4,,,1,100,,6680,4,,,1,100,,6681,4,,,1
7801,'WKDY',518,,12122,4,,,1,96,,12123,4,,,1,30,,12124,4,,,1,71,,12125,4,,,1,30,,12126,4,,,1,70,,12127,4,,,1,30,,12128,4,,,1,70,,12129,4,,,1,30,,12147,4,,,1,70,,12130,4,,,1,30,,12148,4,,,1,70,,12131,4,,,1,30,,12149,4,,,1,70,,12132,4,,,1,30,,12150,4,,,1,70,,12133,4,,,1,30,,12145,4,,,1,70,,12134,4,,,1,30,,12146,4,,,1,70,,12135,4,,,1,32,,12136,4,,,1,73,,12137,4,,,1,30,,12138,4,,,1,70,,12139,4,,,1,30,,12140,4,,,1,65,,12141,4,,,1,100,,12142,4,,,1,99,,12143,4,,,1,100,,12144,4,,,1
7801,'SAT',815,,12151,4,,,1,100,,12152,4,,,1,100,,12153,4,,,1,100,,12154,4,,,1,100,,12155,4,,,1,100,,12156,4,,,1,100,,12157,4,,,1,100,,12158,4,,,1,100,,12159,4,,,1,100,,12160,4,,,1,100,,12161,4,,,1,100,,12162,4,,,1
7801,'SUN',815,,12163,4,,,1,100,,12164,4,,,1,100,,12165,4,,,1,100,,12166,4,,,1,100,,12167,4,,,1,100,,12168,4,,,1,100,,12169,4,,,1,100,,12170,4,,,1,100,,12171,4,,,1,100,,12172,4,,,1,100,,12173,4,,,1,100,,12174,4,,,1
7801,'CCFWK',518,,12175,4,,,1,96,,12176,4,,,1,30,,12177,4,,,1,71,,12178,4,,,1,30,,12179,4,,,1,70,,12180,4,,,1,30,,12181,4,,,1,70,,12182,4,,,1,30,,12200,4,,,1,70,,12183,4,,,1,30,,12201,4,,,1,70,,12184,4,,,1,30,,12202,4,,,1,70,,12185,4,,,1,30,,12203,4,,,1,70,,12186,4,,,1,30,,12198,4,,,1,70,,12187,4,,,1,30,,12199,4,,,1,70,,12188,4,,,1,32,,12189,4,,,1,73,,12190,4,,,1,30,,12191,4,,,1,70,,12192,4,,,1,30,,12193,4,,,1,65,,12194,4,,,1,100,,12195,4,,,1,99,,12196,4,,,1,100,,12197,4,,,1
7801,'CCFFF',518,,12204,4,,,1,96,,12205,4,,,1,30,,12206,4,,,1,71,,12207,4,,,1,30,,12208,4,,,1,70,,12209,4,,,1,30,,12210,4,,,1,70,,12211,4,,,1,30,,12229,4,,,1,70,,12212,4,,,1,30,,12230,4,,,1,70,,12213,4,,,1,30,,12231,4,,,1,70,,12214,4,,,1,30,,12232,4,,,1,70,,12215,4,,,1,30,,12227,4,,,1,70,,12216,4,,,1,30,,12228,4,,,1,70,,12217,4,,,1,32,,12218,4,,,1,73,,12219,4,,,1,30,,12220,4,,,1,70,,12221,4,,,1,30,,12222,4,,,1,65,,12223,4,,,1,100,,12224,4,,,1,99,,12225,4,,,1,100,,12226,4,,,1
7801,'CCFSAT',815,,12233,4,,,1,100,,12234,4,,,1,100,,12235,4,,,1,100,,12236,4,,,1,100,,12237,4,,,1,100,,12238,4,,,1,100,,12239,4,,,1,100,,12240,4,,,1,100,,12241,4,,,1,100,,12242,4,,,1,100,,12243,4,,,1,100,,12244,4,,,1
7801,'CCFSUN',815,,12245,4,,,1,100,,12246,4,,,1,100,,12247,4,,,1,100,,12248,4,,,1,100,,12249,4,,,1,100,,12250,4,,,1,100,,12251,4,,,1,100,,12252,4,,,1,100,,12253,4,,,1,100,,12254,4,,,1,100,,12255,4,,,1,100,,12256,4,,,1
