1201,'WKDY',618,,5038,2,,,1,30,,5039,2,,,1,68,,5040,2,,,1,30,,5041,2,,,1,70,,5042,2,,,1,30,,5043,2,,,1,70,,5044,2,,,1,30,,5045,2,,,1,70,,5046,2,,,1,30,,5047,2,,,1,70,,5048,2,,,1,30,,5049,2,,,1,70,,5050,2,,,1,30,,5051,2,,,1,70,,5052,2,,,1,30,,5053,2,,,1,70,,5054,2,,,1,30,,5055,2,,,1,70,,5056,2,,,1,30,,5057,2,,,1,70,,5058,2,,,1,30,,5059,2,,,1,70,,5060,2,,,1,30,,5061,2,,,1,70,,5062,2,,,1,30,,5063,2,,,1,70,,5064,2,,,1,30,,5065,2,,,1,70,,5066,2,,,1,30,,5067,2,,,1,70,,5068,2,,,1,30,,5069,2,,,1
1201,'SAT',709,,5070,2,,,1,100,,5071,2,,,1,100,,5072,2,,,1,100,,5073,2,,,1,100,,5074,2,,,1,100,,5075,2,,,1,100,,5076,2,,,1,100,,5077,2,,,1,100,,5078,2,,,1,100,,5079,2,,,1,100,,5080,2,,,1,100,,5081,2,,,1,100,,5082,2,,,1,100,,5083,2,,,1,100,,5084,2,,,1,100,,5085,2,,,1
1201,'SUN',709,,5086,2,,,1,100,,5087,2,,,1,100,,5088,2,,,1,100,,5089,2,,,1,100,,5090,2,,,1,100,,5091,2,,,1,100,,5092,2,,,1,100,,5093,2,,,1,100,,5094,2,,,1,100,,5095,2,,,1,100,,5096,2,,,1,100,,5097,2,,,1,100,,5098,2,,,1,100,,5099,2,,,1,100,,5100,2,,,1,100,,5101,2,,,1
1201,'CCFWK',618,,5102,2,,,1,30,,5103,2,,,1,68,,5104,2,,,1,30,,5105,2,,,1,70,,5106,2,,,1,30,,5107,2,,,1,70,,5108,2,,,1,30,,5109,2,,,1,70,,5110,2,,,1,30,,5111,2,,,1,70,,5112,2,,,1,30,,5113,2,,,1,70,,5114,2,,,1,30,,5115,2,,,1,70,,5116,2,,,1,30,,5117,2,,,1,70,,5118,2,,,1,30,,5119,2,,,1,70,,5120,2,,,1,30,,5121,2,,,1,70,,5122,2,,,1,30,,5123,2,,,1,70,,5124,2,,,1,30,,5125,2,,,1,70,,5126,2,,,1,30,,5127,2,,,1,70,,5128,2,,,1,30,,5129,2,,,1,70,,5130,2,,,1,30,,5131,2,,,1,70,,5132,2,,,1,30,,5133,2,,,1
1201,'CCFFF',618,,5134,2,,,1,30,,5135,2,,,1,68,,5136,2,,,1,30,,5137,2,,,1,70,,5138,2,,,1,30,,5139,2,,,1,70,,5140,2,,,1,30,,5141,2,,,1,70,,5142,2,,,1,30,,5143,2,,,1,70,,5144,2,,,1,30,,5145,2,,,1,70,,5146,2,,,1,30,,5147,2,,,1,70,,5148,2,,,1,30,,5149,2,,,1,70,,5150,2,,,1,30,,5151,2,,,1,70,,5152,2,,,1,30,,5153,2,,,1,70,,5154,2,,,1,30,,5155,2,,,1,70,,5156,2,,,1,30,,5157,2,,,1,70,,5158,2,,,1,30,,5159,2,,,1,70,,5160,2,,,1,30,,5161,2,,,1,70,,5162,2,,,1,30,,5163,2,,,1,70,,5164,2,,,1,30,,5165,2,,,1
1201,'CCFSAT',709,,5166,2,,,1,100,,5167,2,,,1,100,,5168,2,,,1,100,,5169,2,,,1,100,,5170,2,,,1,100,,5171,2,,,1,100,,5172,2,,,1,100,,5173,2,,,1,100,,5174,2,,,1,100,,5175,2,,,1,100,,5176,2,,,1,100,,5177,2,,,1,100,,5178,2,,,1,100,,5179,2,,,1,100,,5180,2,,,1,100,,5181,2,,,1
1201,'CCFSUN',709,,5182,2,,,1,100,,5183,2,,,1,100,,5184,2,,,1,100,,5185,2,,,1,100,,5186,2,,,1,100,,5187,2,,,1,100,,5188,2,,,1,100,,5189,2,,,1,100,,5190,2,,,1,100,,5191,2,,,1,100,,5192,2,,,1,100,,5193,2,,,1,100,,5194,2,,,1,100,,5195,2,,,1,100,,5196,2,,,1,100,,5197,2,,,1
3001,'WKDY',601,,5724,2,,,1,30,,5725,2,,,1,70,,5726,2,,,1,30,,5727,2,,,1,70,,5728,2,,,1,30,,5729,2,,,1,70,,5730,2,,,1,30,,5731,2,,,1,70,,5732,2,,,1,30,,5733,2,,,1,70,,5734,2,,,1,30,,5735,2,,,1,70,,5736,2,,,1,30,,5737,2,,,1,70,,5738,2,,,1,30,,5739,2,,,1,70,,5740,2,,,1,30,,5741,2,,,1,70,,5742,2,,,1,30,,5743,2,,,1,70,,5744,2,,,1,30,,5745,2,,,1,70,,5746,2,,,1,30,,5747,2,,,1,70,,5748,2,,,1,30,,5749,2,,,1,70,,5750,2,,,1,30,,5751,2,,,1,70,,5752,2,,,1,100,,5753,2,,,1
3001,'SAT',731,,5756,2,,,1,70,,5757,2,,,1,30,,5758,2,,,1,70,,5759,2,,,1,30,,5760,2,,,1,70,,5761,2,,,1,30,,5762,2,,,1,70,,5763,2,,,1,30,,5764,2,,,1,70,,5765,2,,,1,30,,5766,2,,,1,70,,5767,2,,,1,30,,5768,2,,,1,70,,5769,2,,,1,30,,5770,2,,,1,70,,5771,2,,,1,30,,5772,2,,,1,70,,5773,2,,,1,30,,5774,2,,,1,70,,5775,2,,,1,100,,5776,2,,,1,100,,5777,2,,,1,100,,5778,2,,,1
3001,'SUN',801,,5781,2,,,1,100,,5782,2,,,1,100,,5783,2,,,1,100,,5784,2,,,1,100,,5785,2,,,1,100,,5786,2,,,1,100,,5787,2,,,1,100,,5788,2,,,1,100,,5789,2,,,1,100,,5790,2,,,1,100,,5791,2,,,1,100,,5792,2,,,1,100,,5793,2,,,1
3001,'CCFWK',601,,5796,2,,,1,30,,5797,2,,,1,70,,5798,2,,,1,30,,5799,2,,,1,70,,5800,2,,,1,30,,5801,2,,,1,70,,5802,2,,,1,30,,5803,2,,,1,70,,5804,2,,,1,30,,5805,2,,,1,70,,5806,2,,,1,30,,5807,2,,,1,70,,5808,2,,,1,30,,5809,2,,,1,70,,5810,2,,,1,30,,5811,2,,,1,70,,5812,2,,,1,30,,5813,2,,,1,70,,5814,2,,,1,30,,5815,2,,,1,70,,5816,2,,,1,30,,5817,2,,,1,70,,5818,2,,,1,30,,5819,2,,,1,70,,5820,2,,,1,30,,5821,2,,,1,70,,5822,2,,,1,30,,5823,2,,,1,70,,5824,2,,,1,100,,5825,2,,,1
3001,'CCFFF',601,,5828,2,,,1,30,,5829,2,,,1,70,,5830,2,,,1,30,,5831,2,,,1,70,,5832,2,,,1,30,,5833,2,,,1,70,,5834,2,,,1,30,,5835,2,,,1,70,,5836,2,,,1,30,,5837,2,,,1,70,,5838,2,,,1,30,,5839,2,,,1,70,,5840,2,,,1,30,,5841,2,,,1,70,,5842,2,,,1,30,,5843,2,,,1,70,,5844,2,,,1,30,,5845,2,,,1,70,,5846,2,,,1,30,,5847,2,,,1,70,,5848,2,,,1,30,,5849,2,,,1,70,,5850,2,,,1,30,,5851,2,,,1,70,,5852,2,,,1,30,,5853,2,,,1,70,,5854,2,,,1,30,,5855,2,,,1,70,,5856,2,,,1,100,,5857,2,,,1
3001,'CCFSAT',731,,5860,2,,,1,70,,5861,2,,,1,30,,5862,2,,,1,70,,5863,2,,,1,30,,5864,2,,,1,70,,5865,2,,,1,30,,5866,2,,,1,70,,5867,2,,,1,30,,5868,2,,,1,70,,5869,2,,,1,30,,5870,2,,,1,70,,5871,2,,,1,30,,5872,2,,,1,70,,5873,2,,,1,30,,5874,2,,,1,70,,5875,2,,,1,30,,5876,2,,,1,70,,5877,2,,,1,30,,5878,2,,,1,70,,5879,2,,,1,100,,5880,2,,,1,100,,5881,2,,,1,100,,5882,2,,,1
3001,'CCFSUN',801,,5885,2,,,1,100,,5886,2,,,1,100,,5887,2,,,1,100,,5888,2,,,1,100,,5889,2,,,1,100,,5890,2,,,1,100,,5891,2,,,1,100,,5892,2,,,1,100,,5893,2,,,1,100,,5894,2,,,1,100,,5895,2,,,1,100,,5896,2,,,1,100,,5897,2,,,1
