4100,'WKDY',801,,7179,3,4,,1,948,,7180,5,4,,1,68,,7181,5,4,,1
4100,'CCFWK',801,,7182,3,4,,1,948,,7183,5,4,,1,68,,7184,5,4,,1
4100,'CCFFF',801,,7185,3,4,,1,948,,7186,5,4,,1,68,,7187,5,4,,1
4101,'WKDY',650,,7188,1,0,18 13,1,70,,7192,1,0,18 13,1,81,,7189,1,0,10 11 12,1,948,,7190,1,0,10 11 12,1,68,,7191,1,0,10 11 12,1
4101,'CCFWK',650,,7193,1,0,18 13,1,70,,7197,1,0,18 13,1,81,,7194,1,0,10 11 12,1,948,,7195,1,0,10 11 12,1,68,,7196,1,0,10 11 12,1
4101,'CCFFF',650,,7198,1,0,18 13,1,70,,7202,1,0,18 13,1,81,,7199,1,0,10 11 12,1,948,,7200,1,0,10 11 12,1,68,,7201,1,0,10 11 12,1
9200,'WKDY',551,,12812,28,4,,1,70,,12813,28,4,,1,30,,12814,28,4,,1,70,,12815,28,4,,1,31,,12816,28,4,,1,71,,12817,28,4,,1,30,,12818,28,4,,1,70,,12819,28,4,,1,30,,12820,28,4,,1,70,,12821,28,4,,1,30,,12822,28,4,,1,70,,12823,28,4,,1,30,,12824,28,4,,1,70,,12825,28,4,,1,31,,12826,28,4,,1,71,,12827,28,4,,1,30,,12828,28,4,,1,70,,12829,28,4,,1,30,,12830,28,4,,1,71,,12831,28,4,,1,30,,12832,28,4,,1,70,,12833,28,4,,1,29,,12834,28,4,,1,69,,12835,28,4,,1,30,,12836,28,4,,1,70,,12837,28,4,,1,30,,12838,28,4,,1,70,,12839,28,4,,1,27,,12840,28,4,,1,100,,12841,28,4,,1,100,,12842,28,4,,1
9200,'SAT',736,,12843,28,4,,1,100,,12844,28,4,,1,100,,12845,28,4,,1,101,,12846,28,4,,1,101,,12847,28,4,,1,100,,12848,28,4,,1,100,,12849,28,4,,1,99,,12850,28,4,,1,100,,12851,28,4,,1,100,,12852,28,4,,1,100,,12853,28,4,,1,98,,12854,28,4,,1,100,,12855,28,4,,1,100,,12856,28,4,,1,100,,12857,28,4,,1
9200,'SUN',736,,12858,28,4,,1,100,,12859,28,4,,1,100,,12860,28,4,,1,101,,12861,28,4,,1,101,,12862,28,4,,1,100,,12863,28,4,,1,100,,12864,28,4,,1,99,,12865,28,4,,1,100,,12866,28,4,,1,100,,12867,28,4,,1,100,,12868,28,4,,1,98,,12869,28,4,,1,100,,12870,28,4,,1,100,,12871,28,4,,1,100,,12872,28,4,,1
9200,'CCFWK',551,,12873,28,4,,1,70,,12874,28,4,,1,30,,12875,28,4,,1,70,,12876,28,4,,1,31,,12877,28,4,,1,71,,12878,28,4,,1,30,,12879,28,4,,1,70,,12880,28,4,,1,30,,12881,28,4,,1,70,,12882,28,4,,1,30,,12883,28,4,,1,70,,12884,28,4,,1,30,,12885,28,4,,1,70,,12886,28,4,,1,31,,12887,28,4,,1,71,,12888,28,4,,1,30,,12889,28,4,,1,70,,12890,28,4,,1,30,,12891,28,4,,1,71,,12892,28,4,,1,30,,12893,28,4,,1,70,,12894,28,4,,1,29,,12895,28,4,,1,69,,12896,28,4,,1,30,,12897,28,4,,1,70,,12898,28,4,,1,30,,12899,28,4,,1,70,,12900,28,4,,1,27,,12901,28,4,,1,100,,12902,28,4,,1,100,,12903,28,4,,1
9200,'CCFFF',551,,12904,28,4,,1,70,,12905,28,4,,1,30,,12906,28,4,,1,70,,12907,28,4,,1,31,,12908,28,4,,1,71,,12909,28,4,,1,30,,12910,28,4,,1,70,,12911,28,4,,1,30,,12912,28,4,,1,70,,12913,28,4,,1,30,,12914,28,4,,1,70,,12915,28,4,,1,30,,12916,28,4,,1,70,,12917,28,4,,1,31,,12918,28,4,,1,71,,12919,28,4,,1,30,,12920,28,4,,1,70,,12921,28,4,,1,30,,12922,28,4,,1,71,,12923,28,4,,1,30,,12924,28,4,,1,70,,12925,28,4,,1,29,,12926,28,4,,1,69,,12927,28,4,,1,30,,12928,28,4,,1,70,,12929,28,4,,1,30,,12930,28,4,,1,70,,12931,28,4,,1,27,,12932,28,4,,1,100,,12933,28,4,,1,100,,12934,28,4,,1
9200,'CCFSAT',736,,12935,28,4,,1,100,,12936,28,4,,1,100,,12937,28,4,,1,101,,12938,28,4,,1,101,,12939,28,4,,1,100,,12940,28,4,,1,100,,12941,28,4,,1,99,,12942,28,4,,1,100,,12943,28,4,,1,100,,12944,28,4,,1,100,,12945,28,4,,1,98,,12946,28,4,,1,100,,12947,28,4,,1,100,,12948,28,4,,1,100,,12949,28,4,,1
9200,'CCFSUN',736,,12950,28,4,,1,100,,12951,28,4,,1,100,,12952,28,4,,1,101,,12953,28,4,,1,101,,12954,28,4,,1,100,,12955,28,4,,1,100,,12956,28,4,,1,99,,12957,28,4,,1,100,,12958,28,4,,1,100,,12959,28,4,,1,100,,12960,28,4,,1,98,,12961,28,4,,1,100,,12962,28,4,,1,100,,12963,28,4,,1,100,,12964,28,4,,1
9201,'WKDY',551,,12965,1,,,1,70,,12966,1,,,1,30,,12967,1,,,1,70,,12968,1,,,1,31,,12969,1,,,1,71,,12970,1,,,1,30,,12971,1,,,1,70,,12972,1,,,1,30,,12973,1,,,1,70,,12974,1,,,1,30,,12975,1,,,1,70,,12976,1,,,1,30,,12977,1,,,1,70,,12978,1,,,1,31,,12979,1,,,1,71,,12980,1,,,1,30,,12981,1,,,1,70,,12982,1,,,1,30,,12983,1,,,1,71,,12984,1,,,1,30,,12985,1,,,1,70,,12986,1,,,1,29,,12987,1,,,1,69,,12988,1,,,1,30,,12989,1,,,1,70,,12990,1,,,1,30,,12991,1,,,1,70,,12992,1,,,1,27,,12993,1,,,1,100,,12994,1,,,1,100,,12995,1,,,1
9201,'SAT',736,,12996,1,,,1,100,,12997,1,,,1,100,,12998,1,,,1,101,,12999,1,,,1,101,,13000,1,,,1,100,,13001,1,,,1,100,,13002,1,,,1,99,,13003,1,,,1,100,,13004,1,,,1,100,,13005,1,,,1,100,,13006,1,,,1,98,,13007,1,,,1,100,,13008,1,,,1,100,,13009,1,,,1,100,,13010,1,,,1
9201,'SUN',736,,13011,1,,,1,100,,13012,1,,,1,100,,13013,1,,,1,101,,13014,1,,,1,101,,13015,1,,,1,100,,13016,1,,,1,100,,13017,1,,,1,99,,13018,1,,,1,100,,13019,1,,,1,100,,13020,1,,,1,100,,13021,1,,,1,98,,13022,1,,,1,100,,13023,1,,,1,100,,13024,1,,,1,100,,13025,1,,,1
9201,'CCFWK',551,,13026,1,,,1,70,,13027,1,,,1,30,,13028,1,,,1,70,,13029,1,,,1,31,,13030,1,,,1,71,,13031,1,,,1,30,,13032,1,,,1,70,,13033,1,,,1,30,,13034,1,,,1,70,,13035,1,,,1,30,,13036,1,,,1,70,,13037,1,,,1,30,,13038,1,,,1,70,,13039,1,,,1,31,,13040,1,,,1,71,,13041,1,,,1,30,,13042,1,,,1,70,,13043,1,,,1,30,,13044,1,,,1,71,,13045,1,,,1,30,,13046,1,,,1,70,,13047,1,,,1,29,,13048,1,,,1,69,,13049,1,,,1,30,,13050,1,,,1,70,,13051,1,,,1,30,,13052,1,,,1,70,,13053,1,,,1,27,,13054,1,,,1,100,,13055,1,,,1,100,,13056,1,,,1
9201,'CCFFF',551,,13057,1,,,1,70,,13058,1,,,1,30,,13059,1,,,1,70,,13060,1,,,1,31,,13061,1,,,1,71,,13062,1,,,1,30,,13063,1,,,1,70,,13064,1,,,1,30,,13065,1,,,1,70,,13066,1,,,1,30,,13067,1,,,1,70,,13068,1,,,1,30,,13069,1,,,1,70,,13070,1,,,1,31,,13071,1,,,1,71,,13072,1,,,1,30,,13073,1,,,1,70,,13074,1,,,1,30,,13075,1,,,1,71,,13076,1,,,1,30,,13077,1,,,1,70,,13078,1,,,1,29,,13079,1,,,1,69,,13080,1,,,1,30,,13081,1,,,1,70,,13082,1,,,1,30,,13083,1,,,1,70,,13084,1,,,1,27,,13085,1,,,1,100,,13086,1,,,1,100,,13087,1,,,1
9201,'CCFSAT',736,,13088,1,,,1,100,,13089,1,,,1,100,,13090,1,,,1,101,,13091,1,,,1,101,,13092,1,,,1,100,,13093,1,,,1,100,,13094,1,,,1,99,,13095,1,,,1,100,,13096,1,,,1,100,,13097,1,,,1,100,,13098,1,,,1,98,,13099,1,,,1,100,,13100,1,,,1,100,,13101,1,,,1,100,,13102,1,,,1
9201,'CCFSUN',736,,13103,1,,,1,100,,13104,1,,,1,100,,13105,1,,,1,101,,13106,1,,,1,101,,13107,1,,,1,100,,13108,1,,,1,100,,13109,1,,,1,99,,13110,1,,,1,100,,13111,1,,,1,100,,13112,1,,,1,100,,13113,1,,,1,98,,13114,1,,,1,100,,13115,1,,,1,100,,13116,1,,,1,100,,13117,1,,,1
