700,'WKDY',550,,4506,11,,,1,108,,4507,11,,,1,68,,4508,11,,,1,30,,4509,11,,,1,70,,4510,11,,,1,30,,4511,11,,,1,69,,4512,11,,,1,30,,4513,11,,,1,70,,4514,11,,,1,30,,4515,11,,,1,70,,4516,11,,,1,31,,4517,11,,,1,71,,4518,11,,,1,30,,4519,11,,,1,70,,4520,11,,,1,30,,4521,11,,,1,71,,4522,11,,,1,31,,4523,11,,,1,70,,4524,11,,,1,30,,4525,11,,,1,70,,4526,11,,,1,30,,4527,11,,,1,70,,4528,11,,,1,28,,4529,11,,,1,70,,4530,11,,,1,29,,4531,11,,,1,69,,4532,11,,,1,100,,4533,11,,,1,100,,4534,11,,,1
700,'SAT',654,,4546,11,,,1,100,,4547,11,,,1,100,,4535,11,,,1,101,,4536,11,,,1,100,,4537,11,,,1,100,,4538,11,,,1,101,,4539,11,,,1,100,,4540,11,,,1,100,,4541,11,,,1,100,,4542,11,,,1,100,,4543,11,,,1,100,,4544,11,,,1,99,,4545,11,,,1,100,,4548,11,,,1,100,,4549,11,,,1
700,'SUN',654,,4561,11,,,1,100,,4562,11,,,1,100,,4550,11,,,1,101,,4551,11,,,1,100,,4552,11,,,1,100,,4553,11,,,1,101,,4554,11,,,1,100,,4555,11,,,1,100,,4556,11,,,1,100,,4557,11,,,1,100,,4558,11,,,1,100,,4559,11,,,1,99,,4560,11,,,1,100,,4563,11,,,1,100,,4564,11,,,1
700,'CCFWK',550,,4565,11,,,1,108,,4566,11,,,1,68,,4567,11,,,1,30,,4568,11,,,1,70,,4569,11,,,1,30,,4570,11,,,1,69,,4571,11,,,1,30,,4572,11,,,1,70,,4573,11,,,1,30,,4574,11,,,1,70,,4575,11,,,1,31,,4576,11,,,1,71,,4577,11,,,1,30,,4578,11,,,1,70,,4579,11,,,1,30,,4580,11,,,1,71,,4581,11,,,1,31,,4582,11,,,1,70,,4583,11,,,1,30,,4584,11,,,1,70,,4585,11,,,1,30,,4586,11,,,1,70,,4587,11,,,1,28,,4588,11,,,1,70,,4589,11,,,1,29,,4590,11,,,1,69,,4591,11,,,1,100,,4592,11,,,1,100,,4593,11,,,1
700,'CCFFF',550,,4594,11,,,1,108,,4595,11,,,1,68,,4596,11,,,1,30,,4597,11,,,1,70,,4598,11,,,1,30,,4599,11,,,1,69,,4600,11,,,1,30,,4601,11,,,1,70,,4602,11,,,1,30,,4603,11,,,1,70,,4604,11,,,1,31,,4605,11,,,1,71,,4606,11,,,1,30,,4607,11,,,1,70,,4608,11,,,1,30,,4609,11,,,1,71,,4610,11,,,1,31,,4611,11,,,1,70,,4612,11,,,1,30,,4613,11,,,1,70,,4614,11,,,1,30,,4615,11,,,1,70,,4616,11,,,1,28,,4617,11,,,1,70,,4618,11,,,1,29,,4619,11,,,1,69,,4620,11,,,1,100,,4621,11,,,1,100,,4622,11,,,1
700,'CCFSAT',654,,4634,11,,,1,100,,4635,11,,,1,100,,4623,11,,,1,101,,4624,11,,,1,100,,4625,11,,,1,100,,4626,11,,,1,101,,4627,11,,,1,100,,4628,11,,,1,100,,4629,11,,,1,100,,4630,11,,,1,100,,4631,11,,,1,100,,4632,11,,,1,99,,4633,11,,,1,100,,4636,11,,,1,100,,4637,11,,,1
700,'CCFSUN',654,,4649,11,,,1,100,,4650,11,,,1,100,,4638,11,,,1,101,,4639,11,,,1,100,,4640,11,,,1,100,,4641,11,,,1,101,,4642,11,,,1,100,,4643,11,,,1,100,,4644,11,,,1,100,,4645,11,,,1,100,,4646,11,,,1,100,,4647,11,,,1,99,,4648,11,,,1,100,,4651,11,,,1,100,,4652,11,,,1
7200,'WKDY',510,,11673,14,,,1,49,,11674,14,,,1,70,,11675,14,,,1,30,,11676,14,,,1,71,,11677,14,,,1,70,,11678,14,,,1,30,,11679,14,,,1,70,,11680,14,,,1,30,,11697,14,,,1,70,,11681,14,,,1,30,,11698,14,,,1,70,,11682,14,,,1,30,,11699,14,,,1,70,,11683,14,,,1,30,,11700,14,,,1,70,,11684,14,,,1,30,,11701,14,,,1,70,,11685,14,,,1,30,,11702,14,,,1,70,,11686,14,,,1,31,,11687,14,,,1,70,,11688,14,,,1,30,,11689,14,,,1,70,,11690,14,,,1,30,,11691,14,,,1,69,,11692,14,,,1,30,,11693,14,,,1,70,,11694,14,,,1,100,,11695,14,,,1,110,,11696,14,,,1
7200,'SAT',730,,11703,14,,,1,100,,11704,14,,,1,100,,11705,14,,,1,100,,11706,14,,,1,100,,11707,14,,,1,100,,11708,14,,,1,101,,11709,14,,,1,100,,11710,14,,,1,100,,11711,14,,,1,100,,11712,14,,,1,100,,11713,14,,,1,100,,11714,14,,,1,99,,11715,14,,,1
7200,'SUN',730,,11716,14,,,1,100,,11717,14,,,1,100,,11718,14,,,1,100,,11719,14,,,1,100,,11720,14,,,1,100,,11721,14,,,1,101,,11722,14,,,1,100,,11723,14,,,1,100,,11724,14,,,1,100,,11725,14,,,1,100,,11726,14,,,1,100,,11727,14,,,1,99,,11728,14,,,1
7200,'CCFWK',510,,11729,14,,,1,49,,11730,14,,,1,70,,11731,14,,,1,30,,11732,14,,,1,71,,11733,14,,,1,70,,11734,14,,,1,30,,11735,14,,,1,70,,11736,14,,,1,30,,11753,14,,,1,70,,11737,14,,,1,30,,11754,14,,,1,70,,11738,14,,,1,30,,11755,14,,,1,70,,11739,14,,,1,30,,11756,14,,,1,70,,11740,14,,,1,30,,11757,14,,,1,70,,11741,14,,,1,30,,11758,14,,,1,70,,11742,14,,,1,31,,11743,14,,,1,70,,11744,14,,,1,30,,11745,14,,,1,70,,11746,14,,,1,30,,11747,14,,,1,69,,11748,14,,,1,30,,11749,14,,,1,70,,11750,14,,,1,100,,11751,14,,,1,110,,11752,14,,,1
7200,'CCFFF',510,,11759,14,,,1,49,,11760,14,,,1,70,,11761,14,,,1,30,,11762,14,,,1,71,,11763,14,,,1,70,,11764,14,,,1,30,,11765,14,,,1,70,,11766,14,,,1,30,,11783,14,,,1,70,,11767,14,,,1,30,,11784,14,,,1,70,,11768,14,,,1,30,,11785,14,,,1,70,,11769,14,,,1,30,,11786,14,,,1,70,,11770,14,,,1,30,,11787,14,,,1,70,,11771,14,,,1,30,,11788,14,,,1,70,,11772,14,,,1,31,,11773,14,,,1,70,,11774,14,,,1,30,,11775,14,,,1,70,,11776,14,,,1,30,,11777,14,,,1,69,,11778,14,,,1,30,,11779,14,,,1,70,,11780,14,,,1,100,,11781,14,,,1,110,,11782,14,,,1
7200,'CCFSAT',730,,11789,14,,,1,100,,11790,14,,,1,100,,11791,14,,,1,100,,11792,14,,,1,100,,11793,14,,,1,100,,11794,14,,,1,101,,11795,14,,,1,100,,11796,14,,,1,100,,11797,14,,,1,100,,11798,14,,,1,100,,11799,14,,,1,100,,11800,14,,,1,99,,11801,14,,,1
7200,'CCFSUN',730,,11802,14,,,1,100,,11803,14,,,1,100,,11804,14,,,1,100,,11805,14,,,1,100,,11806,14,,,1,100,,11807,14,,,1,101,,11808,14,,,1,100,,11809,14,,,1,100,,11810,14,,,1,100,,11811,14,,,1,100,,11812,14,,,1,100,,11813,14,,,1,99,,11814,14,,,1
