1900,'WKDY',605,,5198,14,4,,1,102,,5199,14,4,,1,31,,5200,14,4,,1,71,,5201,14,4,,1,29,,5202,14,4,,1,70,,5203,14,4,,1,30,,5204,14,4,,1,71,,5205,14,4,,1,30,,5220,14,4,,1,71,,5206,14,4,,1,30,,5221,14,4,,1,70,,5207,14,4,,1,30,,5222,14,4,,1,71,,5208,14,4,,1,30,,5223,14,4,,1,71,,5209,14,4,,1,27,,5210,14,4,,1,70,,5211,14,4,,1,30,,5212,14,4,,1,70,,5213,14,4,,1,32,,5214,14,4,,1,73,,5215,14,4,,1,99,,5216,14,4,,1,95,,5217,14,4,,1,99,,5218,14,4,,1,99,,5219,14,4,,1
1900,'SAT',838,,5234,14,4,,1,100,,5224,14,4,,1,100,,5225,14,4,,1,100,,5226,14,4,,1,100,,5227,14,4,,1,101,,5228,14,4,,1,99,,5229,14,4,,1,101,,5230,14,4,,1,99,,5231,14,4,,1,100,,5232,14,4,,1,100,,5233,14,4,,1,100,,5235,14,4,,1
1900,'SUN',838,,5246,14,4,,1,100,,5236,14,4,,1,100,,5237,14,4,,1,100,,5238,14,4,,1,100,,5239,14,4,,1,101,,5240,14,4,,1,99,,5241,14,4,,1,101,,5242,14,4,,1,99,,5243,14,4,,1,100,,5244,14,4,,1,100,,5245,14,4,,1,100,,5247,14,4,,1
1900,'CCFWK',605,,5248,14,4,,1,102,,5249,14,4,,1,31,,5250,14,4,,1,71,,5251,14,4,,1,29,,5252,14,4,,1,70,,5253,14,4,,1,30,,5254,14,4,,1,71,,5255,14,4,,1,30,,5270,14,4,,1,71,,5256,14,4,,1,30,,5271,14,4,,1,70,,5257,14,4,,1,30,,5272,14,4,,1,71,,5258,14,4,,1,30,,5273,14,4,,1,71,,5259,14,4,,1,27,,5260,14,4,,1,70,,5261,14,4,,1,30,,5262,14,4,,1,70,,5263,14,4,,1,32,,5264,14,4,,1,73,,5265,14,4,,1,99,,5266,14,4,,1,95,,5267,14,4,,1,99,,5268,14,4,,1,99,,5269,14,4,,1
1900,'CCFFF',605,,5274,14,4,,1,102,,5275,14,4,,1,31,,5276,14,4,,1,71,,5277,14,4,,1,29,,5278,14,4,,1,70,,5279,14,4,,1,30,,5280,14,4,,1,71,,5281,14,4,,1,30,,5296,14,4,,1,71,,5282,14,4,,1,30,,5297,14,4,,1,70,,5283,14,4,,1,30,,5298,14,4,,1,71,,5284,14,4,,1,30,,5299,14,4,,1,71,,5285,14,4,,1,27,,5286,14,4,,1,70,,5287,14,4,,1,30,,5288,14,4,,1,70,,5289,14,4,,1,32,,5290,14,4,,1,73,,5291,14,4,,1,99,,5292,14,4,,1,95,,5293,14,4,,1,99,,5294,14,4,,1,99,,5295,14,4,,1
1900,'CCFSAT',838,,5310,14,4,,1,100,,5300,14,4,,1,100,,5301,14,4,,1,100,,5302,14,4,,1,100,,5303,14,4,,1,101,,5304,14,4,,1,99,,5305,14,4,,1,101,,5306,14,4,,1,99,,5307,14,4,,1,100,,5308,14,4,,1,100,,5309,14,4,,1,100,,5311,14,4,,1
1900,'CCFSUN',838,,5322,14,4,,1,100,,5312,14,4,,1,100,,5313,14,4,,1,100,,5314,14,4,,1,100,,5315,14,4,,1,101,,5316,14,4,,1,99,,5317,14,4,,1,101,,5318,14,4,,1,99,,5319,14,4,,1,100,,5320,14,4,,1,100,,5321,14,4,,1,100,,5323,14,4,,1
1901,'WKDY',605,,5324,1,,,1,102,,5325,1,,,1,31,,5326,1,,,1,71,,5327,1,,,1,29,,5328,1,,,1,70,,5329,1,,,1,30,,5330,1,,,1,71,,5331,1,,,1,30,,5346,1,,,1,71,,5332,1,,,1,30,,5347,1,,,1,70,,5333,1,,,1,30,,5348,1,,,1,71,,5334,1,,,1,30,,5349,1,,,1,71,,5335,1,,,1,27,,5336,1,,,1,70,,5337,1,,,1,30,,5338,1,,,1,70,,5339,1,,,1,32,,5340,1,,,1,73,,5341,1,,,1,99,,5342,1,,,1,95,,5343,1,,,1,99,,5344,1,,,1,99,,5345,1,,,1
1901,'SAT',838,,5360,1,,,1,100,,5350,1,,,1,100,,5351,1,,,1,100,,5352,1,,,1,100,,5353,1,,,1,101,,5354,1,,,1,99,,5355,1,,,1,101,,5356,1,,,1,99,,5357,1,,,1,100,,5358,1,,,1,100,,5359,1,,,1,100,,5361,1,,,1
1901,'SUN',838,,5372,1,,,1,100,,5362,1,,,1,100,,5363,1,,,1,100,,5364,1,,,1,100,,5365,1,,,1,101,,5366,1,,,1,99,,5367,1,,,1,101,,5368,1,,,1,99,,5369,1,,,1,100,,5370,1,,,1,100,,5371,1,,,1,100,,5373,1,,,1
1901,'CCFWK',605,,5374,1,,,1,102,,5375,1,,,1,31,,5376,1,,,1,71,,5377,1,,,1,29,,5378,1,,,1,70,,5379,1,,,1,30,,5380,1,,,1,71,,5381,1,,,1,30,,5396,1,,,1,71,,5382,1,,,1,30,,5397,1,,,1,70,,5383,1,,,1,30,,5398,1,,,1,71,,5384,1,,,1,30,,5399,1,,,1,71,,5385,1,,,1,27,,5386,1,,,1,70,,5387,1,,,1,30,,5388,1,,,1,70,,5389,1,,,1,32,,5390,1,,,1,73,,5391,1,,,1,99,,5392,1,,,1,95,,5393,1,,,1,99,,5394,1,,,1,99,,5395,1,,,1
1901,'CCFFF',605,,5400,1,,,1,102,,5401,1,,,1,31,,5402,1,,,1,71,,5403,1,,,1,29,,5404,1,,,1,70,,5405,1,,,1,30,,5406,1,,,1,71,,5407,1,,,1,30,,5422,1,,,1,71,,5408,1,,,1,30,,5423,1,,,1,70,,5409,1,,,1,30,,5424,1,,,1,71,,5410,1,,,1,30,,5425,1,,,1,71,,5411,1,,,1,27,,5412,1,,,1,70,,5413,1,,,1,30,,5414,1,,,1,70,,5415,1,,,1,32,,5416,1,,,1,73,,5417,1,,,1,99,,5418,1,,,1,95,,5419,1,,,1,99,,5420,1,,,1,99,,5421,1,,,1
1901,'CCFSAT',838,,5436,1,,,1,100,,5426,1,,,1,100,,5427,1,,,1,100,,5428,1,,,1,100,,5429,1,,,1,101,,5430,1,,,1,99,,5431,1,,,1,101,,5432,1,,,1,99,,5433,1,,,1,100,,5434,1,,,1,100,,5435,1,,,1,100,,5437,1,,,1
1901,'CCFSUN',838,,5448,1,,,1,100,,5438,1,,,1,100,,5439,1,,,1,100,,5440,1,,,1,100,,5441,1,,,1,101,,5442,1,,,1,99,,5443,1,,,1,101,,5444,1,,,1,99,,5445,1,,,1,100,,5446,1,,,1,100,,5447,1,,,1,100,,5449,1,,,1
