200,'WKDY',638,,3878,30,,,1,100,,3879,30,,,1,100,,3880,30,,,1,92,,3881,30,,,1,107,,3882,30,,,1,100,,3883,30,,,1,100,,3884,30,,,1,100,,3885,30,,,1,102,,3886,30,,,1,100,,3887,30,,,1,99,,3888,30,,,1,101,,3889,30,,,1,97,,3890,30,,,1
200,'CCFWK',638,,3891,30,,,1,100,,3892,30,,,1,100,,3893,30,,,1,92,,3894,30,,,1,107,,3895,30,,,1,100,,3896,30,,,1,100,,3897,30,,,1,100,,3898,30,,,1,102,,3899,30,,,1,100,,3900,30,,,1,99,,3901,30,,,1,101,,3902,30,,,1,97,,3903,30,,,1
200,'CCFFF',638,,3904,30,,,1,100,,3905,30,,,1,100,,3906,30,,,1,92,,3907,30,,,1,107,,3908,30,,,1,100,,3909,30,,,1,100,,3910,30,,,1,100,,3911,30,,,1,102,,3912,30,,,1,100,,3913,30,,,1,99,,3914,30,,,1,101,,3915,30,,,1,97,,3916,30,,,1
600,'WKDY',553,,3956,7,0,14 15 3 16 17,1,70,,3957,7,0,14 15 3 16 17,1,32,,3958,7,0,14 15 3 16 17,1,70,,3959,7,0,14 15 3 16 17,1,30,,3960,7,0,14 15 3 16 17,1,70,,3961,7,0,14 15 3 16 17,1,30,,3962,7,0,14 15 3 16 17,1,70,,3963,7,0,14 15 3 16 17,1,30,,3964,7,0,14 15 3 16 17,1,70,,3965,7,0,14 15 3 16 17,1,30,,3966,7,0,14 15 3 16 17,1,70,,3967,7,0,14 15 3 16 17,1,30,,3968,7,0,14 15 3 16 17,1,70,,3969,7,0,14 15 3 16 17,1,30,,3970,7,0,14 15 3 16 17,1,70,,3971,7,0,14 15 3 16 17,1,30,,3972,7,0,14 15 3 16 17,1,70,,3973,7,0,14 15 3 16 17,1,30,,3974,7,0,14 15 3 16 17,1,70,,3975,7,0,14 15 3 16 17,1,30,,3976,7,0,14 15 3 16 17,1,70,,3977,7,0,14 15 3 16 17,1,30,,3978,7,0,14 15 3 16 17,1,70,,3979,7,0,14 15 3 16 17,1,30,,3980,7,0,14 15 3 16 17,1,69,,3981,7,0,14 15 3 16 17,1,30,,3982,7,0,14 15 3 16 17,1,70,,3983,7,0,14 15 3 16 17,1,30,,3984,7,0,14 15 3 16 17,1,69,,3985,7,0,14 15 3 16 17,1,100,,3986,7,0,14 15 3 16 17,1
600,'SAT',823,,4017,7,0,14 15 3 16 17,1,102,,4018,7,0,14 15 3 16 17,1,100,,4019,7,0,14 15 3 16 17,1,100,,4020,7,0,14 15 3 16 17,1,100,,4021,7,0,14 15 3 16 17,1,100,,4022,7,0,14 15 3 16 17,1,100,,4023,7,0,14 15 3 16 17,1,100,,4024,7,0,14 15 3 16 17,1,100,,4025,7,0,14 15 3 16 17,1,100,,4026,7,0,14 15 3 16 17,1,100,,4027,7,0,14 15 3 16 17,1,99,,4028,7,0,14 15 3 16 17,1
600,'SUN',823,,4040,7,0,14 15 3 16 17,1,102,,4041,7,0,14 15 3 16 17,1,100,,4042,7,0,14 15 3 16 17,1,100,,4043,7,0,14 15 3 16 17,1,100,,4044,7,0,14 15 3 16 17,1,100,,4045,7,0,14 15 3 16 17,1,100,,4046,7,0,14 15 3 16 17,1,100,,4047,7,0,14 15 3 16 17,1,100,,4048,7,0,14 15 3 16 17,1,100,,4049,7,0,14 15 3 16 17,1,100,,4050,7,0,14 15 3 16 17,1,99,,4051,7,0,14 15 3 16 17,1
600,'CCFWK',553,,4063,7,0,14 15 3 16 17,1,70,,4064,7,0,14 15 3 16 17,1,32,,4065,7,0,14 15 3 16 17,1,70,,4066,7,0,14 15 3 16 17,1,30,,4067,7,0,14 15 3 16 17,1,70,,4068,7,0,14 15 3 16 17,1,30,,4069,7,0,14 15 3 16 17,1,70,,4070,7,0,14 15 3 16 17,1,30,,4071,7,0,14 15 3 16 17,1,70,,4072,7,0,14 15 3 16 17,1,30,,4073,7,0,14 15 3 16 17,1,70,,4074,7,0,14 15 3 16 17,1,30,,4075,7,0,14 15 3 16 17,1,70,,4076,7,0,14 15 3 16 17,1,30,,4077,7,0,14 15 3 16 17,1,70,,4078,7,0,14 15 3 16 17,1,30,,4079,7,0,14 15 3 16 17,1,70,,4080,7,0,14 15 3 16 17,1,30,,4081,7,0,14 15 3 16 17,1,70,,4082,7,0,14 15 3 16 17,1,30,,4083,7,0,14 15 3 16 17,1,70,,4084,7,0,14 15 3 16 17,1,30,,4085,7,0,14 15 3 16 17,1,70,,4086,7,0,14 15 3 16 17,1,30,,4087,7,0,14 15 3 16 17,1,69,,4088,7,0,14 15 3 16 17,1,30,,4089,7,0,14 15 3 16 17,1,70,,4090,7,0,14 15 3 16 17,1,30,,4091,7,0,14 15 3 16 17,1,69,,4092,7,0,14 15 3 16 17,1,100,,4093,7,0,14 15 3 16 17,1
600,'CCFFF',553,,4124,7,0,14 15 3 16 17,1,70,,4125,7,0,14 15 3 16 17,1,32,,4126,7,0,14 15 3 16 17,1,70,,4127,7,0,14 15 3 16 17,1,30,,4128,7,0,14 15 3 16 17,1,70,,4129,7,0,14 15 3 16 17,1,30,,4130,7,0,14 15 3 16 17,1,70,,4131,7,0,14 15 3 16 17,1,30,,4132,7,0,14 15 3 16 17,1,70,,4133,7,0,14 15 3 16 17,1,30,,4134,7,0,14 15 3 16 17,1,70,,4135,7,0,14 15 3 16 17,1,30,,4136,7,0,14 15 3 16 17,1,70,,4137,7,0,14 15 3 16 17,1,30,,4138,7,0,14 15 3 16 17,1,70,,4139,7,0,14 15 3 16 17,1,30,,4140,7,0,14 15 3 16 17,1,70,,4141,7,0,14 15 3 16 17,1,30,,4142,7,0,14 15 3 16 17,1,70,,4143,7,0,14 15 3 16 17,1,30,,4144,7,0,14 15 3 16 17,1,70,,4145,7,0,14 15 3 16 17,1,30,,4146,7,0,14 15 3 16 17,1,70,,4147,7,0,14 15 3 16 17,1,30,,4148,7,0,14 15 3 16 17,1,69,,4149,7,0,14 15 3 16 17,1,30,,4150,7,0,14 15 3 16 17,1,70,,4151,7,0,14 15 3 16 17,1,30,,4152,7,0,14 15 3 16 17,1,69,,4153,7,0,14 15 3 16 17,1,100,,4154,7,0,14 15 3 16 17,1
600,'CCFSAT',823,,4185,7,0,14 15 3 16 17,1,102,,4186,7,0,14 15 3 16 17,1,100,,4187,7,0,14 15 3 16 17,1,100,,4188,7,0,14 15 3 16 17,1,100,,4189,7,0,14 15 3 16 17,1,100,,4190,7,0,14 15 3 16 17,1,100,,4191,7,0,14 15 3 16 17,1,100,,4192,7,0,14 15 3 16 17,1,100,,4193,7,0,14 15 3 16 17,1,100,,4194,7,0,14 15 3 16 17,1,100,,4195,7,0,14 15 3 16 17,1,99,,4196,7,0,14 15 3 16 17,1
600,'CCFSUN',823,,4208,7,0,14 15 3 16 17,1,102,,4209,7,0,14 15 3 16 17,1,100,,4210,7,0,14 15 3 16 17,1,100,,4211,7,0,14 15 3 16 17,1,100,,4212,7,0,14 15 3 16 17,1,100,,4213,7,0,14 15 3 16 17,1,100,,4214,7,0,14 15 3 16 17,1,100,,4215,7,0,14 15 3 16 17,1,100,,4216,7,0,14 15 3 16 17,1,100,,4217,7,0,14 15 3 16 17,1,100,,4218,7,0,14 15 3 16 17,1,99,,4219,7,0,14 15 3 16 17,1
