3201,'WKDY',547,,6535,3,,,1,70,,6536,3,,,1,30,,6537,3,,,1,71,,6538,3,,,1,30,,6539,3,,,1,70,,6540,3,,,1,30,,6541,3,,,1,70,,6542,3,,,1,30,,6543,3,,,1,70,,6544,3,,,1,30,,6545,3,,,1,71,,6546,3,,,1,30,,6547,3,,,1,70,,6548,3,,,1,29,,6549,3,,,1,70,,6550,3,,,1,30,,6551,3,,,1,71,,6552,3,,,1,30,,6553,3,,,1,70,,6554,3,,,1,30,,6555,3,,,1,70,,6556,3,,,1,29,,6557,3,,,1,70,,6558,3,,,1,30,,6559,3,,,1,70,,6560,3,,,1,30,,6561,3,,,1,100,,6562,3,,,1,99,,6563,3,,,1
3201,'SAT',825,,6564,3,,,1,80,,6565,3,,,1,40,,6566,3,,,1,80,,6567,3,,,1,80,,6568,3,,,1,40,,6569,3,,,1,80,,6570,3,,,1,80,,6571,3,,,1,40,,6572,3,,,1,80,,6573,3,,,1,80,,6574,3,,,1,40,,6575,3,,,1,80,,6576,3,,,1,80,,6577,3,,,1,40,,6578,3,,,1,80,,6579,3,,,1,80,,6580,3,,,1,40,,6581,3,,,1
3201,'SUN',825,,6582,3,,,1,100,,6583,3,,,1,100,,6584,3,,,1,100,,6585,3,,,1,100,,6586,3,,,1,100,,6587,3,,,1,100,,6588,3,,,1,100,,6589,3,,,1,100,,6590,3,,,1,100,,6591,3,,,1,100,,6592,3,,,1,100,,6593,3,,,1
3201,'CCFWK',547,,6594,3,,,1,70,,6595,3,,,1,30,,6596,3,,,1,71,,6597,3,,,1,30,,6598,3,,,1,70,,6599,3,,,1,30,,6600,3,,,1,70,,6601,3,,,1,30,,6602,3,,,1,70,,6603,3,,,1,30,,6604,3,,,1,71,,6605,3,,,1,30,,6606,3,,,1,70,,6607,3,,,1,29,,6608,3,,,1,70,,6609,3,,,1,30,,6610,3,,,1,71,,6611,3,,,1,30,,6612,3,,,1,70,,6613,3,,,1,30,,6614,3,,,1,70,,6615,3,,,1,29,,6616,3,,,1,70,,6617,3,,,1,30,,6618,3,,,1,70,,6619,3,,,1,30,,6620,3,,,1,100,,6621,3,,,1,99,,6622,3,,,1
3201,'CCFFF',547,,6623,3,,,1,70,,6624,3,,,1,30,,6625,3,,,1,71,,6626,3,,,1,30,,6627,3,,,1,70,,6628,3,,,1,30,,6629,3,,,1,70,,6630,3,,,1,30,,6631,3,,,1,70,,6632,3,,,1,30,,6633,3,,,1,71,,6634,3,,,1,30,,6635,3,,,1,70,,6636,3,,,1,29,,6637,3,,,1,70,,6638,3,,,1,30,,6639,3,,,1,71,,6640,3,,,1,30,,6641,3,,,1,70,,6642,3,,,1,30,,6643,3,,,1,70,,6644,3,,,1,29,,6645,3,,,1,70,,6646,3,,,1,30,,6647,3,,,1,70,,6648,3,,,1,30,,6649,3,,,1,100,,6650,3,,,1,99,,6651,3,,,1
3201,'CCFSAT',825,,6652,3,,,1,80,,6653,3,,,1,40,,6654,3,,,1,80,,6655,3,,,1,80,,6656,3,,,1,40,,6657,3,,,1,80,,6658,3,,,1,80,,6659,3,,,1,40,,6660,3,,,1,80,,6661,3,,,1,80,,6662,3,,,1,40,,6663,3,,,1,80,,6664,3,,,1,80,,6665,3,,,1,40,,6666,3,,,1,80,,6667,3,,,1,80,,6668,3,,,1,40,,6669,3,,,1
3201,'CCFSUN',825,,6670,3,,,1,100,,6671,3,,,1,100,,6672,3,,,1,100,,6673,3,,,1,100,,6674,3,,,1,100,,6675,3,,,1,100,,6676,3,,,1,100,,6677,3,,,1,100,,6678,3,,,1,100,,6679,3,,,1,100,,6680,3,,,1,100,,6681,3,,,1
7800,'WKDY',518,,12122,3,,,1,96,,12123,3,,,1,30,,12124,3,,,1,70,,12125,3,,,1,30,,12126,3,,,1,70,,12127,3,,,1,30,,12128,3,,,1,70,,12129,3,,,1,30,,12147,3,,,1,70,,12130,3,,,1,30,,12148,3,,,1,70,,12131,3,,,1,30,,12149,3,,,1,70,,12132,3,,,1,31,,12150,3,,,1,70,,12133,3,,,1,30,,12145,3,,,1,70,,12134,3,,,1,30,,12146,3,,,1,70,,12135,3,,,1,32,,12136,3,,,1,73,,12137,3,,,1,30,,12138,3,,,1,70,,12139,3,,,1,29,,12140,3,,,1,65,,12141,3,,,1,100,,12142,3,,,1,100,,12143,3,,,1,100,,12144,3,,,1
7800,'SAT',814,,12151,3,,,1,100,,12152,3,,,1,100,,12153,3,,,1,100,,12154,3,,,1,100,,12155,3,,,1,100,,12156,3,,,1,100,,12157,3,,,1,100,,12158,3,,,1,100,,12159,3,,,1,100,,12160,3,,,1,100,,12161,3,,,1,100,,12162,3,,,1
7800,'SUN',814,,12163,3,,,1,100,,12164,3,,,1,100,,12165,3,,,1,100,,12166,3,,,1,100,,12167,3,,,1,100,,12168,3,,,1,100,,12169,3,,,1,100,,12170,3,,,1,100,,12171,3,,,1,100,,12172,3,,,1,100,,12173,3,,,1,100,,12174,3,,,1
7800,'CCFWK',518,,12175,3,,,1,96,,12176,3,,,1,30,,12177,3,,,1,70,,12178,3,,,1,30,,12179,3,,,1,70,,12180,3,,,1,30,,12181,3,,,1,70,,12182,3,,,1,30,,12200,3,,,1,70,,12183,3,,,1,30,,12201,3,,,1,70,,12184,3,,,1,30,,12202,3,,,1,70,,12185,3,,,1,31,,12203,3,,,1,70,,12186,3,,,1,30,,12198,3,,,1,70,,12187,3,,,1,30,,12199,3,,,1,70,,12188,3,,,1,32,,12189,3,,,1,73,,12190,3,,,1,30,,12191,3,,,1,70,,12192,3,,,1,29,,12193,3,,,1,65,,12194,3,,,1,100,,12195,3,,,1,100,,12196,3,,,1,100,,12197,3,,,1
7800,'CCFFF',518,,12204,3,,,1,96,,12205,3,,,1,30,,12206,3,,,1,70,,12207,3,,,1,30,,12208,3,,,1,70,,12209,3,,,1,30,,12210,3,,,1,70,,12211,3,,,1,30,,12229,3,,,1,70,,12212,3,,,1,30,,12230,3,,,1,70,,12213,3,,,1,30,,12231,3,,,1,70,,12214,3,,,1,31,,12232,3,,,1,70,,12215,3,,,1,30,,12227,3,,,1,70,,12216,3,,,1,30,,12228,3,,,1,70,,12217,3,,,1,32,,12218,3,,,1,73,,12219,3,,,1,30,,12220,3,,,1,70,,12221,3,,,1,29,,12222,3,,,1,65,,12223,3,,,1,100,,12224,3,,,1,100,,12225,3,,,1,100,,12226,3,,,1
7800,'CCFSAT',814,,12233,3,,,1,100,,12234,3,,,1,100,,12235,3,,,1,100,,12236,3,,,1,100,,12237,3,,,1,100,,12238,3,,,1,100,,12239,3,,,1,100,,12240,3,,,1,100,,12241,3,,,1,100,,12242,3,,,1,100,,12243,3,,,1,100,,12244,3,,,1
7800,'CCFSUN',814,,12245,3,,,1,100,,12246,3,,,1,100,,12247,3,,,1,100,,12248,3,,,1,100,,12249,3,,,1,100,,12250,3,,,1,100,,12251,3,,,1,100,,12252,3,,,1,100,,12253,3,,,1,100,,12254,3,,,1,100,,12255,3,,,1,100,,12256,3,,,1
