7200,'SAT',802,,11561,30,4,,1,303,,11564,30,4,,1,203,,11566,30,4,,1,201,,11568,30,4,,1,199,,11570,30,4,,1,198,,11572,30,4,,1
7200,'SUN',802,,11574,30,4,,1,102,,11575,30,4,,1,201,,11577,30,4,,1,404,,11581,30,4,,1,199,,11583,30,4,,1,198,,11585,30,4,,1
7200,'CCFSAT',802,,11647,30,4,,1,303,,11650,30,4,,1,203,,11652,30,4,,1,201,,11654,30,4,,1,199,,11656,30,4,,1,198,,11658,30,4,,1
7200,'CCFSUN',802,,11660,30,4,,1,102,,11661,30,4,,1,201,,11663,30,4,,1,404,,11667,30,4,,1,199,,11669,30,4,,1,198,,11671,30,4,,1
7800,'WKDY',516,,12122,1,,,1,96,,12123,1,,,1,30,,12124,1,,,1,70,,12125,1,,,1,30,,12126,1,,,1,70,,12127,1,,,1,30,,12128,1,,,1,70,,12129,1,,,1,30,,12147,1,,,1,70,,12130,1,,,1,30,,12148,1,,,1,70,,12131,1,,,1,30,,12149,1,,,1,70,,12132,1,,,1,30,,12150,1,,,1,70,,12133,1,,,1,30,,12145,1,,,1,70,,12134,1,,,1,30,,12146,1,,,1,70,,12135,1,,,1,32,,12136,1,,,1,73,,12137,1,,,1,30,,12138,1,,,1,70,,12139,1,,,1,30,,12140,1,,,1,65,,12141,1,,,1,100,,12142,1,,,1,100,,12143,1,,,1,100,,12144,1,,,1
7800,'SAT',812,,12151,1,,,1,100,,12152,1,,,1,100,,12153,1,,,1,100,,12154,1,,,1,100,,12155,1,,,1,100,,12156,1,,,1,100,,12157,1,,,1,100,,12158,1,,,1,100,,12159,1,,,1,100,,12160,1,,,1,100,,12161,1,,,1,100,,12162,1,,,1
7800,'SUN',812,,12163,1,,,1,100,,12164,1,,,1,100,,12165,1,,,1,100,,12166,1,,,1,100,,12167,1,,,1,100,,12168,1,,,1,100,,12169,1,,,1,100,,12170,1,,,1,100,,12171,1,,,1,100,,12172,1,,,1,100,,12173,1,,,1,100,,12174,1,,,1
7800,'CCFWK',516,,12175,1,,,1,96,,12176,1,,,1,30,,12177,1,,,1,70,,12178,1,,,1,30,,12179,1,,,1,70,,12180,1,,,1,30,,12181,1,,,1,70,,12182,1,,,1,30,,12200,1,,,1,70,,12183,1,,,1,30,,12201,1,,,1,70,,12184,1,,,1,30,,12202,1,,,1,70,,12185,1,,,1,30,,12203,1,,,1,70,,12186,1,,,1,30,,12198,1,,,1,70,,12187,1,,,1,30,,12199,1,,,1,70,,12188,1,,,1,32,,12189,1,,,1,73,,12190,1,,,1,30,,12191,1,,,1,70,,12192,1,,,1,30,,12193,1,,,1,65,,12194,1,,,1,100,,12195,1,,,1,100,,12196,1,,,1,100,,12197,1,,,1
7800,'CCFFF',516,,12204,1,,,1,96,,12205,1,,,1,30,,12206,1,,,1,70,,12207,1,,,1,30,,12208,1,,,1,70,,12209,1,,,1,30,,12210,1,,,1,70,,12211,1,,,1,30,,12229,1,,,1,70,,12212,1,,,1,30,,12230,1,,,1,70,,12213,1,,,1,30,,12231,1,,,1,70,,12214,1,,,1,30,,12232,1,,,1,70,,12215,1,,,1,30,,12227,1,,,1,70,,12216,1,,,1,30,,12228,1,,,1,70,,12217,1,,,1,32,,12218,1,,,1,73,,12219,1,,,1,30,,12220,1,,,1,70,,12221,1,,,1,30,,12222,1,,,1,65,,12223,1,,,1,100,,12224,1,,,1,100,,12225,1,,,1,100,,12226,1,,,1
7800,'CCFSAT',812,,12233,1,,,1,100,,12234,1,,,1,100,,12235,1,,,1,100,,12236,1,,,1,100,,12237,1,,,1,100,,12238,1,,,1,100,,12239,1,,,1,100,,12240,1,,,1,100,,12241,1,,,1,100,,12242,1,,,1,100,,12243,1,,,1,100,,12244,1,,,1
7800,'CCFSUN',812,,12245,1,,,1,100,,12246,1,,,1,100,,12247,1,,,1,100,,12248,1,,,1,100,,12249,1,,,1,100,,12250,1,,,1,100,,12251,1,,,1,100,,12252,1,,,1,100,,12253,1,,,1,100,,12254,1,,,1,100,,12255,1,,,1,100,,12256,1,,,1
7801,'WKDY',500,,12257,27,4,,1,103,,12258,27,4,,1,31,,12259,27,4,,1,72,,12260,27,4,,1,30,,12261,27,4,,1,70,,12262,27,4,,1,30,,12263,27,4,,1,71,,12264,27,4,,1,31,,12281,27,4,,1,70,,12265,27,4,,1,31,,12282,27,4,,1,70,,12266,27,4,,1,31,,12283,27,4,,1,70,,12267,27,4,,1,30,,12284,27,4,,1,70,,12268,27,4,,1,31,,12285,27,4,,1,70,,12269,27,4,,1,30,,12286,27,4,,1,70,,12270,27,4,,1,30,,12271,27,4,,1,70,,12272,27,4,,1,30,,12273,27,4,,1,70,,12274,27,4,,1,30,,12275,27,4,,1,70,,12276,27,4,,1,100,,12277,27,4,,1,96,,12278,27,4,,1,99,,12279,27,4,,1,97,,12280,27,4,,1
7801,'SAT',907,,12288,27,4,,1,100,,12289,27,4,,1,201,,12291,27,4,,1,201,,12293,27,4,,1,200,,12295,27,4,,1,200,,12297,27,4,,1,197,,12299,27,4,,1
7801,'SUN',1007,,12302,27,4,,1,201,,12304,27,4,,1,101,,12305,27,4,,1,100,,12306,27,4,,1,200,,12308,27,4,,1,200,,12310,27,4,,1,197,,12312,27,4,,1
7801,'CCFWK',500,,12313,27,4,,1,103,,12314,27,4,,1,31,,12315,27,4,,1,72,,12316,27,4,,1,30,,12317,27,4,,1,70,,12318,27,4,,1,30,,12319,27,4,,1,71,,12320,27,4,,1,31,,12337,27,4,,1,70,,12321,27,4,,1,31,,12338,27,4,,1,70,,12322,27,4,,1,31,,12339,27,4,,1,70,,12323,27,4,,1,30,,12340,27,4,,1,70,,12324,27,4,,1,31,,12341,27,4,,1,70,,12325,27,4,,1,30,,12342,27,4,,1,70,,12326,27,4,,1,30,,12327,27,4,,1,70,,12328,27,4,,1,30,,12329,27,4,,1,70,,12330,27,4,,1,30,,12331,27,4,,1,70,,12332,27,4,,1,100,,12333,27,4,,1,96,,12334,27,4,,1,99,,12335,27,4,,1,97,,12336,27,4,,1
7801,'CCFFF',500,,12343,27,4,,1,103,,12344,27,4,,1,31,,12345,27,4,,1,72,,12346,27,4,,1,30,,12347,27,4,,1,70,,12348,27,4,,1,30,,12349,27,4,,1,71,,12350,27,4,,1,31,,12367,27,4,,1,70,,12351,27,4,,1,31,,12368,27,4,,1,70,,12352,27,4,,1,31,,12369,27,4,,1,70,,12353,27,4,,1,30,,12370,27,4,,1,70,,12354,27,4,,1,31,,12371,27,4,,1,70,,12355,27,4,,1,30,,12372,27,4,,1,70,,12356,27,4,,1,30,,12357,27,4,,1,70,,12358,27,4,,1,30,,12359,27,4,,1,70,,12360,27,4,,1,30,,12361,27,4,,1,70,,12362,27,4,,1,100,,12363,27,4,,1,96,,12364,27,4,,1,99,,12365,27,4,,1,97,,12366,27,4,,1
7801,'CCFSAT',907,,12374,27,4,,1,100,,12375,27,4,,1,201,,12377,27,4,,1,201,,12379,27,4,,1,200,,12381,27,4,,1,200,,12383,27,4,,1,197,,12385,27,4,,1
7801,'CCFSUN',1007,,12388,27,4,,1,201,,12390,27,4,,1,101,,12391,27,4,,1,100,,12392,27,4,,1,200,,12394,27,4,,1,200,,12396,27,4,,1,197,,12398,27,4,,1
98500,'CCFWK',1255,,13557,2,4,,1,70,,13558,2,4,,1,30,,13559,2,4,,1,70,,13560,2,4,,1,30,,13561,2,4,,1,100,,13562,2,4,,1,100,,13563,2,4,,1,100,,13564,2,4,,1,100,,13565,2,4,,1,100,,13566,2,4,,1,100,,13567,2,4,,1,100,,13568,2,4,,1,170,,13569,2,4,,1
98500,'CCFFF',1017,,13583,2,4,,1,10,,13584,2,4,,1,10,,13585,2,4,,1,10,,13592,2,4,,1,60,,13586,2,4,,1,10,,13587,2,4,,1,10,,13591,2,4,,1,10,,13588,2,4,,1,70,,13589,2,4,,1,30,,13590,2,4,,1,18,,13570,2,4,,1,70,,13571,2,4,,1,30,,13572,2,4,,1,70,,13573,2,4,,1,30,,13574,2,4,,1,100,,13575,2,4,,1,100,,13576,2,4,,1,100,,13577,2,4,,1,100,,13578,2,4,,1,100,,13579,2,4,,1,100,,13580,2,4,,1,100,,13581,2,4,,1,170,,13582,2,4,,1
98500,'CCFSAT',1255,,13593,2,4,,1,70,,13594,2,4,,1,30,,13595,2,4,,1,70,,13596,2,4,,1,30,,13597,2,4,,1,100,,13598,2,4,,1,100,,13599,2,4,,1,100,,13600,2,4,,1,100,,13601,2,4,,1,100,,13602,2,4,,1,100,,13603,2,4,,1,100,,13604,2,4,,1,170,,13605,2,4,,1
98500,'CCFSUN',1255,,13606,2,4,,1,70,,13607,2,4,,1,30,,13608,2,4,,1,70,,13609,2,4,,1,30,,13610,2,4,,1,100,,13611,2,4,,1,100,,13612,2,4,,1,100,,13613,2,4,,1,100,,13614,2,4,,1,100,,13615,2,4,,1,100,,13616,2,4,,1,100,,13617,2,4,,1,170,,13618,2,4,,1
98501,'CCFWK',1200,,13619,1,,,1,30,,13620,1,,,1,70,,13621,1,,,1,30,,13622,1,,,1,70,,13623,1,,,1,30,,13624,1,,,1,70,,13625,1,,,1,100,,13626,1,,,1,100,,13627,1,,,1,100,,13628,1,,,1,100,,13629,1,,,1,100,,13630,1,,,1,100,,13631,1,,,1,100,,13632,1,,,1
98501,'CCFFF',930,,13647,1,,,1,10,,13648,1,,,1,10,,13655,1,,,1,70,,13649,1,,,1,10,,13650,1,,,1,10,,13654,1,,,1,10,,13651,1,,,1,70,,13652,1,,,1,30,,13653,1,,,1,50,,13633,1,,,1,30,,13634,1,,,1,70,,13635,1,,,1,30,,13636,1,,,1,70,,13637,1,,,1,30,,13638,1,,,1,70,,13639,1,,,1,100,,13640,1,,,1,100,,13641,1,,,1,100,,13642,1,,,1,100,,13643,1,,,1,100,,13644,1,,,1,100,,13645,1,,,1,100,,13646,1,,,1
98501,'CCFSAT',1200,,13656,1,,,1,30,,13657,1,,,1,70,,13658,1,,,1,30,,13659,1,,,1,70,,13660,1,,,1,30,,13661,1,,,1,70,,13662,1,,,1,100,,13663,1,,,1,100,,13664,1,,,1,100,,13665,1,,,1,100,,13666,1,,,1,100,,13667,1,,,1,100,,13668,1,,,1,100,,13669,1,,,1
98501,'CCFSUN',1200,,13670,1,,,1,30,,13671,1,,,1,70,,13672,1,,,1,30,,13673,1,,,1,70,,13674,1,,,1,30,,13675,1,,,1,70,,13676,1,,,1,100,,13677,1,,,1,100,,13678,1,,,1,100,,13679,1,,,1,100,,13680,1,,,1,100,,13681,1,,,1,100,,13682,1,,,1,100,,13683,1,,,1
