3000,'SAT',718,,754,51,4,,1,100,,755,51,4,,1,34,,756,51,4,,1,72,,757,51,4,,1,31,,758,51,4,,1,72,,759,51,4,,1,31,,760,51,4,,1,71,,761,51,4,,1,71,,762,51,4,,1,32,,763,51,4,,1,70,,764,51,4,,1,31,,765,51,4,,1,70,,766,51,4,,1,30,,767,51,4,,1,69,,768,51,4,,1,30,,769,51,4,,1,70,,770,51,4,,1,30,,771,51,4,,1,70,,772,51,4,,1,57,,774,51,4,,1,68,,775,51,4,,1,99,,776,51,4,,1
6500,'WKDY',512,,2580,2,4,,1,27,,2581,2,4,,1,65,,2582,2,4,,1,18,,2583,2,4,,1,15,,2584,2,4,,1,15,,2585,2,4,,1,55,,2586,2,4,,1,15,,2587,2,4,,1,15,,2588,2,4,,1,16,,2589,2,4,,1,56,,2590,2,4,,1,15,,2591,2,4,,1,15,,2630,2,4,,1,15,,2592,2,4,,1,55,,2631,2,4,,1,15,,2593,2,4,,1,13,,2632,2,4,,1,15,,2594,2,4,,1,55,,2633,2,4,,1,15,,2595,2,4,,1,30,,2596,2,4,,1,70,,2597,2,4,,1,30,,2598,2,4,,1,71,,2599,2,4,,1,30,,2600,2,4,,1,70,,2601,2,4,,1,30,,2602,2,4,,1,70,,2603,2,4,,1,31,,2604,2,4,,1,72,,2605,2,4,,1,74,,2606,2,4,,1,31,,2607,2,4,,1,18,,2608,2,4,,1,56,,2609,2,4,,1,15,,2610,2,4,,1,15,,2611,2,4,,1,15,,2612,2,4,,1,53,,2613,2,4,,1,12,,2614,2,4,,1,14,,2615,2,4,,1,14,,2616,2,4,,1,11,,2617,2,4,,1,55,,2618,2,4,,1,14,,2619,2,4,,1,15,,2620,2,4,,1,70,,2621,2,4,,1,30,,2622,2,4,,1,70,,2623,2,4,,1,30,,2624,2,4,,1,69,,2625,2,4,,1,30,,2626,2,4,,1,70,,2627,2,4,,1,30,,2628,2,4,,1,99,,2629,2,4,,1
6500,'SAT',650,,2634,2,4,,1,100,,2636,2,4,,1,971,,2655,2,4,,1,100,,2657,2,4,,1,99,,2659,2,4,,1,100,,2661,2,4,,1,30,,2662,2,4,,1,70,,2663,2,4,,1,30,,2664,2,4,,1,70,,2665,2,4,,1,30,,2666,2,4,,1,70,,2667,2,4,,1,30,,2668,2,4,,1,69,,2669,2,4,,1
6500,'SUN',650,,2670,2,4,,1,70,,2671,2,4,,1,30,,2672,2,4,,1,70,,2673,2,4,,1,30,,2674,2,4,,1,70,,2675,2,4,,1,30,,2676,2,4,,1,70,,2677,2,4,,1,30,,2678,2,4,,1,71,,2679,2,4,,1,31,,2680,2,4,,1,71,,2681,2,4,,1,30,,2682,2,4,,1,71,,2683,2,4,,1,30,,2684,2,4,,1,70,,2685,2,4,,1,30,,2686,2,4,,1,68,,2687,2,4,,1,30,,2688,2,4,,1,70,,2689,2,4,,1,29,,2690,2,4,,1,70,,2691,2,4,,1,30,,2692,2,4,,1,70,,2693,2,4,,1,29,,2694,2,4,,1,70,,2695,2,4,,1,30,,2696,2,4,,1,70,,2697,2,4,,1,30,,2698,2,4,,1,70,,2699,2,4,,1,30,,2700,2,4,,1,70,,2701,2,4,,1,30,,2702,2,4,,1,70,,2703,2,4,,1,30,,2704,2,4,,1,69,,2705,2,4,,1
6501,'WKDY',450,,2706,1,,,1,67,,2707,1,,,1,25,,2708,1,,,1,58,,2709,1,,,1,15,,2710,1,,,1,15,,2711,1,,,1,15,,2712,1,,,1,55,,2713,1,,,1,15,,2714,1,,,1,15,,2715,1,,,1,15,,2716,1,,,1,55,,2717,1,,,1,15,,2756,1,,,1,15,,2718,1,,,1,15,,2757,1,,,1,55,,2719,1,,,1,15,,2758,1,,,1,15,,2720,1,,,1,15,,2759,1,,,1,55,,2721,1,,,1,30,,2722,1,,,1,70,,2723,1,,,1,30,,2724,1,,,1,70,,2725,1,,,1,30,,2726,1,,,1,70,,2727,1,,,1,30,,2728,1,,,1,70,,2729,1,,,1,30,,2730,1,,,1,70,,2731,1,,,1,30,,2732,1,,,1,70,,2733,1,,,1,15,,2734,1,,,1,15,,2735,1,,,1,15,,2736,1,,,1,55,,2737,1,,,1,15,,2738,1,,,1,15,,2739,1,,,1,15,,2740,1,,,1,55,,2741,1,,,1,15,,2742,1,,,1,15,,2743,1,,,1,15,,2744,1,,,1,55,,2745,1,,,1,15,,2746,1,,,1,30,,2747,1,,,1,70,,2748,1,,,1,30,,2749,1,,,1,70,,2750,1,,,1,30,,2751,1,,,1,70,,2752,1,,,1,30,,2753,1,,,1,70,,2754,1,,,1,100,,2755,1,,,1
6501,'SAT',630,,2760,1,,,1,70,,2761,1,,,1,30,,2762,1,,,1,70,,2763,1,,,1,30,,2764,1,,,1,70,,2765,1,,,1,30,,2766,1,,,1,70,,2767,1,,,1,30,,2768,1,,,1,70,,2769,1,,,1,30,,2770,1,,,1,70,,2771,1,,,1,30,,2772,1,,,1,70,,2773,1,,,1,30,,2774,1,,,1,70,,2775,1,,,1,30,,2776,1,,,1,70,,2777,1,,,1,30,,2778,1,,,1,70,,2779,1,,,1,30,,2780,1,,,1,70,,2781,1,,,1,30,,2782,1,,,1,70,,2783,1,,,1,30,,2784,1,,,1,70,,2785,1,,,1,30,,2786,1,,,1,70,,2787,1,,,1,30,,2788,1,,,1,70,,2789,1,,,1,30,,2790,1,,,1,70,,2791,1,,,1,30,,2792,1,,,1,70,,2793,1,,,1,30,,2794,1,,,1,70,,2795,1,,,1
6501,'SUN',630,,2796,1,,,1,70,,2797,1,,,1,30,,2798,1,,,1,70,,2799,1,,,1,30,,2800,1,,,1,70,,2801,1,,,1,30,,2802,1,,,1,70,,2803,1,,,1,30,,2804,1,,,1,70,,2805,1,,,1,30,,2806,1,,,1,70,,2807,1,,,1,30,,2808,1,,,1,70,,2809,1,,,1,30,,2810,1,,,1,70,,2811,1,,,1,30,,2812,1,,,1,70,,2813,1,,,1,30,,2814,1,,,1,70,,2815,1,,,1,30,,2816,1,,,1,70,,2817,1,,,1,30,,2818,1,,,1,70,,2819,1,,,1,30,,2820,1,,,1,70,,2821,1,,,1,30,,2822,1,,,1,70,,2823,1,,,1,30,,2824,1,,,1,70,,2825,1,,,1,30,,2826,1,,,1,70,,2827,1,,,1,30,,2828,1,,,1,70,,2829,1,,,1,30,,2830,1,,,1,70,,2831,1,,,1
6700,'WKDY',1416,,2832,1,,,1,30,,2833,1,,,1,70,,2834,1,,,1,30,,2835,1,,,1,585,,2836,1,,,1,85,,2837,1,,,1,85,,2838,1,,,1,45,,2839,1,,,1
6701,'WKDY',1448,,2840,2,4,,1,75,,2841,2,4,,1,32,,2842,2,4,,1,75,,2843,2,4,,1,574,,2844,2,4,,1,41,,2845,2,4,,1,85,,2846,2,4,,1,85,,2847,2,4,,1
16401,'WKDY',2101,,3858,5,4,,1
