10500,'WKDY',739,,13121,9,4,,1
10500,'CCFWK',739,,13142,9,4,,1
10500,'CCFFF',739,,13163,9,4,,1
10501,'WKDY',540,,13181,3,,,1,80,,13182,3,,,1,86,,13183,3,,,1,45,,13184,3,,,1,81,,13185,3,,,1,89,,13186,3,,,1,27,,13187,3,,,1,97,,13188,3,,,1,99,,13189,3,,,1
10501,'CCFWK',540,,13201,3,,,1,80,,13202,3,,,1,86,,13203,3,,,1,45,,13204,3,,,1,81,,13205,3,,,1,89,,13206,3,,,1,27,,13207,3,,,1,97,,13208,3,,,1,99,,13209,3,,,1
10501,'CCFFF',540,,13221,3,,,1,80,,13222,3,,,1,86,,13223,3,,,1,45,,13224,3,,,1,81,,13225,3,,,1,89,,13226,3,,,1,27,,13227,3,,,1,97,,13228,3,,,1,99,,13229,3,,,1
10601,'WKDY',553,,13253,6,4,,1,83,,13254,6,4,,1,83,,13255,6,4,,1,86,,13256,6,4,,1,38,,13257,6,4,,1
10601,'CCFWK',553,,13258,6,4,,1,83,,13259,6,4,,1,83,,13260,6,4,,1,86,,13261,6,4,,1,38,,13262,6,4,,1
10601,'CCFFF',553,,13263,6,4,,1,83,,13264,6,4,,1,83,,13265,6,4,,1,86,,13266,6,4,,1,38,,13267,6,4,,1
16400,'WKDY',522,,13268,4,4,,1,101,,13269,4,4,,1,87,,13271,4,4,,1,46,,13273,4,4,,1,62,,13274,4,4,,1
16400,'CCFWK',522,,13289,4,4,,1,101,,13290,4,4,,1,87,,13292,4,4,,1,46,,13294,4,4,,1,62,,13295,4,4,,1
16400,'CCFFF',522,,13310,4,4,,1,101,,13311,4,4,,1,87,,13313,4,4,,1,46,,13315,4,4,,1,62,,13316,4,4,,1
16401,'WKDY',553,,13350,3,,,1,93,,13331,3,,,1,84,,13332,3,,,1,106,,13333,3,,,1,93,,13334,3,,,1,97,,13335,3,,,1,100,,13336,3,,,1
16401,'CCFWK',553,,13372,3,,,1,93,,13353,3,,,1,84,,13354,3,,,1,106,,13355,3,,,1,93,,13356,3,,,1,97,,13357,3,,,1,100,,13358,3,,,1
16401,'CCFFF',553,,13394,3,,,1,93,,13375,3,,,1,84,,13376,3,,,1,106,,13377,3,,,1,93,,13378,3,,,1,97,,13379,3,,,1,100,,13380,3,,,1
