1200,'WKDY',529,,4878,7,,,1,30,,4879,7,,,1,70,,4880,7,,,1,30,,4881,7,,,1,70,,4882,7,,,1,30,,4883,7,,,1,70,,4884,7,,,1,30,,4885,7,,,1,70,,4886,7,,,1,30,,4887,7,,,1,70,,4888,7,,,1,30,,4889,7,,,1,71,,4890,7,,,1,70,,4891,7,,,1,30,,4892,7,,,1,70,,4893,7,,,1,30,,4894,7,,,1,70,,4895,7,,,1,30,,4896,7,,,1,70,,4897,7,,,1,30,,4898,7,,,1,70,,4899,7,,,1,30,,4900,7,,,1,70,,4901,7,,,1,30,,4902,7,,,1,70,,4903,7,,,1,30,,4904,7,,,1,70,,4905,7,,,1,30,,4906,7,,,1,29,,4907,7,,,1,70,,4908,7,,,1,30,,4909,7,,,1
1200,'SAT',621,,4910,7,,,1,100,,4911,7,,,1,100,,4912,7,,,1,100,,4913,7,,,1,100,,4914,7,,,1,101,,4915,7,,,1,100,,4916,7,,,1,100,,4917,7,,,1,100,,4918,7,,,1,100,,4919,7,,,1,100,,4920,7,,,1,99,,4921,7,,,1,100,,4922,7,,,1,100,,4923,7,,,1,100,,4924,7,,,1,100,,4925,7,,,1
1200,'SUN',621,,4926,7,,,1,100,,4927,7,,,1,100,,4928,7,,,1,100,,4929,7,,,1,100,,4930,7,,,1,101,,4931,7,,,1,100,,4932,7,,,1,100,,4933,7,,,1,100,,4934,7,,,1,100,,4935,7,,,1,100,,4936,7,,,1,99,,4937,7,,,1,100,,4938,7,,,1,100,,4939,7,,,1,100,,4940,7,,,1,100,,4941,7,,,1
1200,'CCFWK',529,,4942,7,,,1,30,,4943,7,,,1,70,,4944,7,,,1,30,,4945,7,,,1,70,,4946,7,,,1,30,,4947,7,,,1,70,,4948,7,,,1,30,,4949,7,,,1,70,,4950,7,,,1,30,,4951,7,,,1,70,,4952,7,,,1,30,,4953,7,,,1,71,,4954,7,,,1,70,,4955,7,,,1,30,,4956,7,,,1,70,,4957,7,,,1,30,,4958,7,,,1,70,,4959,7,,,1,30,,4960,7,,,1,70,,4961,7,,,1,30,,4962,7,,,1,70,,4963,7,,,1,30,,4964,7,,,1,70,,4965,7,,,1,30,,4966,7,,,1,70,,4967,7,,,1,30,,4968,7,,,1,70,,4969,7,,,1,30,,4970,7,,,1,29,,4971,7,,,1,70,,4972,7,,,1,30,,4973,7,,,1
1200,'CCFFF',529,,4974,7,,,1,30,,4975,7,,,1,70,,4976,7,,,1,30,,4977,7,,,1,70,,4978,7,,,1,30,,4979,7,,,1,70,,4980,7,,,1,30,,4981,7,,,1,70,,4982,7,,,1,30,,4983,7,,,1,70,,4984,7,,,1,30,,4985,7,,,1,71,,4986,7,,,1,70,,4987,7,,,1,30,,4988,7,,,1,70,,4989,7,,,1,30,,4990,7,,,1,70,,4991,7,,,1,30,,4992,7,,,1,70,,4993,7,,,1,30,,4994,7,,,1,70,,4995,7,,,1,30,,4996,7,,,1,70,,4997,7,,,1,30,,4998,7,,,1,70,,4999,7,,,1,30,,5000,7,,,1,70,,5001,7,,,1,30,,5002,7,,,1,29,,5003,7,,,1,70,,5004,7,,,1,30,,5005,7,,,1
1200,'CCFSAT',621,,5006,7,,,1,100,,5007,7,,,1,100,,5008,7,,,1,100,,5009,7,,,1,100,,5010,7,,,1,101,,5011,7,,,1,100,,5012,7,,,1,100,,5013,7,,,1,100,,5014,7,,,1,100,,5015,7,,,1,100,,5016,7,,,1,99,,5017,7,,,1,100,,5018,7,,,1,100,,5019,7,,,1,100,,5020,7,,,1,100,,5021,7,,,1
1200,'CCFSUN',621,,5022,7,,,1,100,,5023,7,,,1,100,,5024,7,,,1,100,,5025,7,,,1,100,,5026,7,,,1,101,,5027,7,,,1,100,,5028,7,,,1,100,,5029,7,,,1,100,,5030,7,,,1,100,,5031,7,,,1,100,,5032,7,,,1,99,,5033,7,,,1,100,,5034,7,,,1,100,,5035,7,,,1,100,,5036,7,,,1,100,,5037,7,,,1
8000,'WKDY',528,,12399,10,,,1,30,,12430,10,,,1,70,,12400,10,,,1,30,,12401,10,,,1,71,,12402,10,,,1,30,,12403,10,,,1,70,,12404,10,,,1,30,,12405,10,,,1,70,,12406,10,,,1,30,,12407,10,,,1,70,,12408,10,,,1,30,,12409,10,,,1,70,,12410,10,,,1,30,,12411,10,,,1,70,,12412,10,,,1,30,,12413,10,,,1,70,,12414,10,,,1,30,,12415,10,,,1,70,,12416,10,,,1,30,,12417,10,,,1,70,,12418,10,,,1,71,,12419,10,,,1,31,,12420,10,,,1,25,,12421,10,,,1,70,,12422,10,,,1,30,,12423,10,,,1,70,,12424,10,,,1,32,,12425,10,,,1,70,,12426,10,,,1,30,,12427,10,,,1,70,,12428,10,,,1,30,,12429,10,,,1
8000,'SAT',628,,12443,10,,,1,100,,12431,10,,,1,30,,12432,10,,,1,70,,12433,10,,,1,30,,12444,10,,,1,70,,12434,10,,,1,30,,12445,10,,,1,71,,12435,10,,,1,30,,12446,10,,,1,70,,12436,10,,,1,30,,12447,10,,,1,70,,12437,10,,,1,30,,12448,10,,,1,70,,12438,10,,,1,30,,12449,10,,,1,70,,12439,10,,,1,30,,12450,10,,,1,70,,12440,10,,,1,30,,12451,10,,,1,70,,12441,10,,,1,30,,12452,10,,,1,70,,12442,10,,,1,30,,12453,10,,,1,70,,12454,10,,,1,29,,12455,10,,,1,70,,12456,10,,,1,30,,12457,10,,,1,100,,12458,10,,,1
8000,'SUN',628,,12472,10,,,1,100,,12459,10,,,1,30,,12460,10,,,1,70,,12461,10,,,1,30,,12473,10,,,1,70,,12462,10,,,1,30,,12474,10,,,1,71,,12463,10,,,1,30,,12475,10,,,1,70,,12464,10,,,1,30,,12476,10,,,1,70,,12465,10,,,1,30,,12477,10,,,1,70,,12466,10,,,1,30,,12478,10,,,1,70,,12467,10,,,1,30,,12479,10,,,1,70,,12468,10,,,1,30,,12480,10,,,1,70,,12469,10,,,1,30,,12481,10,,,1,70,,12470,10,,,1,30,,12482,10,,,1,70,,12471,10,,,1,29,,12483,10,,,1,70,,12485,10,,,1,30,,12484,10,,,1,100,,12486,10,,,1
8000,'CCFWK',528,,12487,10,,,1,30,,12518,10,,,1,70,,12488,10,,,1,30,,12489,10,,,1,71,,12490,10,,,1,30,,12491,10,,,1,70,,12492,10,,,1,30,,12493,10,,,1,70,,12494,10,,,1,30,,12495,10,,,1,70,,12496,10,,,1,30,,12497,10,,,1,70,,12498,10,,,1,30,,12499,10,,,1,70,,12500,10,,,1,30,,12501,10,,,1,70,,12502,10,,,1,30,,12503,10,,,1,70,,12504,10,,,1,30,,12505,10,,,1,70,,12506,10,,,1,71,,12507,10,,,1,31,,12508,10,,,1,25,,12509,10,,,1,70,,12510,10,,,1,30,,12511,10,,,1,70,,12512,10,,,1,32,,12513,10,,,1,70,,12514,10,,,1,30,,12515,10,,,1,70,,12516,10,,,1,30,,12517,10,,,1
8000,'CCFFF',528,,12519,10,,,1,30,,12550,10,,,1,70,,12520,10,,,1,30,,12521,10,,,1,71,,12522,10,,,1,30,,12523,10,,,1,70,,12524,10,,,1,30,,12525,10,,,1,70,,12526,10,,,1,30,,12527,10,,,1,70,,12528,10,,,1,30,,12529,10,,,1,70,,12530,10,,,1,30,,12531,10,,,1,70,,12532,10,,,1,30,,12533,10,,,1,70,,12534,10,,,1,30,,12535,10,,,1,70,,12536,10,,,1,30,,12537,10,,,1,70,,12538,10,,,1,71,,12539,10,,,1,31,,12540,10,,,1,25,,12541,10,,,1,70,,12542,10,,,1,30,,12543,10,,,1,70,,12544,10,,,1,32,,12545,10,,,1,70,,12546,10,,,1,30,,12547,10,,,1,70,,12548,10,,,1,30,,12549,10,,,1
8000,'CCFSAT',628,,12563,10,,,1,100,,12551,10,,,1,30,,12552,10,,,1,70,,12553,10,,,1,30,,12564,10,,,1,70,,12554,10,,,1,30,,12565,10,,,1,71,,12555,10,,,1,30,,12566,10,,,1,70,,12556,10,,,1,30,,12567,10,,,1,70,,12557,10,,,1,30,,12568,10,,,1,70,,12558,10,,,1,30,,12569,10,,,1,70,,12559,10,,,1,30,,12570,10,,,1,70,,12560,10,,,1,30,,12571,10,,,1,70,,12561,10,,,1,30,,12572,10,,,1,70,,12562,10,,,1,30,,12573,10,,,1,70,,12574,10,,,1,29,,12575,10,,,1,70,,12576,10,,,1,30,,12577,10,,,1,100,,12578,10,,,1
8000,'CCFSUN',628,,12592,10,,,1,100,,12579,10,,,1,30,,12580,10,,,1,70,,12581,10,,,1,30,,12593,10,,,1,70,,12582,10,,,1,30,,12594,10,,,1,71,,12583,10,,,1,30,,12595,10,,,1,70,,12584,10,,,1,30,,12596,10,,,1,70,,12585,10,,,1,30,,12597,10,,,1,70,,12586,10,,,1,30,,12598,10,,,1,70,,12587,10,,,1,30,,12599,10,,,1,70,,12588,10,,,1,30,,12600,10,,,1,70,,12589,10,,,1,30,,12601,10,,,1,70,,12590,10,,,1,30,,12602,10,,,1,70,,12591,10,,,1,29,,12603,10,,,1,70,,12605,10,,,1,30,,12604,10,,,1,100,,12606,10,,,1
