700,'WKDY',551,,4506,12,,,1,108,,4507,12,,,1,68,,4508,12,,,1,30,,4509,12,,,1,70,,4510,12,,,1,30,,4511,12,,,1,69,,4512,12,,,1,30,,4513,12,,,1,70,,4514,12,,,1,30,,4515,12,,,1,70,,4516,12,,,1,31,,4517,12,,,1,70,,4518,12,,,1,30,,4519,12,,,1,70,,4520,12,,,1,30,,4521,12,,,1,72,,4522,12,,,1,30,,4523,12,,,1,70,,4524,12,,,1,30,,4525,12,,,1,70,,4526,12,,,1,30,,4527,12,,,1,70,,4528,12,,,1,29,,4529,12,,,1,69,,4530,12,,,1,30,,4531,12,,,1,68,,4532,12,,,1,100,,4533,12,,,1,100,,4534,12,,,1
700,'SAT',655,,4546,12,,,1,100,,4547,12,,,1,100,,4535,12,,,1,101,,4536,12,,,1,100,,4537,12,,,1,100,,4538,12,,,1,101,,4539,12,,,1,100,,4540,12,,,1,100,,4541,12,,,1,100,,4542,12,,,1,100,,4543,12,,,1,100,,4544,12,,,1,99,,4545,12,,,1,100,,4548,12,,,1,100,,4549,12,,,1
700,'SUN',655,,4561,12,,,1,100,,4562,12,,,1,100,,4550,12,,,1,101,,4551,12,,,1,100,,4552,12,,,1,100,,4553,12,,,1,101,,4554,12,,,1,100,,4555,12,,,1,100,,4556,12,,,1,100,,4557,12,,,1,100,,4558,12,,,1,100,,4559,12,,,1,99,,4560,12,,,1,100,,4563,12,,,1,100,,4564,12,,,1
700,'CCFWK',551,,4565,12,,,1,108,,4566,12,,,1,68,,4567,12,,,1,30,,4568,12,,,1,70,,4569,12,,,1,30,,4570,12,,,1,69,,4571,12,,,1,30,,4572,12,,,1,70,,4573,12,,,1,30,,4574,12,,,1,70,,4575,12,,,1,31,,4576,12,,,1,70,,4577,12,,,1,30,,4578,12,,,1,70,,4579,12,,,1,30,,4580,12,,,1,72,,4581,12,,,1,30,,4582,12,,,1,70,,4583,12,,,1,30,,4584,12,,,1,70,,4585,12,,,1,30,,4586,12,,,1,70,,4587,12,,,1,29,,4588,12,,,1,69,,4589,12,,,1,30,,4590,12,,,1,68,,4591,12,,,1,100,,4592,12,,,1,100,,4593,12,,,1
700,'CCFFF',551,,4594,12,,,1,108,,4595,12,,,1,68,,4596,12,,,1,30,,4597,12,,,1,70,,4598,12,,,1,30,,4599,12,,,1,69,,4600,12,,,1,30,,4601,12,,,1,70,,4602,12,,,1,30,,4603,12,,,1,70,,4604,12,,,1,31,,4605,12,,,1,70,,4606,12,,,1,30,,4607,12,,,1,70,,4608,12,,,1,30,,4609,12,,,1,72,,4610,12,,,1,30,,4611,12,,,1,70,,4612,12,,,1,30,,4613,12,,,1,70,,4614,12,,,1,30,,4615,12,,,1,70,,4616,12,,,1,29,,4617,12,,,1,69,,4618,12,,,1,30,,4619,12,,,1,68,,4620,12,,,1,100,,4621,12,,,1,100,,4622,12,,,1
700,'CCFSAT',655,,4634,12,,,1,100,,4635,12,,,1,100,,4623,12,,,1,101,,4624,12,,,1,100,,4625,12,,,1,100,,4626,12,,,1,101,,4627,12,,,1,100,,4628,12,,,1,100,,4629,12,,,1,100,,4630,12,,,1,100,,4631,12,,,1,100,,4632,12,,,1,99,,4633,12,,,1,100,,4636,12,,,1,100,,4637,12,,,1
700,'CCFSUN',655,,4649,12,,,1,100,,4650,12,,,1,100,,4638,12,,,1,101,,4639,12,,,1,100,,4640,12,,,1,100,,4641,12,,,1,101,,4642,12,,,1,100,,4643,12,,,1,100,,4644,12,,,1,100,,4645,12,,,1,100,,4646,12,,,1,100,,4647,12,,,1,99,,4648,12,,,1,100,,4651,12,,,1,100,,4652,12,,,1
7201,'WKDY',510,,11673,15,,,1,90,,11674,15,,,1,30,,11675,15,,,1,70,,11676,15,,,1,31,,11677,15,,,1,70,,11678,15,,,1,30,,11679,15,,,1,70,,11680,15,,,1,30,,11697,15,,,1,70,,11681,15,,,1,30,,11698,15,,,1,70,,11682,15,,,1,30,,11699,15,,,1,70,,11683,15,,,1,30,,11700,15,,,1,70,,11684,15,,,1,30,,11701,15,,,1,70,,11685,15,,,1,30,,11702,15,,,1,70,,11686,15,,,1,31,,11687,15,,,1,70,,11688,15,,,1,30,,11689,15,,,1,70,,11690,15,,,1,30,,11691,15,,,1,69,,11692,15,,,1,30,,11693,15,,,1,70,,11694,15,,,1,99,,11695,15,,,1,110,,11696,15,,,1
7201,'SAT',730,,11703,15,,,1,100,,11704,15,,,1,101,,11705,15,,,1,100,,11706,15,,,1,100,,11707,15,,,1,100,,11708,15,,,1,101,,11709,15,,,1,100,,11710,15,,,1,100,,11711,15,,,1,100,,11712,15,,,1,100,,11713,15,,,1,100,,11714,15,,,1,99,,11715,15,,,1
7201,'SUN',730,,11716,15,,,1,100,,11717,15,,,1,101,,11718,15,,,1,100,,11719,15,,,1,100,,11720,15,,,1,100,,11721,15,,,1,101,,11722,15,,,1,100,,11723,15,,,1,100,,11724,15,,,1,100,,11725,15,,,1,100,,11726,15,,,1,100,,11727,15,,,1,99,,11728,15,,,1
7201,'CCFWK',510,,11729,15,,,1,90,,11730,15,,,1,30,,11731,15,,,1,70,,11732,15,,,1,31,,11733,15,,,1,70,,11734,15,,,1,30,,11735,15,,,1,70,,11736,15,,,1,30,,11753,15,,,1,70,,11737,15,,,1,30,,11754,15,,,1,70,,11738,15,,,1,30,,11755,15,,,1,70,,11739,15,,,1,30,,11756,15,,,1,70,,11740,15,,,1,30,,11757,15,,,1,70,,11741,15,,,1,30,,11758,15,,,1,70,,11742,15,,,1,31,,11743,15,,,1,70,,11744,15,,,1,30,,11745,15,,,1,70,,11746,15,,,1,30,,11747,15,,,1,69,,11748,15,,,1,30,,11749,15,,,1,70,,11750,15,,,1,99,,11751,15,,,1,110,,11752,15,,,1
7201,'CCFFF',510,,11759,15,,,1,90,,11760,15,,,1,30,,11761,15,,,1,70,,11762,15,,,1,31,,11763,15,,,1,70,,11764,15,,,1,30,,11765,15,,,1,70,,11766,15,,,1,30,,11783,15,,,1,70,,11767,15,,,1,30,,11784,15,,,1,70,,11768,15,,,1,30,,11785,15,,,1,70,,11769,15,,,1,30,,11786,15,,,1,70,,11770,15,,,1,30,,11787,15,,,1,70,,11771,15,,,1,30,,11788,15,,,1,70,,11772,15,,,1,31,,11773,15,,,1,70,,11774,15,,,1,30,,11775,15,,,1,70,,11776,15,,,1,30,,11777,15,,,1,69,,11778,15,,,1,30,,11779,15,,,1,70,,11780,15,,,1,99,,11781,15,,,1,110,,11782,15,,,1
7201,'CCFSAT',730,,11789,15,,,1,100,,11790,15,,,1,101,,11791,15,,,1,100,,11792,15,,,1,100,,11793,15,,,1,100,,11794,15,,,1,101,,11795,15,,,1,100,,11796,15,,,1,100,,11797,15,,,1,100,,11798,15,,,1,100,,11799,15,,,1,100,,11800,15,,,1,99,,11801,15,,,1
7201,'CCFSUN',730,,11802,15,,,1,100,,11803,15,,,1,101,,11804,15,,,1,100,,11805,15,,,1,100,,11806,15,,,1,100,,11807,15,,,1,101,,11808,15,,,1,100,,11809,15,,,1,100,,11810,15,,,1,100,,11811,15,,,1,100,,11812,15,,,1,100,,11813,15,,,1,99,,11814,15,,,1
