1201,'WKDY',638,,5038,20,,,1,70,,5039,20,,,1,30,,5040,20,,,1,70,,5041,20,,,1,30,,5042,20,,,1,70,,5043,20,,,1,30,,5044,20,,,1,70,,5045,20,,,1,30,,5046,20,,,1,70,,5047,20,,,1,30,,5048,20,,,1,70,,5049,20,,,1,30,,5050,20,,,1,70,,5051,20,,,1,30,,5052,20,,,1,70,,5053,20,,,1,30,,5054,20,,,1,70,,5055,20,,,1,33,,5056,20,,,1,70,,5057,20,,,1,30,,5058,20,,,1,70,,5059,20,,,1,30,,5060,20,,,1,70,,5061,20,,,1,27,,5062,20,,,1,70,,5063,20,,,1,30,,5064,20,,,1,69,,5065,20,,,1,30,,5066,20,,,1,69,,5067,20,,,1,30,,5068,20,,,1,70,,5069,20,,,1
1201,'SAT',727,,5070,20,,,1,100,,5071,20,,,1,101,,5072,20,,,1,100,,5073,20,,,1,101,,5074,20,,,1,100,,5075,20,,,1,100,,5076,20,,,1,100,,5077,20,,,1,100,,5078,20,,,1,100,,5079,20,,,1,99,,5080,20,,,1,100,,5081,20,,,1,99,,5082,20,,,1,100,,5083,20,,,1,100,,5084,20,,,1,100,,5085,20,,,1
1201,'SUN',727,,5086,20,,,1,100,,5087,20,,,1,101,,5088,20,,,1,100,,5089,20,,,1,101,,5090,20,,,1,100,,5091,20,,,1,100,,5092,20,,,1,100,,5093,20,,,1,100,,5094,20,,,1,100,,5095,20,,,1,99,,5096,20,,,1,100,,5097,20,,,1,99,,5098,20,,,1,100,,5099,20,,,1,100,,5100,20,,,1,100,,5101,20,,,1
1201,'CCFWK',638,,5102,20,,,1,70,,5103,20,,,1,30,,5104,20,,,1,70,,5105,20,,,1,30,,5106,20,,,1,70,,5107,20,,,1,30,,5108,20,,,1,70,,5109,20,,,1,30,,5110,20,,,1,70,,5111,20,,,1,30,,5112,20,,,1,70,,5113,20,,,1,30,,5114,20,,,1,70,,5115,20,,,1,30,,5116,20,,,1,70,,5117,20,,,1,30,,5118,20,,,1,70,,5119,20,,,1,33,,5120,20,,,1,70,,5121,20,,,1,30,,5122,20,,,1,70,,5123,20,,,1,30,,5124,20,,,1,70,,5125,20,,,1,27,,5126,20,,,1,70,,5127,20,,,1,30,,5128,20,,,1,69,,5129,20,,,1,30,,5130,20,,,1,69,,5131,20,,,1,30,,5132,20,,,1,70,,5133,20,,,1
1201,'CCFFF',638,,5134,20,,,1,70,,5135,20,,,1,30,,5136,20,,,1,70,,5137,20,,,1,30,,5138,20,,,1,70,,5139,20,,,1,30,,5140,20,,,1,70,,5141,20,,,1,30,,5142,20,,,1,70,,5143,20,,,1,30,,5144,20,,,1,70,,5145,20,,,1,30,,5146,20,,,1,70,,5147,20,,,1,30,,5148,20,,,1,70,,5149,20,,,1,30,,5150,20,,,1,70,,5151,20,,,1,33,,5152,20,,,1,70,,5153,20,,,1,30,,5154,20,,,1,70,,5155,20,,,1,30,,5156,20,,,1,70,,5157,20,,,1,27,,5158,20,,,1,70,,5159,20,,,1,30,,5160,20,,,1,69,,5161,20,,,1,30,,5162,20,,,1,69,,5163,20,,,1,30,,5164,20,,,1,70,,5165,20,,,1
1201,'CCFSAT',727,,5166,20,,,1,100,,5167,20,,,1,101,,5168,20,,,1,100,,5169,20,,,1,101,,5170,20,,,1,100,,5171,20,,,1,100,,5172,20,,,1,100,,5173,20,,,1,100,,5174,20,,,1,100,,5175,20,,,1,99,,5176,20,,,1,100,,5177,20,,,1,99,,5178,20,,,1,100,,5179,20,,,1,100,,5180,20,,,1,100,,5181,20,,,1
1201,'CCFSUN',727,,5182,20,,,1,100,,5183,20,,,1,101,,5184,20,,,1,100,,5185,20,,,1,101,,5186,20,,,1,100,,5187,20,,,1,100,,5188,20,,,1,100,,5189,20,,,1,100,,5190,20,,,1,100,,5191,20,,,1,99,,5192,20,,,1,100,,5193,20,,,1,99,,5194,20,,,1,100,,5195,20,,,1,100,,5196,20,,,1,100,,5197,20,,,1
8000,'WKDY',618,,12607,26,,,1,30,,12608,26,,,1,71,,12609,26,,,1,31,,12610,26,,,1,70,,12611,26,,,1,30,,12612,26,,,1,69,,12613,26,,,1,30,,12614,26,,,1,70,,12615,26,,,1,31,,12616,26,,,1,70,,12617,26,,,1,30,,12618,26,,,1,70,,12619,26,,,1,30,,12620,26,,,1,70,,12621,26,,,1,31,,12622,26,,,1,70,,12623,26,,,1,30,,12624,26,,,1,72,,12625,26,,,1,33,,12626,26,,,1,67,,12627,26,,,1,29,,12628,26,,,1,69,,12629,26,,,1,29,,12630,26,,,1,69,,12631,26,,,1,30,,12632,26,,,1,69,,12633,26,,,1,29,,12634,26,,,1,70,,12635,26,,,1,30,,12636,26,,,1,69,,12637,26,,,1
8000,'SAT',717,,12651,26,,,1,100,,12638,26,,,1,30,,12639,26,,,1,70,,12640,26,,,1,30,,12652,26,,,1,70,,12641,26,,,1,31,,12653,26,,,1,70,,12642,26,,,1,30,,12654,26,,,1,70,,12643,26,,,1,31,,12655,26,,,1,70,,12644,26,,,1,30,,12656,26,,,1,70,,12645,26,,,1,30,,12657,26,,,1,70,,12646,26,,,1,30,,12658,26,,,1,70,,12647,26,,,1,30,,12659,26,,,1,70,,12648,26,,,1,29,,12660,26,,,1,70,,12649,26,,,1,30,,12661,26,,,1,70,,12650,26,,,1,30,,12662,26,,,1,69,,12665,26,,,1,31,,12663,26,,,1,100,,12664,26,,,1
8000,'SUN',717,,12679,26,,,1,100,,12666,26,,,1,30,,12667,26,,,1,70,,12668,26,,,1,30,,12680,26,,,1,70,,12669,26,,,1,31,,12681,26,,,1,70,,12670,26,,,1,30,,12682,26,,,1,70,,12671,26,,,1,31,,12683,26,,,1,70,,12672,26,,,1,30,,12684,26,,,1,70,,12673,26,,,1,30,,12685,26,,,1,70,,12674,26,,,1,30,,12686,26,,,1,70,,12675,26,,,1,30,,12687,26,,,1,70,,12676,26,,,1,29,,12688,26,,,1,70,,12677,26,,,1,30,,12689,26,,,1,70,,12678,26,,,1,30,,12690,26,,,1,69,,12693,26,,,1,31,,12691,26,,,1,99,,12692,26,,,1
8000,'CCFWK',618,,12694,26,,,1,30,,12695,26,,,1,71,,12696,26,,,1,31,,12697,26,,,1,70,,12698,26,,,1,30,,12699,26,,,1,69,,12700,26,,,1,30,,12701,26,,,1,70,,12702,26,,,1,31,,12703,26,,,1,70,,12704,26,,,1,30,,12705,26,,,1,70,,12706,26,,,1,30,,12707,26,,,1,70,,12708,26,,,1,31,,12709,26,,,1,70,,12710,26,,,1,30,,12711,26,,,1,72,,12712,26,,,1,33,,12713,26,,,1,67,,12714,26,,,1,29,,12715,26,,,1,69,,12716,26,,,1,29,,12717,26,,,1,69,,12718,26,,,1,30,,12719,26,,,1,69,,12720,26,,,1,29,,12721,26,,,1,70,,12722,26,,,1,30,,12723,26,,,1,69,,12724,26,,,1
8000,'CCFFF',618,,12725,26,,,1,30,,12726,26,,,1,71,,12727,26,,,1,31,,12728,26,,,1,70,,12729,26,,,1,30,,12730,26,,,1,69,,12731,26,,,1,30,,12732,26,,,1,70,,12733,26,,,1,31,,12734,26,,,1,70,,12735,26,,,1,30,,12736,26,,,1,70,,12737,26,,,1,30,,12738,26,,,1,70,,12739,26,,,1,31,,12740,26,,,1,70,,12741,26,,,1,30,,12742,26,,,1,72,,12743,26,,,1,33,,12744,26,,,1,67,,12745,26,,,1,29,,12746,26,,,1,69,,12747,26,,,1,29,,12748,26,,,1,69,,12749,26,,,1,30,,12750,26,,,1,69,,12751,26,,,1,29,,12752,26,,,1,70,,12753,26,,,1,30,,12754,26,,,1,69,,12755,26,,,1
8000,'CCFSAT',717,,12769,26,,,1,100,,12756,26,,,1,30,,12757,26,,,1,70,,12758,26,,,1,30,,12770,26,,,1,70,,12759,26,,,1,31,,12771,26,,,1,70,,12760,26,,,1,30,,12772,26,,,1,70,,12761,26,,,1,31,,12773,26,,,1,70,,12762,26,,,1,30,,12774,26,,,1,70,,12763,26,,,1,30,,12775,26,,,1,70,,12764,26,,,1,30,,12776,26,,,1,70,,12765,26,,,1,30,,12777,26,,,1,70,,12766,26,,,1,29,,12778,26,,,1,70,,12767,26,,,1,30,,12779,26,,,1,70,,12768,26,,,1,30,,12780,26,,,1,69,,12783,26,,,1,31,,12781,26,,,1,100,,12782,26,,,1
8000,'CCFSUN',717,,12797,26,,,1,100,,12784,26,,,1,30,,12785,26,,,1,70,,12786,26,,,1,30,,12798,26,,,1,70,,12787,26,,,1,31,,12799,26,,,1,70,,12788,26,,,1,30,,12800,26,,,1,70,,12789,26,,,1,31,,12801,26,,,1,70,,12790,26,,,1,30,,12802,26,,,1,70,,12791,26,,,1,30,,12803,26,,,1,70,,12792,26,,,1,30,,12804,26,,,1,70,,12793,26,,,1,30,,12805,26,,,1,70,,12794,26,,,1,29,,12806,26,,,1,70,,12795,26,,,1,30,,12807,26,,,1,70,,12796,26,,,1,30,,12808,26,,,1,70,,12811,26,,,1,30,,12809,26,,,1,99,,12810,26,,,1
