3400,'WKDY',542,,6713,11,4,,1,85,,6682,11,4,,1,30,,6683,11,4,,1,72,,6684,11,4,,1,30,,6685,11,4,,1,71,,6686,11,4,,1,71,,6687,11,4,,1,30,,6688,11,4,,1,70,,6689,11,4,,1,30,,6690,11,4,,1,71,,6691,11,4,,1,30,,6692,11,4,,1,70,,6693,11,4,,1,30,,6694,11,4,,1,70,,6695,11,4,,1,31,,6696,11,4,,1,71,,6697,11,4,,1,30,,6698,11,4,,1,72,,6699,11,4,,1,30,,6700,11,4,,1,71,,6701,11,4,,1,30,,6702,11,4,,1,70,,6703,11,4,,1,29,,6704,11,4,,1,69,,6705,11,4,,1,30,,6706,11,4,,1,69,,6707,11,4,,1,28,,6708,11,4,,1,70,,6709,11,4,,1,25,,6710,11,4,,1,30,,6711,11,4,,1,70,,6712,11,4,,1,29,,6714,11,4,,1,70,,6715,11,4,,1,30,,6716,11,4,,1,70,,6717,11,4,,1,30,,6718,11,4,,1
3400,'SAT',715,,6751,11,4,,1,100,,6719,11,4,,1,100,,6721,11,4,,1,102,,6723,11,4,,1,100,,6725,11,4,,1,100,,6727,11,4,,1,100,,6729,11,4,,1,100,,6731,11,4,,1,100,,6733,11,4,,1,100,,6735,11,4,,1,100,,6737,11,4,,1,99,,6739,11,4,,1,100,,6741,11,4,,1,99,,6743,11,4,,1,100,,6745,11,4,,1,30,,6746,11,4,,1,70,,6747,11,4,,1,30,,6748,11,4,,1,70,,6749,11,4,,1,30,,6750,11,4,,1
3400,'SUN',715,,6785,11,4,,1,100,,6753,11,4,,1,100,,6755,11,4,,1,102,,6757,11,4,,1,100,,6759,11,4,,1,100,,6761,11,4,,1,100,,6763,11,4,,1,100,,6765,11,4,,1,100,,6767,11,4,,1,100,,6769,11,4,,1,100,,6771,11,4,,1,99,,6773,11,4,,1,100,,6775,11,4,,1,99,,6777,11,4,,1,100,,6779,11,4,,1,30,,6780,11,4,,1,70,,6781,11,4,,1,30,,6782,11,4,,1,70,,6783,11,4,,1,30,,6784,11,4,,1
3400,'CCFWK',542,,6818,11,4,,1,85,,6787,11,4,,1,30,,6788,11,4,,1,72,,6789,11,4,,1,30,,6790,11,4,,1,71,,6791,11,4,,1,71,,6792,11,4,,1,30,,6793,11,4,,1,70,,6794,11,4,,1,30,,6795,11,4,,1,71,,6796,11,4,,1,30,,6797,11,4,,1,70,,6798,11,4,,1,30,,6799,11,4,,1,70,,6800,11,4,,1,31,,6801,11,4,,1,71,,6802,11,4,,1,30,,6803,11,4,,1,72,,6804,11,4,,1,30,,6805,11,4,,1,71,,6806,11,4,,1,30,,6807,11,4,,1,70,,6808,11,4,,1,29,,6809,11,4,,1,69,,6810,11,4,,1,30,,6811,11,4,,1,69,,6812,11,4,,1,28,,6813,11,4,,1,70,,6814,11,4,,1,25,,6815,11,4,,1,30,,6816,11,4,,1,70,,6817,11,4,,1,29,,6819,11,4,,1,70,,6820,11,4,,1,30,,6821,11,4,,1,70,,6822,11,4,,1,30,,6823,11,4,,1
3400,'CCFFF',542,,6855,11,4,,1,85,,6824,11,4,,1,30,,6825,11,4,,1,72,,6826,11,4,,1,30,,6827,11,4,,1,71,,6828,11,4,,1,71,,6829,11,4,,1,30,,6830,11,4,,1,70,,6831,11,4,,1,30,,6832,11,4,,1,71,,6833,11,4,,1,30,,6834,11,4,,1,70,,6835,11,4,,1,30,,6836,11,4,,1,70,,6837,11,4,,1,31,,6838,11,4,,1,71,,6839,11,4,,1,30,,6840,11,4,,1,72,,6841,11,4,,1,30,,6842,11,4,,1,71,,6843,11,4,,1,30,,6844,11,4,,1,70,,6845,11,4,,1,29,,6846,11,4,,1,69,,6847,11,4,,1,30,,6848,11,4,,1,69,,6849,11,4,,1,28,,6850,11,4,,1,70,,6851,11,4,,1,25,,6852,11,4,,1,30,,6853,11,4,,1,70,,6854,11,4,,1,29,,6856,11,4,,1,70,,6857,11,4,,1,30,,6858,11,4,,1,70,,6859,11,4,,1,30,,6860,11,4,,1
3400,'CCFSAT',715,,6893,11,4,,1,100,,6861,11,4,,1,100,,6863,11,4,,1,102,,6865,11,4,,1,100,,6867,11,4,,1,100,,6869,11,4,,1,100,,6871,11,4,,1,100,,6873,11,4,,1,100,,6875,11,4,,1,100,,6877,11,4,,1,100,,6879,11,4,,1,99,,6881,11,4,,1,100,,6883,11,4,,1,99,,6885,11,4,,1,100,,6887,11,4,,1,30,,6888,11,4,,1,70,,6889,11,4,,1,30,,6890,11,4,,1,70,,6891,11,4,,1,30,,6892,11,4,,1
3400,'CCFSUN',715,,6927,11,4,,1,100,,6895,11,4,,1,100,,6897,11,4,,1,102,,6899,11,4,,1,100,,6901,11,4,,1,100,,6903,11,4,,1,100,,6905,11,4,,1,100,,6907,11,4,,1,100,,6909,11,4,,1,100,,6911,11,4,,1,100,,6913,11,4,,1,99,,6915,11,4,,1,100,,6917,11,4,,1,99,,6919,11,4,,1,100,,6921,11,4,,1,30,,6922,11,4,,1,70,,6923,11,4,,1,30,,6924,11,4,,1,70,,6925,11,4,,1,30,,6926,11,4,,1
3401,'WKDY',517,,6929,1,,,1,30,,6930,1,,,1,69,,6931,1,,,1,29,,6932,1,,,1,70,,6933,1,,,1,30,,6934,1,,,1,70,,6935,1,,,1,30,,6936,1,,,1,70,,6937,1,,,1,30,,6938,1,,,1,70,,6939,1,,,1,30,,6940,1,,,1,70,,6941,1,,,1,30,,6942,1,,,1,70,,6943,1,,,1,30,,6944,1,,,1,70,,6945,1,,,1,30,,6946,1,,,1,70,,6947,1,,,1,30,,6948,1,,,1,70,,6949,1,,,1,30,,6950,1,,,1,70,,6951,1,,,1,30,,6952,1,,,1,70,,6953,1,,,1,30,,6954,1,,,1,70,,6955,1,,,1,30,,6956,1,,,1,70,,6957,1,,,1,30,,6958,1,,,1,70,,6959,1,,,1,30,,6960,1,,,1,70,,6961,1,,,1,32,,6962,1,,,1,70,,6963,1,,,1,30,,6964,1,,,1,70,,6965,1,,,1,30,,6966,1,,,1
3401,'SAT',724,,6967,1,,,1,30,,6968,1,,,1,70,,6969,1,,,1,30,,6970,1,,,1,70,,6971,1,,,1,30,,6972,1,,,1,70,,6973,1,,,1,30,,6974,1,,,1,70,,6975,1,,,1,30,,6976,1,,,1,70,,6977,1,,,1,30,,6978,1,,,1,70,,6979,1,,,1,30,,6980,1,,,1,70,,6981,1,,,1,30,,6982,1,,,1,70,,6983,1,,,1,30,,6984,1,,,1,70,,6985,1,,,1,30,,6986,1,,,1,70,,6987,1,,,1,30,,6988,1,,,1,70,,6989,1,,,1,30,,6990,1,,,1,70,,6991,1,,,1,30,,6992,1,,,1,70,,6993,1,,,1,30,,6994,1,,,1,70,,6995,1,,,1,30,,6996,1,,,1,70,,6997,1,,,1,30,,6998,1,,,1,70,,6999,1,,,1,25,,7000,1,,,1
3401,'SUN',724,,7001,1,,,1,30,,7002,1,,,1,70,,7003,1,,,1,30,,7004,1,,,1,70,,7005,1,,,1,30,,7006,1,,,1,70,,7007,1,,,1,30,,7008,1,,,1,70,,7009,1,,,1,30,,7010,1,,,1,70,,7011,1,,,1,30,,7012,1,,,1,70,,7013,1,,,1,30,,7014,1,,,1,70,,7015,1,,,1,30,,7016,1,,,1,70,,7017,1,,,1,30,,7018,1,,,1,70,,7019,1,,,1,30,,7020,1,,,1,70,,7021,1,,,1,30,,7022,1,,,1,70,,7023,1,,,1,30,,7024,1,,,1,70,,7025,1,,,1,30,,7026,1,,,1,70,,7027,1,,,1,30,,7028,1,,,1,70,,7029,1,,,1,30,,7030,1,,,1,70,,7031,1,,,1,30,,7032,1,,,1,70,,7033,1,,,1,25,,7034,1,,,1
3401,'CCFWK',517,,7035,1,,,1,30,,7036,1,,,1,69,,7037,1,,,1,29,,7038,1,,,1,70,,7039,1,,,1,30,,7040,1,,,1,70,,7041,1,,,1,30,,7042,1,,,1,70,,7043,1,,,1,30,,7044,1,,,1,70,,7045,1,,,1,30,,7046,1,,,1,70,,7047,1,,,1,30,,7048,1,,,1,70,,7049,1,,,1,30,,7050,1,,,1,70,,7051,1,,,1,30,,7052,1,,,1,70,,7053,1,,,1,30,,7054,1,,,1,70,,7055,1,,,1,30,,7056,1,,,1,70,,7057,1,,,1,30,,7058,1,,,1,70,,7059,1,,,1,30,,7060,1,,,1,70,,7061,1,,,1,30,,7062,1,,,1,70,,7063,1,,,1,30,,7064,1,,,1,70,,7065,1,,,1,30,,7066,1,,,1,70,,7067,1,,,1,32,,7068,1,,,1,70,,7069,1,,,1,30,,7070,1,,,1,70,,7071,1,,,1,30,,7072,1,,,1
3401,'CCFFF',517,,7073,1,,,1,30,,7074,1,,,1,69,,7075,1,,,1,29,,7076,1,,,1,70,,7077,1,,,1,30,,7078,1,,,1,70,,7079,1,,,1,30,,7080,1,,,1,70,,7081,1,,,1,30,,7082,1,,,1,70,,7083,1,,,1,30,,7084,1,,,1,70,,7085,1,,,1,30,,7086,1,,,1,70,,7087,1,,,1,30,,7088,1,,,1,70,,7089,1,,,1,30,,7090,1,,,1,70,,7091,1,,,1,30,,7092,1,,,1,70,,7093,1,,,1,30,,7094,1,,,1,70,,7095,1,,,1,30,,7096,1,,,1,70,,7097,1,,,1,30,,7098,1,,,1,70,,7099,1,,,1,30,,7100,1,,,1,70,,7101,1,,,1,30,,7102,1,,,1,70,,7103,1,,,1,30,,7104,1,,,1,70,,7105,1,,,1,32,,7106,1,,,1,70,,7107,1,,,1,30,,7108,1,,,1,70,,7109,1,,,1,30,,7110,1,,,1
3401,'CCFSAT',724,,7111,1,,,1,30,,7112,1,,,1,70,,7113,1,,,1,30,,7114,1,,,1,70,,7115,1,,,1,30,,7116,1,,,1,70,,7117,1,,,1,30,,7118,1,,,1,70,,7119,1,,,1,30,,7120,1,,,1,70,,7121,1,,,1,30,,7122,1,,,1,70,,7123,1,,,1,30,,7124,1,,,1,70,,7125,1,,,1,30,,7126,1,,,1,70,,7127,1,,,1,30,,7128,1,,,1,70,,7129,1,,,1,30,,7130,1,,,1,70,,7131,1,,,1,30,,7132,1,,,1,70,,7133,1,,,1,30,,7134,1,,,1,70,,7135,1,,,1,30,,7136,1,,,1,70,,7137,1,,,1,30,,7138,1,,,1,70,,7139,1,,,1,30,,7140,1,,,1,70,,7141,1,,,1,30,,7142,1,,,1,70,,7143,1,,,1,25,,7144,1,,,1
3401,'CCFSUN',724,,7145,1,,,1,30,,7146,1,,,1,70,,7147,1,,,1,30,,7148,1,,,1,70,,7149,1,,,1,30,,7150,1,,,1,70,,7151,1,,,1,30,,7152,1,,,1,70,,7153,1,,,1,30,,7154,1,,,1,70,,7155,1,,,1,30,,7156,1,,,1,70,,7157,1,,,1,30,,7158,1,,,1,70,,7159,1,,,1,30,,7160,1,,,1,70,,7161,1,,,1,30,,7162,1,,,1,70,,7163,1,,,1,30,,7164,1,,,1,70,,7165,1,,,1,30,,7166,1,,,1,70,,7167,1,,,1,30,,7168,1,,,1,70,,7169,1,,,1,30,,7170,1,,,1,70,,7171,1,,,1,30,,7172,1,,,1,70,,7173,1,,,1,30,,7174,1,,,1,70,,7175,1,,,1,30,,7176,1,,,1,70,,7177,1,,,1,25,,7178,1,,,1
7401,'SAT',743,,11848,29,4,,1,101,,11849,29,4,,1,102,,11850,29,4,,1,100,,11851,29,4,,1,101,,11852,29,4,,1,102,,11853,29,4,,1,100,,11854,29,4,,1,100,,11855,29,4,,1,100,,11856,29,4,,1,100,,11857,29,4,,1,99,,11858,29,4,,1,100,,11859,29,4,,1,98,,11860,29,4,,1,100,,11861,29,4,,1
7401,'SUN',743,,11862,29,4,,1,101,,11863,29,4,,1,102,,11864,29,4,,1,100,,11865,29,4,,1,101,,11866,29,4,,1,102,,11867,29,4,,1,100,,11868,29,4,,1,100,,11869,29,4,,1,100,,11870,29,4,,1,100,,11871,29,4,,1,99,,11872,29,4,,1,100,,11873,29,4,,1,98,,11874,29,4,,1,100,,11875,29,4,,1
7401,'CCFSAT',743,,11942,29,4,,1,101,,11943,29,4,,1,102,,11944,29,4,,1,100,,11945,29,4,,1,101,,11946,29,4,,1,102,,11947,29,4,,1,100,,11948,29,4,,1,100,,11949,29,4,,1,100,,11950,29,4,,1,100,,11951,29,4,,1,99,,11952,29,4,,1,100,,11953,29,4,,1,98,,11954,29,4,,1,100,,11955,29,4,,1
7401,'CCFSUN',743,,11956,29,4,,1,101,,11957,29,4,,1,102,,11958,29,4,,1,100,,11959,29,4,,1,101,,11960,29,4,,1,102,,11961,29,4,,1,100,,11962,29,4,,1,100,,11963,29,4,,1,100,,11964,29,4,,1,100,,11965,29,4,,1,99,,11966,29,4,,1,100,,11967,29,4,,1,98,,11968,29,4,,1,100,,11969,29,4,,1
