3001,'WKDY',609,,5724,11,,,1,31,,5725,11,,,1,70,,5726,11,,,1,30,,5727,11,,,1,71,,5728,11,,,1,30,,5729,11,,,1,70,,5730,11,,,1,30,,5731,11,,,1,70,,5732,11,,,1,30,,5733,11,,,1,70,,5734,11,,,1,30,,5735,11,,,1,70,,5736,11,,,1,30,,5737,11,,,1,70,,5738,11,,,1,31,,5739,11,,,1,70,,5740,11,,,1,30,,5741,11,,,1,70,,5742,11,,,1,30,,5743,11,,,1,70,,5744,11,,,1,30,,5745,11,,,1,70,,5746,11,,,1,30,,5747,11,,,1,69,,5748,11,,,1,30,,5749,11,,,1,69,,5750,11,,,1,30,,5751,11,,,1,69,,5752,11,,,1,100,,5753,11,,,1
3001,'SAT',738,,5756,11,,,1,71,,5757,11,,,1,30,,5758,11,,,1,70,,5759,11,,,1,30,,5760,11,,,1,70,,5761,11,,,1,30,,5762,11,,,1,71,,5763,11,,,1,30,,5764,11,,,1,71,,5765,11,,,1,30,,5766,11,,,1,70,,5767,11,,,1,30,,5768,11,,,1,70,,5769,11,,,1,30,,5770,11,,,1,70,,5771,11,,,1,30,,5772,11,,,1,70,,5773,11,,,1,30,,5774,11,,,1,70,,5775,11,,,1,99,,5776,11,,,1,99,,5777,11,,,1,100,,5778,11,,,1
3001,'SUN',809,,5781,11,,,1,100,,5782,11,,,1,100,,5783,11,,,1,101,,5784,11,,,1,101,,5785,11,,,1,100,,5786,11,,,1,100,,5787,11,,,1,100,,5788,11,,,1,100,,5789,11,,,1,100,,5790,11,,,1,99,,5791,11,,,1,99,,5792,11,,,1,100,,5793,11,,,1
3001,'CCFWK',609,,5796,11,,,1,31,,5797,11,,,1,70,,5798,11,,,1,30,,5799,11,,,1,71,,5800,11,,,1,30,,5801,11,,,1,70,,5802,11,,,1,30,,5803,11,,,1,70,,5804,11,,,1,30,,5805,11,,,1,70,,5806,11,,,1,30,,5807,11,,,1,70,,5808,11,,,1,30,,5809,11,,,1,70,,5810,11,,,1,31,,5811,11,,,1,70,,5812,11,,,1,30,,5813,11,,,1,70,,5814,11,,,1,30,,5815,11,,,1,70,,5816,11,,,1,30,,5817,11,,,1,70,,5818,11,,,1,30,,5819,11,,,1,69,,5820,11,,,1,30,,5821,11,,,1,69,,5822,11,,,1,30,,5823,11,,,1,69,,5824,11,,,1,100,,5825,11,,,1
3001,'CCFFF',609,,5828,11,,,1,31,,5829,11,,,1,70,,5830,11,,,1,30,,5831,11,,,1,71,,5832,11,,,1,30,,5833,11,,,1,70,,5834,11,,,1,30,,5835,11,,,1,70,,5836,11,,,1,30,,5837,11,,,1,70,,5838,11,,,1,30,,5839,11,,,1,70,,5840,11,,,1,30,,5841,11,,,1,70,,5842,11,,,1,31,,5843,11,,,1,70,,5844,11,,,1,30,,5845,11,,,1,70,,5846,11,,,1,30,,5847,11,,,1,70,,5848,11,,,1,30,,5849,11,,,1,70,,5850,11,,,1,30,,5851,11,,,1,69,,5852,11,,,1,30,,5853,11,,,1,69,,5854,11,,,1,30,,5855,11,,,1,69,,5856,11,,,1,100,,5857,11,,,1
3001,'CCFSAT',738,,5860,11,,,1,71,,5861,11,,,1,30,,5862,11,,,1,70,,5863,11,,,1,30,,5864,11,,,1,70,,5865,11,,,1,30,,5866,11,,,1,71,,5867,11,,,1,30,,5868,11,,,1,71,,5869,11,,,1,30,,5870,11,,,1,70,,5871,11,,,1,30,,5872,11,,,1,70,,5873,11,,,1,30,,5874,11,,,1,70,,5875,11,,,1,30,,5876,11,,,1,70,,5877,11,,,1,30,,5878,11,,,1,70,,5879,11,,,1,99,,5880,11,,,1,99,,5881,11,,,1,100,,5882,11,,,1
3001,'CCFSUN',809,,5885,11,,,1,100,,5886,11,,,1,100,,5887,11,,,1,101,,5888,11,,,1,101,,5889,11,,,1,100,,5890,11,,,1,100,,5891,11,,,1,100,,5892,11,,,1,100,,5893,11,,,1,100,,5894,11,,,1,99,,5895,11,,,1,99,,5896,11,,,1,100,,5897,11,,,1
7400,'WKDY',522,,11970,7,,,1,98,,11971,7,,,1,30,,11999,7,,,1,70,,11972,7,,,1,31,,12000,7,,,1,69,,11973,7,,,1,29,,11974,7,,,1,70,,11975,7,,,1,30,,11976,7,,,1,70,,11977,7,,,1,30,,11978,7,,,1,70,,11979,7,,,1,31,,11980,7,,,1,70,,11981,7,,,1,31,,11982,7,,,1,70,,11983,7,,,1,30,,11984,7,,,1,69,,11985,7,,,1,29,,11986,7,,,1,70,,11987,7,,,1,29,,11988,7,,,1,70,,11989,7,,,1,30,,11990,7,,,1,70,,11991,7,,,1,32,,11992,7,,,1,71,,11993,7,,,1,30,,11994,7,,,1,69,,11995,7,,,1,31,,11997,7,,,1,70,,12001,7,,,1,30,,11996,7,,,1,99,,11998,7,,,1
7400,'SAT',800,,12002,7,,,1,59,,12003,7,,,1,99,,12004,7,,,1,100,,12005,7,,,1,99,,12006,7,,,1,100,,12007,7,,,1,100,,12008,7,,,1,100,,12009,7,,,1,100,,12010,7,,,1,100,,12011,7,,,1,101,,12012,7,,,1,100,,12013,7,,,1,100,,12014,7,,,1,101,,12015,7,,,1
7400,'SUN',800,,12016,7,,,1,59,,12017,7,,,1,99,,12018,7,,,1,100,,12019,7,,,1,99,,12020,7,,,1,100,,12021,7,,,1,100,,12022,7,,,1,100,,12023,7,,,1,100,,12024,7,,,1,100,,12025,7,,,1,101,,12026,7,,,1,100,,12027,7,,,1,100,,12028,7,,,1,101,,12029,7,,,1
7400,'CCFWK',522,,12030,7,,,1,98,,12031,7,,,1,30,,12059,7,,,1,70,,12032,7,,,1,31,,12060,7,,,1,69,,12033,7,,,1,29,,12034,7,,,1,70,,12035,7,,,1,30,,12036,7,,,1,70,,12037,7,,,1,30,,12038,7,,,1,70,,12039,7,,,1,31,,12040,7,,,1,70,,12041,7,,,1,31,,12042,7,,,1,70,,12043,7,,,1,30,,12044,7,,,1,69,,12045,7,,,1,29,,12046,7,,,1,70,,12047,7,,,1,29,,12048,7,,,1,70,,12049,7,,,1,30,,12050,7,,,1,70,,12051,7,,,1,32,,12052,7,,,1,71,,12053,7,,,1,30,,12054,7,,,1,69,,12055,7,,,1,31,,12057,7,,,1,70,,12061,7,,,1,30,,12056,7,,,1,99,,12058,7,,,1
7400,'CCFFF',522,,12062,7,,,1,98,,12063,7,,,1,30,,12091,7,,,1,70,,12064,7,,,1,31,,12092,7,,,1,69,,12065,7,,,1,29,,12066,7,,,1,70,,12067,7,,,1,30,,12068,7,,,1,70,,12069,7,,,1,30,,12070,7,,,1,70,,12071,7,,,1,31,,12072,7,,,1,70,,12073,7,,,1,31,,12074,7,,,1,70,,12075,7,,,1,30,,12076,7,,,1,69,,12077,7,,,1,29,,12078,7,,,1,70,,12079,7,,,1,29,,12080,7,,,1,70,,12081,7,,,1,30,,12082,7,,,1,70,,12083,7,,,1,32,,12084,7,,,1,71,,12085,7,,,1,30,,12086,7,,,1,69,,12087,7,,,1,31,,12089,7,,,1,70,,12093,7,,,1,30,,12088,7,,,1,99,,12090,7,,,1
7400,'CCFSAT',800,,12094,7,,,1,59,,12095,7,,,1,99,,12096,7,,,1,100,,12097,7,,,1,99,,12098,7,,,1,100,,12099,7,,,1,100,,12100,7,,,1,100,,12101,7,,,1,100,,12102,7,,,1,100,,12103,7,,,1,101,,12104,7,,,1,100,,12105,7,,,1,100,,12106,7,,,1,101,,12107,7,,,1
7400,'CCFSUN',800,,12108,7,,,1,59,,12109,7,,,1,99,,12110,7,,,1,100,,12111,7,,,1,99,,12112,7,,,1,100,,12113,7,,,1,100,,12114,7,,,1,100,,12115,7,,,1,100,,12116,7,,,1,100,,12117,7,,,1,101,,12118,7,,,1,100,,12119,7,,,1,100,,12120,7,,,1,101,,12121,7,,,1
