7200,'WKDY',541,,11531,30,4,,1,93,,11532,30,4,,1,100,,11534,30,4,,1,74,,11535,30,4,,1,29,,11536,30,4,,1,69,,11537,30,4,,1,30,,11538,30,4,,1,70,,11555,30,4,,1,30,,11539,30,4,,1,72,,11556,30,4,,1,30,,11540,30,4,,1,70,,11557,30,4,,1,30,,11541,30,4,,1,100,,11542,30,4,,1,71,,11559,30,4,,1,103,,11560,30,4,,1,30,,11544,30,4,,1,102,,11546,30,4,,1,65,,11547,30,4,,1,30,,11548,30,4,,1,70,,11549,30,4,,1,25,,11550,30,4,,1
7200,'CCFWK',541,,11587,30,4,,1,93,,11588,30,4,,1,100,,11590,30,4,,1,74,,11591,30,4,,1,29,,11592,30,4,,1,69,,11593,30,4,,1,30,,11594,30,4,,1,70,,11611,30,4,,1,30,,11595,30,4,,1,72,,11612,30,4,,1,30,,11596,30,4,,1,70,,11613,30,4,,1,30,,11597,30,4,,1,100,,11598,30,4,,1,71,,11615,30,4,,1,103,,11616,30,4,,1,30,,11600,30,4,,1,102,,11602,30,4,,1,65,,11603,30,4,,1,30,,11604,30,4,,1,70,,11605,30,4,,1,25,,11606,30,4,,1
7200,'CCFFF',541,,11617,30,4,,1,93,,11618,30,4,,1,100,,11620,30,4,,1,74,,11621,30,4,,1,29,,11622,30,4,,1,69,,11623,30,4,,1,30,,11624,30,4,,1,70,,11641,30,4,,1,30,,11625,30,4,,1,72,,11642,30,4,,1,30,,11626,30,4,,1,70,,11643,30,4,,1,30,,11627,30,4,,1,100,,11628,30,4,,1,71,,11645,30,4,,1,103,,11646,30,4,,1,30,,11630,30,4,,1,102,,11632,30,4,,1,65,,11633,30,4,,1,30,,11634,30,4,,1,70,,11635,30,4,,1,25,,11636,30,4,,1
7400,'WKDY',444,,11815,1,,,1,100,,11816,1,,,1,70,,11844,1,,,1,30,,11817,1,,,1,70,,11845,1,,,1,30,,11818,1,,,1,70,,11819,1,,,1,30,,11820,1,,,1,70,,11821,1,,,1,30,,11822,1,,,1,70,,11823,1,,,1,30,,11824,1,,,1,70,,11825,1,,,1,30,,11826,1,,,1,70,,11827,1,,,1,30,,11828,1,,,1,70,,11829,1,,,1,30,,11830,1,,,1,70,,11831,1,,,1,30,,11832,1,,,1,70,,11833,1,,,1,30,,11834,1,,,1,70,,11835,1,,,1,30,,11836,1,,,1,70,,11837,1,,,1,30,,11838,1,,,1,70,,11839,1,,,1,30,,11840,1,,,1,70,,11841,1,,,1,30,,11842,1,,,1,70,,11846,1,,,1,30,,11847,1,,,1,70,,11843,1,,,1
7400,'SAT',720,,11848,1,,,1,100,,11849,1,,,1,100,,11850,1,,,1,100,,11851,1,,,1,100,,11852,1,,,1,100,,11853,1,,,1,100,,11854,1,,,1,100,,11855,1,,,1,100,,11856,1,,,1,100,,11857,1,,,1,100,,11858,1,,,1,100,,11859,1,,,1,100,,11860,1,,,1,100,,11861,1,,,1
7400,'SUN',720,,11862,1,,,1,100,,11863,1,,,1,100,,11864,1,,,1,100,,11865,1,,,1,100,,11866,1,,,1,100,,11867,1,,,1,100,,11868,1,,,1,100,,11869,1,,,1,100,,11870,1,,,1,100,,11871,1,,,1,100,,11872,1,,,1,100,,11873,1,,,1,100,,11874,1,,,1,100,,11875,1,,,1
7400,'CCFWK',444,,11876,1,,,1,100,,11877,1,,,1,70,,11905,1,,,1,30,,11878,1,,,1,70,,11906,1,,,1,30,,11879,1,,,1,70,,11880,1,,,1,30,,11881,1,,,1,70,,11882,1,,,1,30,,11883,1,,,1,70,,11884,1,,,1,30,,11885,1,,,1,70,,11886,1,,,1,30,,11887,1,,,1,70,,11888,1,,,1,30,,11889,1,,,1,70,,11890,1,,,1,30,,11891,1,,,1,70,,11892,1,,,1,30,,11893,1,,,1,70,,11894,1,,,1,30,,11895,1,,,1,70,,11896,1,,,1,30,,11897,1,,,1,70,,11898,1,,,1,30,,11899,1,,,1,70,,11900,1,,,1,30,,11901,1,,,1,70,,11902,1,,,1,30,,11903,1,,,1,70,,11907,1,,,1,30,,11908,1,,,1,70,,11904,1,,,1
7400,'CCFFF',444,,11909,1,,,1,100,,11910,1,,,1,70,,11938,1,,,1,30,,11911,1,,,1,70,,11939,1,,,1,30,,11912,1,,,1,70,,11913,1,,,1,30,,11914,1,,,1,70,,11915,1,,,1,30,,11916,1,,,1,70,,11917,1,,,1,30,,11918,1,,,1,70,,11919,1,,,1,30,,11920,1,,,1,70,,11921,1,,,1,30,,11922,1,,,1,70,,11923,1,,,1,30,,11924,1,,,1,70,,11925,1,,,1,30,,11926,1,,,1,70,,11927,1,,,1,30,,11928,1,,,1,70,,11929,1,,,1,30,,11930,1,,,1,70,,11931,1,,,1,30,,11932,1,,,1,70,,11933,1,,,1,30,,11934,1,,,1,70,,11935,1,,,1,30,,11936,1,,,1,70,,11940,1,,,1,30,,11941,1,,,1,70,,11937,1,,,1
7400,'CCFSAT',720,,11942,1,,,1,100,,11943,1,,,1,100,,11944,1,,,1,100,,11945,1,,,1,100,,11946,1,,,1,100,,11947,1,,,1,100,,11948,1,,,1,100,,11949,1,,,1,100,,11950,1,,,1,100,,11951,1,,,1,100,,11952,1,,,1,100,,11953,1,,,1,100,,11954,1,,,1,100,,11955,1,,,1
7400,'CCFSUN',720,,11956,1,,,1,100,,11957,1,,,1,100,,11958,1,,,1,100,,11959,1,,,1,100,,11960,1,,,1,100,,11961,1,,,1,100,,11962,1,,,1,100,,11963,1,,,1,100,,11964,1,,,1,100,,11965,1,,,1,100,,11966,1,,,1,100,,11967,1,,,1,100,,11968,1,,,1,100,,11969,1,,,1
7401,'WKDY',709,,11999,27,4,,1,603,,11982,27,4,,1,130,,11985,27,4,,1,169,,11988,27,4,,1,300,,11994,27,4,,1,28,,11995,27,4,,1,70,,11997,27,4,,1,30,,12001,27,4,,1,70,,11996,27,4,,1,99,,11998,27,4,,1
7401,'SAT',818,,12002,27,4,,1,100,,12003,27,4,,1,100,,12004,27,4,,1,100,,12005,27,4,,1,100,,12006,27,4,,1,100,,12007,27,4,,1,100,,12008,27,4,,1,100,,12009,27,4,,1,100,,12010,27,4,,1,100,,12011,27,4,,1,100,,12012,27,4,,1,100,,12013,27,4,,1,100,,12014,27,4,,1,100,,12015,27,4,,1
7401,'SUN',818,,12016,27,4,,1,100,,12017,27,4,,1,100,,12018,27,4,,1,100,,12019,27,4,,1,100,,12020,27,4,,1,100,,12021,27,4,,1,100,,12022,27,4,,1,100,,12023,27,4,,1,100,,12024,27,4,,1,100,,12025,27,4,,1,100,,12026,27,4,,1,100,,12027,27,4,,1,100,,12028,27,4,,1,100,,12029,27,4,,1
7401,'CCFWK',709,,12059,27,4,,1,603,,12042,27,4,,1,130,,12045,27,4,,1,169,,12048,27,4,,1,300,,12054,27,4,,1,28,,12055,27,4,,1,70,,12057,27,4,,1,30,,12061,27,4,,1,70,,12056,27,4,,1,99,,12058,27,4,,1
7401,'CCFFF',709,,12091,27,4,,1,603,,12074,27,4,,1,130,,12077,27,4,,1,169,,12080,27,4,,1,300,,12086,27,4,,1,28,,12087,27,4,,1,70,,12089,27,4,,1,30,,12093,27,4,,1,70,,12088,27,4,,1,99,,12090,27,4,,1
7401,'CCFSAT',818,,12094,27,4,,1,100,,12095,27,4,,1,100,,12096,27,4,,1,100,,12097,27,4,,1,100,,12098,27,4,,1,100,,12099,27,4,,1,100,,12100,27,4,,1,100,,12101,27,4,,1,100,,12102,27,4,,1,100,,12103,27,4,,1,100,,12104,27,4,,1,100,,12105,27,4,,1,100,,12106,27,4,,1,100,,12107,27,4,,1
7401,'CCFSUN',818,,12108,27,4,,1,100,,12109,27,4,,1,100,,12110,27,4,,1,100,,12111,27,4,,1,100,,12112,27,4,,1,100,,12113,27,4,,1,100,,12114,27,4,,1,100,,12115,27,4,,1,100,,12116,27,4,,1,100,,12117,27,4,,1,100,,12118,27,4,,1,100,,12119,27,4,,1,100,,12120,27,4,,1,100,,12121,27,4,,1
