1201,'WKDY',637,,5038,19,,,1,70,,5039,19,,,1,30,,5040,19,,,1,70,,5041,19,,,1,30,,5042,19,,,1,70,,5043,19,,,1,30,,5044,19,,,1,70,,5045,19,,,1,30,,5046,19,,,1,70,,5047,19,,,1,30,,5048,19,,,1,70,,5049,19,,,1,30,,5050,19,,,1,70,,5051,19,,,1,30,,5052,19,,,1,70,,5053,19,,,1,30,,5054,19,,,1,70,,5055,19,,,1,33,,5056,19,,,1,70,,5057,19,,,1,30,,5058,19,,,1,70,,5059,19,,,1,30,,5060,19,,,1,70,,5061,19,,,1,27,,5062,19,,,1,70,,5063,19,,,1,30,,5064,19,,,1,69,,5065,19,,,1,30,,5066,19,,,1,69,,5067,19,,,1,30,,5068,19,,,1,70,,5069,19,,,1
1201,'SAT',726,,5070,19,,,1,100,,5071,19,,,1,101,,5072,19,,,1,100,,5073,19,,,1,101,,5074,19,,,1,100,,5075,19,,,1,100,,5076,19,,,1,100,,5077,19,,,1,100,,5078,19,,,1,100,,5079,19,,,1,99,,5080,19,,,1,100,,5081,19,,,1,99,,5082,19,,,1,100,,5083,19,,,1,100,,5084,19,,,1,100,,5085,19,,,1
1201,'SUN',726,,5086,19,,,1,100,,5087,19,,,1,101,,5088,19,,,1,100,,5089,19,,,1,101,,5090,19,,,1,100,,5091,19,,,1,100,,5092,19,,,1,100,,5093,19,,,1,100,,5094,19,,,1,100,,5095,19,,,1,99,,5096,19,,,1,100,,5097,19,,,1,99,,5098,19,,,1,100,,5099,19,,,1,100,,5100,19,,,1,100,,5101,19,,,1
1201,'CCFWK',637,,5102,19,,,1,70,,5103,19,,,1,30,,5104,19,,,1,70,,5105,19,,,1,30,,5106,19,,,1,70,,5107,19,,,1,30,,5108,19,,,1,70,,5109,19,,,1,30,,5110,19,,,1,70,,5111,19,,,1,30,,5112,19,,,1,70,,5113,19,,,1,30,,5114,19,,,1,70,,5115,19,,,1,30,,5116,19,,,1,70,,5117,19,,,1,30,,5118,19,,,1,70,,5119,19,,,1,33,,5120,19,,,1,70,,5121,19,,,1,30,,5122,19,,,1,70,,5123,19,,,1,30,,5124,19,,,1,70,,5125,19,,,1,27,,5126,19,,,1,70,,5127,19,,,1,30,,5128,19,,,1,69,,5129,19,,,1,30,,5130,19,,,1,69,,5131,19,,,1,30,,5132,19,,,1,70,,5133,19,,,1
1201,'CCFFF',637,,5134,19,,,1,70,,5135,19,,,1,30,,5136,19,,,1,70,,5137,19,,,1,30,,5138,19,,,1,70,,5139,19,,,1,30,,5140,19,,,1,70,,5141,19,,,1,30,,5142,19,,,1,70,,5143,19,,,1,30,,5144,19,,,1,70,,5145,19,,,1,30,,5146,19,,,1,70,,5147,19,,,1,30,,5148,19,,,1,70,,5149,19,,,1,30,,5150,19,,,1,70,,5151,19,,,1,33,,5152,19,,,1,70,,5153,19,,,1,30,,5154,19,,,1,70,,5155,19,,,1,30,,5156,19,,,1,70,,5157,19,,,1,27,,5158,19,,,1,70,,5159,19,,,1,30,,5160,19,,,1,69,,5161,19,,,1,30,,5162,19,,,1,69,,5163,19,,,1,30,,5164,19,,,1,70,,5165,19,,,1
1201,'CCFSAT',726,,5166,19,,,1,100,,5167,19,,,1,101,,5168,19,,,1,100,,5169,19,,,1,101,,5170,19,,,1,100,,5171,19,,,1,100,,5172,19,,,1,100,,5173,19,,,1,100,,5174,19,,,1,100,,5175,19,,,1,99,,5176,19,,,1,100,,5177,19,,,1,99,,5178,19,,,1,100,,5179,19,,,1,100,,5180,19,,,1,100,,5181,19,,,1
1201,'CCFSUN',726,,5182,19,,,1,100,,5183,19,,,1,101,,5184,19,,,1,100,,5185,19,,,1,101,,5186,19,,,1,100,,5187,19,,,1,100,,5188,19,,,1,100,,5189,19,,,1,100,,5190,19,,,1,100,,5191,19,,,1,99,,5192,19,,,1,100,,5193,19,,,1,99,,5194,19,,,1,100,,5195,19,,,1,100,,5196,19,,,1,100,,5197,19,,,1
8000,'WKDY',617,,12607,25,,,1,30,,12608,25,,,1,71,,12609,25,,,1,31,,12610,25,,,1,70,,12611,25,,,1,30,,12612,25,,,1,69,,12613,25,,,1,30,,12614,25,,,1,70,,12615,25,,,1,31,,12616,25,,,1,70,,12617,25,,,1,30,,12618,25,,,1,70,,12619,25,,,1,30,,12620,25,,,1,70,,12621,25,,,1,31,,12622,25,,,1,70,,12623,25,,,1,30,,12624,25,,,1,72,,12625,25,,,1,33,,12626,25,,,1,67,,12627,25,,,1,29,,12628,25,,,1,69,,12629,25,,,1,29,,12630,25,,,1,69,,12631,25,,,1,30,,12632,25,,,1,69,,12633,25,,,1,29,,12634,25,,,1,70,,12635,25,,,1,30,,12636,25,,,1,69,,12637,25,,,1
8000,'SAT',716,,12651,25,,,1,100,,12638,25,,,1,30,,12639,25,,,1,70,,12640,25,,,1,30,,12652,25,,,1,70,,12641,25,,,1,31,,12653,25,,,1,70,,12642,25,,,1,30,,12654,25,,,1,70,,12643,25,,,1,31,,12655,25,,,1,70,,12644,25,,,1,30,,12656,25,,,1,70,,12645,25,,,1,30,,12657,25,,,1,70,,12646,25,,,1,30,,12658,25,,,1,70,,12647,25,,,1,30,,12659,25,,,1,70,,12648,25,,,1,29,,12660,25,,,1,70,,12649,25,,,1,30,,12661,25,,,1,70,,12650,25,,,1,30,,12662,25,,,1,69,,12665,25,,,1,31,,12663,25,,,1,100,,12664,25,,,1
8000,'SUN',716,,12679,25,,,1,100,,12666,25,,,1,30,,12667,25,,,1,70,,12668,25,,,1,30,,12680,25,,,1,70,,12669,25,,,1,31,,12681,25,,,1,70,,12670,25,,,1,30,,12682,25,,,1,70,,12671,25,,,1,31,,12683,25,,,1,70,,12672,25,,,1,30,,12684,25,,,1,70,,12673,25,,,1,30,,12685,25,,,1,70,,12674,25,,,1,30,,12686,25,,,1,70,,12675,25,,,1,30,,12687,25,,,1,70,,12676,25,,,1,29,,12688,25,,,1,70,,12677,25,,,1,30,,12689,25,,,1,70,,12678,25,,,1,30,,12690,25,,,1,69,,12693,25,,,1,31,,12691,25,,,1,99,,12692,25,,,1
8000,'CCFWK',617,,12694,25,,,1,30,,12695,25,,,1,71,,12696,25,,,1,31,,12697,25,,,1,70,,12698,25,,,1,30,,12699,25,,,1,69,,12700,25,,,1,30,,12701,25,,,1,70,,12702,25,,,1,31,,12703,25,,,1,70,,12704,25,,,1,30,,12705,25,,,1,70,,12706,25,,,1,30,,12707,25,,,1,70,,12708,25,,,1,31,,12709,25,,,1,70,,12710,25,,,1,30,,12711,25,,,1,72,,12712,25,,,1,33,,12713,25,,,1,67,,12714,25,,,1,29,,12715,25,,,1,69,,12716,25,,,1,29,,12717,25,,,1,69,,12718,25,,,1,30,,12719,25,,,1,69,,12720,25,,,1,29,,12721,25,,,1,70,,12722,25,,,1,30,,12723,25,,,1,69,,12724,25,,,1
8000,'CCFFF',617,,12725,25,,,1,30,,12726,25,,,1,71,,12727,25,,,1,31,,12728,25,,,1,70,,12729,25,,,1,30,,12730,25,,,1,69,,12731,25,,,1,30,,12732,25,,,1,70,,12733,25,,,1,31,,12734,25,,,1,70,,12735,25,,,1,30,,12736,25,,,1,70,,12737,25,,,1,30,,12738,25,,,1,70,,12739,25,,,1,31,,12740,25,,,1,70,,12741,25,,,1,30,,12742,25,,,1,72,,12743,25,,,1,33,,12744,25,,,1,67,,12745,25,,,1,29,,12746,25,,,1,69,,12747,25,,,1,29,,12748,25,,,1,69,,12749,25,,,1,30,,12750,25,,,1,69,,12751,25,,,1,29,,12752,25,,,1,70,,12753,25,,,1,30,,12754,25,,,1,69,,12755,25,,,1
8000,'CCFSAT',716,,12769,25,,,1,100,,12756,25,,,1,30,,12757,25,,,1,70,,12758,25,,,1,30,,12770,25,,,1,70,,12759,25,,,1,31,,12771,25,,,1,70,,12760,25,,,1,30,,12772,25,,,1,70,,12761,25,,,1,31,,12773,25,,,1,70,,12762,25,,,1,30,,12774,25,,,1,70,,12763,25,,,1,30,,12775,25,,,1,70,,12764,25,,,1,30,,12776,25,,,1,70,,12765,25,,,1,30,,12777,25,,,1,70,,12766,25,,,1,29,,12778,25,,,1,70,,12767,25,,,1,30,,12779,25,,,1,70,,12768,25,,,1,30,,12780,25,,,1,69,,12783,25,,,1,31,,12781,25,,,1,100,,12782,25,,,1
8000,'CCFSUN',716,,12797,25,,,1,100,,12784,25,,,1,30,,12785,25,,,1,70,,12786,25,,,1,30,,12798,25,,,1,70,,12787,25,,,1,31,,12799,25,,,1,70,,12788,25,,,1,30,,12800,25,,,1,70,,12789,25,,,1,31,,12801,25,,,1,70,,12790,25,,,1,30,,12802,25,,,1,70,,12791,25,,,1,30,,12803,25,,,1,70,,12792,25,,,1,30,,12804,25,,,1,70,,12793,25,,,1,30,,12805,25,,,1,70,,12794,25,,,1,29,,12806,25,,,1,70,,12795,25,,,1,30,,12807,25,,,1,70,,12796,25,,,1,30,,12808,25,,,1,70,,12811,25,,,1,30,,12809,25,,,1,99,,12810,25,,,1
