2500,'WKDY',545,,5450,11,,,1,70,,5451,11,,,1,30,,5452,11,,,1,71,,5453,11,,,1,30,,5454,11,,,1,70,,5455,11,,,1,31,,5456,11,,,1,70,,5457,11,,,1,29,,5458,11,,,1,70,,5459,11,,,1,30,,5460,11,,,1,70,,5461,11,,,1,31,,5462,11,,,1,70,,5463,11,,,1,30,,5464,11,,,1,70,,5465,11,,,1,30,,5466,11,,,1,70,,5467,11,,,1,31,,5468,11,,,1,70,,5469,11,,,1,30,,5470,11,,,1,70,,5471,11,,,1,30,,5472,11,,,1,70,,5473,11,,,1,29,,5474,11,,,1,70,,5475,11,,,1,100,,5476,11,,,1,99,,5477,11,,,1
2500,'SAT',716,,5489,11,,,1,100,,5478,11,,,1,101,,5479,11,,,1,100,,5480,11,,,1,100,,5481,11,,,1,100,,5482,11,,,1,100,,5483,11,,,1,100,,5484,11,,,1,100,,5485,11,,,1,100,,5486,11,,,1,100,,5487,11,,,1,99,,5488,11,,,1,100,,5490,11,,,1
2500,'SUN',716,,5502,11,,,1,100,,5491,11,,,1,101,,5492,11,,,1,100,,5493,11,,,1,100,,5494,11,,,1,100,,5495,11,,,1,100,,5496,11,,,1,100,,5497,11,,,1,100,,5498,11,,,1,100,,5499,11,,,1,100,,5500,11,,,1,99,,5501,11,,,1,100,,5503,11,,,1
2500,'CCFWK',545,,5504,11,,,1,70,,5505,11,,,1,30,,5506,11,,,1,71,,5507,11,,,1,30,,5508,11,,,1,70,,5509,11,,,1,31,,5510,11,,,1,70,,5511,11,,,1,29,,5512,11,,,1,70,,5513,11,,,1,30,,5514,11,,,1,70,,5515,11,,,1,31,,5516,11,,,1,70,,5517,11,,,1,30,,5518,11,,,1,70,,5519,11,,,1,30,,5520,11,,,1,70,,5521,11,,,1,31,,5522,11,,,1,70,,5523,11,,,1,30,,5524,11,,,1,70,,5525,11,,,1,30,,5526,11,,,1,70,,5527,11,,,1,29,,5528,11,,,1,70,,5529,11,,,1,100,,5530,11,,,1,99,,5531,11,,,1
2500,'CCFFF',545,,5532,11,,,1,70,,5533,11,,,1,30,,5534,11,,,1,71,,5535,11,,,1,30,,5536,11,,,1,70,,5537,11,,,1,31,,5538,11,,,1,70,,5539,11,,,1,29,,5540,11,,,1,70,,5541,11,,,1,30,,5542,11,,,1,70,,5543,11,,,1,31,,5544,11,,,1,70,,5545,11,,,1,30,,5546,11,,,1,70,,5547,11,,,1,30,,5548,11,,,1,70,,5549,11,,,1,31,,5550,11,,,1,70,,5551,11,,,1,30,,5552,11,,,1,70,,5553,11,,,1,30,,5554,11,,,1,70,,5555,11,,,1,29,,5556,11,,,1,70,,5557,11,,,1,100,,5558,11,,,1,99,,5559,11,,,1
2500,'CCFSAT',716,,5571,11,,,1,100,,5560,11,,,1,101,,5561,11,,,1,100,,5562,11,,,1,100,,5563,11,,,1,100,,5564,11,,,1,100,,5565,11,,,1,100,,5566,11,,,1,100,,5567,11,,,1,100,,5568,11,,,1,100,,5569,11,,,1,99,,5570,11,,,1,100,,5572,11,,,1
2500,'CCFSUN',716,,5584,11,,,1,100,,5573,11,,,1,101,,5574,11,,,1,100,,5575,11,,,1,100,,5576,11,,,1,100,,5577,11,,,1,100,,5578,11,,,1,100,,5579,11,,,1,100,,5580,11,,,1,100,,5581,11,,,1,100,,5582,11,,,1,99,,5583,11,,,1,100,,5585,11,,,1
7800,'WKDY',529,,12122,14,,,1,96,,12123,14,,,1,30,,12124,14,,,1,71,,12125,14,,,1,30,,12126,14,,,1,70,,12127,14,,,1,30,,12128,14,,,1,70,,12129,14,,,1,30,,12147,14,,,1,70,,12130,14,,,1,30,,12148,14,,,1,70,,12131,14,,,1,31,,12149,14,,,1,70,,12132,14,,,1,31,,12150,14,,,1,70,,12133,14,,,1,30,,12145,14,,,1,70,,12134,14,,,1,30,,12146,14,,,1,70,,12135,14,,,1,72,,12136,14,,,1,33,,12137,14,,,1,70,,12138,14,,,1,30,,12139,14,,,1,69,,12140,14,,,1,25,,12141,14,,,1,99,,12142,14,,,1,99,,12143,14,,,1,100,,12144,14,,,1
7800,'SAT',826,,12151,14,,,1,100,,12152,14,,,1,100,,12153,14,,,1,101,,12154,14,,,1,100,,12155,14,,,1,100,,12156,14,,,1,100,,12157,14,,,1,100,,12158,14,,,1,100,,12159,14,,,1,100,,12160,14,,,1,100,,12161,14,,,1,99,,12162,14,,,1
7800,'SUN',826,,12163,14,,,1,100,,12164,14,,,1,100,,12165,14,,,1,101,,12166,14,,,1,100,,12167,14,,,1,100,,12168,14,,,1,100,,12169,14,,,1,100,,12170,14,,,1,100,,12171,14,,,1,100,,12172,14,,,1,100,,12173,14,,,1,99,,12174,14,,,1
7800,'CCFWK',529,,12175,14,,,1,96,,12176,14,,,1,30,,12177,14,,,1,71,,12178,14,,,1,30,,12179,14,,,1,70,,12180,14,,,1,30,,12181,14,,,1,70,,12182,14,,,1,30,,12200,14,,,1,70,,12183,14,,,1,30,,12201,14,,,1,70,,12184,14,,,1,31,,12202,14,,,1,70,,12185,14,,,1,31,,12203,14,,,1,70,,12186,14,,,1,30,,12198,14,,,1,70,,12187,14,,,1,30,,12199,14,,,1,70,,12188,14,,,1,72,,12189,14,,,1,33,,12190,14,,,1,70,,12191,14,,,1,30,,12192,14,,,1,69,,12193,14,,,1,25,,12194,14,,,1,99,,12195,14,,,1,99,,12196,14,,,1,100,,12197,14,,,1
7800,'CCFFF',529,,12204,14,,,1,96,,12205,14,,,1,30,,12206,14,,,1,71,,12207,14,,,1,30,,12208,14,,,1,70,,12209,14,,,1,30,,12210,14,,,1,70,,12211,14,,,1,30,,12229,14,,,1,70,,12212,14,,,1,30,,12230,14,,,1,70,,12213,14,,,1,31,,12231,14,,,1,70,,12214,14,,,1,31,,12232,14,,,1,70,,12215,14,,,1,30,,12227,14,,,1,70,,12216,14,,,1,30,,12228,14,,,1,70,,12217,14,,,1,72,,12218,14,,,1,33,,12219,14,,,1,70,,12220,14,,,1,30,,12221,14,,,1,69,,12222,14,,,1,25,,12223,14,,,1,99,,12224,14,,,1,99,,12225,14,,,1,100,,12226,14,,,1
7800,'CCFSAT',826,,12233,14,,,1,100,,12234,14,,,1,100,,12235,14,,,1,101,,12236,14,,,1,100,,12237,14,,,1,100,,12238,14,,,1,100,,12239,14,,,1,100,,12240,14,,,1,100,,12241,14,,,1,100,,12242,14,,,1,100,,12243,14,,,1,99,,12244,14,,,1
7800,'CCFSUN',826,,12245,14,,,1,100,,12246,14,,,1,100,,12247,14,,,1,101,,12248,14,,,1,100,,12249,14,,,1,100,,12250,14,,,1,100,,12251,14,,,1,100,,12252,14,,,1,100,,12253,14,,,1,100,,12254,14,,,1,100,,12255,14,,,1,99,,12256,14,,,1
