2501,'WKDY',601,,5450,33,,,1,31,,5451,33,,,1,70,,5452,33,,,1,31,,5453,33,,,1,70,,5454,33,,,1,30,,5455,33,,,1,71,,5456,33,,,1,30,,5457,33,,,1,69,,5458,33,,,1,30,,5459,33,,,1,70,,5460,33,,,1,31,,5461,33,,,1,72,,5462,33,,,1,30,,5463,33,,,1,70,,5464,33,,,1,29,,5465,33,,,1,70,,5466,33,,,1,30,,5467,33,,,1,71,,5468,33,,,1,31,,5469,33,,,1,70,,5470,33,,,1,30,,5471,33,,,1,70,,5472,33,,,1,29,,5473,33,,,1,68,,5474,33,,,1,30,,5475,33,,,1,100,,5476,33,,,1,97,,5477,33,,,1
2501,'SAT',733,,5489,33,,,1,100,,5478,33,,,1,101,,5479,33,,,1,100,,5480,33,,,1,100,,5481,33,,,1,100,,5482,33,,,1,100,,5483,33,,,1,100,,5484,33,,,1,100,,5485,33,,,1,100,,5486,33,,,1,99,,5487,33,,,1,99,,5488,33,,,1,100,,5490,33,,,1
2501,'SUN',733,,5502,33,,,1,100,,5491,33,,,1,101,,5492,33,,,1,100,,5493,33,,,1,100,,5494,33,,,1,100,,5495,33,,,1,100,,5496,33,,,1,100,,5497,33,,,1,100,,5498,33,,,1,100,,5499,33,,,1,99,,5500,33,,,1,99,,5501,33,,,1,100,,5503,33,,,1
2501,'CCFWK',601,,5504,33,,,1,31,,5505,33,,,1,70,,5506,33,,,1,31,,5507,33,,,1,70,,5508,33,,,1,30,,5509,33,,,1,71,,5510,33,,,1,30,,5511,33,,,1,69,,5512,33,,,1,30,,5513,33,,,1,70,,5514,33,,,1,31,,5515,33,,,1,72,,5516,33,,,1,30,,5517,33,,,1,70,,5518,33,,,1,29,,5519,33,,,1,70,,5520,33,,,1,30,,5521,33,,,1,71,,5522,33,,,1,31,,5523,33,,,1,70,,5524,33,,,1,30,,5525,33,,,1,70,,5526,33,,,1,29,,5527,33,,,1,68,,5528,33,,,1,30,,5529,33,,,1,100,,5530,33,,,1,97,,5531,33,,,1
2501,'CCFFF',601,,5532,33,,,1,31,,5533,33,,,1,70,,5534,33,,,1,31,,5535,33,,,1,70,,5536,33,,,1,30,,5537,33,,,1,71,,5538,33,,,1,30,,5539,33,,,1,69,,5540,33,,,1,30,,5541,33,,,1,70,,5542,33,,,1,31,,5543,33,,,1,72,,5544,33,,,1,30,,5545,33,,,1,70,,5546,33,,,1,29,,5547,33,,,1,70,,5548,33,,,1,30,,5549,33,,,1,71,,5550,33,,,1,31,,5551,33,,,1,70,,5552,33,,,1,30,,5553,33,,,1,70,,5554,33,,,1,29,,5555,33,,,1,68,,5556,33,,,1,30,,5557,33,,,1,100,,5558,33,,,1,97,,5559,33,,,1
2501,'CCFSAT',733,,5571,33,,,1,100,,5560,33,,,1,101,,5561,33,,,1,100,,5562,33,,,1,100,,5563,33,,,1,100,,5564,33,,,1,100,,5565,33,,,1,100,,5566,33,,,1,100,,5567,33,,,1,100,,5568,33,,,1,99,,5569,33,,,1,99,,5570,33,,,1,100,,5572,33,,,1
2501,'CCFSUN',733,,5584,33,,,1,100,,5573,33,,,1,101,,5574,33,,,1,100,,5575,33,,,1,100,,5576,33,,,1,100,,5577,33,,,1,100,,5578,33,,,1,100,,5579,33,,,1,100,,5580,33,,,1,100,,5581,33,,,1,99,,5582,33,,,1,99,,5583,33,,,1,100,,5585,33,,,1
3201,'WKDY',608,,6535,29,,,1,30,,6536,29,,,1,70,,6537,29,,,1,31,,6538,29,,,1,72,,6539,29,,,1,30,,6540,29,,,1,68,,6541,29,,,1,31,,6542,29,,,1,70,,6543,29,,,1,30,,6544,29,,,1,70,,6545,29,,,1,32,,6546,29,,,1,70,,6547,29,,,1,30,,6548,29,,,1,70,,6549,29,,,1,30,,6550,29,,,1,70,,6551,29,,,1,32,,6552,29,,,1,70,,6553,29,,,1,30,,6554,29,,,1,70,,6555,29,,,1,28,,6556,29,,,1,68,,6557,29,,,1,30,,6558,29,,,1,70,,6559,29,,,1,29,,6560,29,,,1,70,,6561,29,,,1,100,,6562,29,,,1,97,,6563,29,,,1
3201,'SAT',844,,6564,29,,,1,80,,6565,29,,,1,80,,6566,29,,,1,40,,6567,29,,,1,81,,6568,29,,,1,80,,6569,29,,,1,40,,6570,29,,,1,80,,6571,29,,,1,80,,6572,29,,,1,40,,6573,29,,,1,80,,6574,29,,,1,80,,6575,29,,,1,40,,6576,29,,,1,80,,6577,29,,,1,80,,6578,29,,,1,39,,6579,29,,,1,80,,6580,29,,,1,80,,6581,29,,,1
3201,'SUN',844,,6582,29,,,1,100,,6583,29,,,1,100,,6584,29,,,1,101,,6585,29,,,1,100,,6586,29,,,1,100,,6587,29,,,1,100,,6588,29,,,1,100,,6589,29,,,1,100,,6590,29,,,1,99,,6591,29,,,1,100,,6592,29,,,1,100,,6593,29,,,1
3201,'CCFWK',608,,6594,29,,,1,30,,6595,29,,,1,70,,6596,29,,,1,31,,6597,29,,,1,72,,6598,29,,,1,30,,6599,29,,,1,68,,6600,29,,,1,31,,6601,29,,,1,70,,6602,29,,,1,30,,6603,29,,,1,70,,6604,29,,,1,32,,6605,29,,,1,70,,6606,29,,,1,30,,6607,29,,,1,70,,6608,29,,,1,30,,6609,29,,,1,70,,6610,29,,,1,32,,6611,29,,,1,70,,6612,29,,,1,30,,6613,29,,,1,70,,6614,29,,,1,28,,6615,29,,,1,68,,6616,29,,,1,30,,6617,29,,,1,70,,6618,29,,,1,29,,6619,29,,,1,70,,6620,29,,,1,100,,6621,29,,,1,97,,6622,29,,,1
3201,'CCFFF',608,,6623,29,,,1,30,,6624,29,,,1,70,,6625,29,,,1,31,,6626,29,,,1,72,,6627,29,,,1,30,,6628,29,,,1,68,,6629,29,,,1,31,,6630,29,,,1,70,,6631,29,,,1,30,,6632,29,,,1,70,,6633,29,,,1,32,,6634,29,,,1,70,,6635,29,,,1,30,,6636,29,,,1,70,,6637,29,,,1,30,,6638,29,,,1,70,,6639,29,,,1,32,,6640,29,,,1,70,,6641,29,,,1,30,,6642,29,,,1,70,,6643,29,,,1,28,,6644,29,,,1,68,,6645,29,,,1,30,,6646,29,,,1,70,,6647,29,,,1,29,,6648,29,,,1,70,,6649,29,,,1,100,,6650,29,,,1,97,,6651,29,,,1
3201,'CCFSAT',844,,6652,29,,,1,80,,6653,29,,,1,80,,6654,29,,,1,40,,6655,29,,,1,81,,6656,29,,,1,80,,6657,29,,,1,40,,6658,29,,,1,80,,6659,29,,,1,80,,6660,29,,,1,40,,6661,29,,,1,80,,6662,29,,,1,80,,6663,29,,,1,40,,6664,29,,,1,80,,6665,29,,,1,80,,6666,29,,,1,39,,6667,29,,,1,80,,6668,29,,,1,80,,6669,29,,,1
3201,'CCFSUN',844,,6670,29,,,1,100,,6671,29,,,1,100,,6672,29,,,1,101,,6673,29,,,1,100,,6674,29,,,1,100,,6675,29,,,1,100,,6676,29,,,1,100,,6677,29,,,1,100,,6678,29,,,1,99,,6679,29,,,1,100,,6680,29,,,1,100,,6681,29,,,1
