3100,'WKDY',536,,6077,15,,,1,70,,6078,15,,,1,30,,6079,15,,,1,68,,6080,15,,,1,30,,6081,15,,,1,70,,6082,15,,,1,30,,6083,15,,,1,69,,6084,15,,,1,30,,6085,15,,,1,70,,6086,15,,,1,29,,6087,15,,,1,70,,6088,15,,,1,29,,6089,15,,,1,70,,6090,15,,,1,28,,6091,15,,,1,30,,6092,15,,,1,70,,6093,15,,,1,30,,6094,15,,,1,69,,6095,15,,,1,30,,6096,15,,,1,71,,6097,15,,,1,30,,6098,15,,,1,70,,6099,15,,,1,71,,6100,15,,,1,32,,6101,15,,,1,72,,6102,15,,,1,31,,6103,15,,,1,70,,6104,15,,,1,100,,6105,15,,,1,101,,6106,15,,,1
3100,'SAT',744,,6107,15,,,1,79,,6108,15,,,1,79,,6109,15,,,1,40,,6110,15,,,1,79,,6111,15,,,1,79,,6112,15,,,1,38,,6113,15,,,1,80,,6114,15,,,1,40,,6115,15,,,1,80,,6116,15,,,1,80,,6117,15,,,1,40,,6118,15,,,1,80,,6119,15,,,1,82,,6120,15,,,1,80,,6121,15,,,1,41,,6122,15,,,1,81,,6123,15,,,1,81,,6124,15,,,1,40,,6125,15,,,1
3100,'SUN',744,,6126,15,,,1,100,,6127,15,,,1,98,,6128,15,,,1,100,,6129,15,,,1,96,,6130,15,,,1,100,,6131,15,,,1,100,,6132,15,,,1,100,,6133,15,,,1,100,,6134,15,,,1,101,,6135,15,,,1,102,,6136,15,,,1,100,,6137,15,,,1,102,,6138,15,,,1
3100,'CCFWK',536,,6139,15,,,1,70,,6140,15,,,1,30,,6141,15,,,1,68,,6142,15,,,1,30,,6143,15,,,1,70,,6144,15,,,1,30,,6145,15,,,1,69,,6146,15,,,1,30,,6147,15,,,1,70,,6148,15,,,1,29,,6149,15,,,1,70,,6150,15,,,1,29,,6151,15,,,1,70,,6152,15,,,1,28,,6153,15,,,1,30,,6154,15,,,1,70,,6155,15,,,1,30,,6156,15,,,1,69,,6157,15,,,1,30,,6158,15,,,1,71,,6159,15,,,1,30,,6160,15,,,1,70,,6161,15,,,1,71,,6162,15,,,1,32,,6163,15,,,1,72,,6164,15,,,1,31,,6165,15,,,1,70,,6166,15,,,1,100,,6167,15,,,1,101,,6168,15,,,1
3100,'CCFFF',536,,6169,15,,,1,70,,6170,15,,,1,30,,6171,15,,,1,68,,6172,15,,,1,30,,6173,15,,,1,70,,6174,15,,,1,30,,6175,15,,,1,69,,6176,15,,,1,30,,6177,15,,,1,70,,6178,15,,,1,29,,6179,15,,,1,70,,6180,15,,,1,29,,6181,15,,,1,70,,6182,15,,,1,28,,6183,15,,,1,30,,6184,15,,,1,70,,6185,15,,,1,30,,6186,15,,,1,69,,6187,15,,,1,30,,6188,15,,,1,71,,6189,15,,,1,30,,6190,15,,,1,70,,6191,15,,,1,71,,6192,15,,,1,32,,6193,15,,,1,72,,6194,15,,,1,31,,6195,15,,,1,70,,6196,15,,,1,100,,6197,15,,,1,101,,6198,15,,,1
3100,'CCFSAT',744,,6199,15,,,1,79,,6200,15,,,1,79,,6201,15,,,1,40,,6202,15,,,1,79,,6203,15,,,1,79,,6204,15,,,1,38,,6205,15,,,1,80,,6206,15,,,1,40,,6207,15,,,1,80,,6208,15,,,1,80,,6209,15,,,1,40,,6210,15,,,1,80,,6211,15,,,1,82,,6212,15,,,1,80,,6213,15,,,1,41,,6214,15,,,1,81,,6215,15,,,1,81,,6216,15,,,1,40,,6217,15,,,1
3100,'CCFSUN',744,,6218,15,,,1,100,,6219,15,,,1,98,,6220,15,,,1,100,,6221,15,,,1,96,,6222,15,,,1,100,,6223,15,,,1,100,,6224,15,,,1,100,,6225,15,,,1,100,,6226,15,,,1,101,,6227,15,,,1,102,,6228,15,,,1,100,,6229,15,,,1,102,,6230,15,,,1
7101,'WKDY',537,,11191,13,,,1,65,,11192,13,,,1,28,,11193,13,,,1,70,,11194,13,,,1,15,,11195,13,,,1,15,,11196,13,,,1,15,,11197,13,,,1,56,,11198,13,,,1,15,,11199,13,,,1,15,,11200,13,,,1,15,,11201,13,,,1,56,,11202,13,,,1,15,,11203,13,,,1,16,,11204,13,,,1,15,,11205,13,,,1,55,,11206,13,,,1,15,,11207,13,,,1,15,,11208,13,,,1,15,,11209,13,,,1,55,,11210,13,,,1,15,,11211,13,,,1,15,,11212,13,,,1,19,,11213,13,,,1,48,,11214,13,,,1,15,,11215,13,,,1,15,,11216,13,,,1,16,,11217,13,,,1,55,,11218,13,,,1,15,,11219,13,,,1,15,,11220,13,,,1,16,,11221,13,,,1,55,,11222,13,,,1,16,,11223,13,,,1,16,,11224,13,,,1,15,,11225,13,,,1,56,,11226,13,,,1,15,,11227,13,,,1,16,,11228,13,,,1,15,,11229,13,,,1,55,,11230,13,,,1,15,,11231,13,,,1,15,,11232,13,,,1,15,,11233,13,,,1,55,,11234,13,,,1,16,,11235,13,,,1,14,,11236,13,,,1,14,,11237,13,,,1,55,,11238,13,,,1,28,,11239,13,,,1,68,,11240,13,,,1,30,,11241,13,,,1,70,,11242,13,,,1,30,,11243,13,,,1,69,,11244,13,,,1,30,,11245,13,,,1,70,,11246,13,,,1,30,,11247,13,,,1,100,,11248,13,,,1
7101,'SAT',634,,11249,13,,,1,20,,11296,13,,,1,60,,11297,13,,,1,20,,11250,13,,,1,20,,11251,13,,,1,61,,11252,13,,,1,20,,11253,13,,,1,20,,11254,13,,,1,59,,11255,13,,,1,20,,11256,13,,,1,20,,11257,13,,,1,60,,11258,13,,,1,20,,11259,13,,,1,20,,11260,13,,,1,60,,11261,13,,,1,20,,11262,13,,,1,21,,11263,13,,,1,62,,11264,13,,,1,21,,11265,13,,,1,21,,11266,13,,,1,60,,11267,13,,,1,21,,11268,13,,,1,60,,11269,13,,,1,21,,11270,13,,,1,20,,11271,13,,,1,60,,11272,13,,,1,20,,11273,13,,,1,20,,11274,13,,,1,60,,11275,13,,,1,19,,11276,13,,,1,20,,11277,13,,,1,60,,11278,13,,,1,19,,11279,13,,,1,20,,11280,13,,,1,20,,11281,13,,,1,59,,11282,13,,,1,20,,11283,13,,,1,20,,11284,13,,,1,60,,11285,13,,,1,20,,11286,13,,,1,20,,11287,13,,,1,61,,11288,13,,,1,20,,11289,13,,,1,18,,11290,13,,,1,60,,11291,13,,,1,20,,11292,13,,,1,70,,11293,13,,,1,30,,11294,13,,,1,70,,11295,13,,,1
7101,'SUN',634,,11298,13,,,1,70,,11331,13,,,1,30,,11299,13,,,1,71,,11300,13,,,1,30,,11301,13,,,1,70,,11302,13,,,1,29,,11303,13,,,1,70,,11304,13,,,1,30,,11305,13,,,1,70,,11306,13,,,1,30,,11307,13,,,1,74,,11308,13,,,1,30,,11309,13,,,1,71,,11310,13,,,1,31,,11311,13,,,1,70,,11312,13,,,1,31,,11313,13,,,1,70,,11314,13,,,1,30,,11315,13,,,1,70,,11316,13,,,1,29,,11317,13,,,1,70,,11318,13,,,1,29,,11319,13,,,1,69,,11320,13,,,1,30,,11321,13,,,1,70,,11322,13,,,1,30,,11323,13,,,1,70,,11324,13,,,1,31,,11325,13,,,1,70,,11326,13,,,1,30,,11327,13,,,1,18,,11328,13,,,1,70,,11329,13,,,1,30,,11330,13,,,1
7101,'CCFWK',537,,11332,13,,,1,65,,11333,13,,,1,28,,11334,13,,,1,70,,11335,13,,,1,15,,11336,13,,,1,15,,11337,13,,,1,15,,11338,13,,,1,56,,11339,13,,,1,15,,11340,13,,,1,15,,11341,13,,,1,15,,11342,13,,,1,56,,11343,13,,,1,15,,11344,13,,,1,16,,11345,13,,,1,15,,11346,13,,,1,55,,11347,13,,,1,15,,11348,13,,,1,15,,11349,13,,,1,15,,11350,13,,,1,55,,11351,13,,,1,15,,11352,13,,,1,15,,11353,13,,,1,19,,11354,13,,,1,48,,11355,13,,,1,15,,11356,13,,,1,15,,11357,13,,,1,16,,11358,13,,,1,55,,11359,13,,,1,15,,11360,13,,,1,15,,11361,13,,,1,16,,11362,13,,,1,55,,11363,13,,,1,16,,11364,13,,,1,16,,11365,13,,,1,15,,11366,13,,,1,56,,11367,13,,,1,15,,11368,13,,,1,16,,11369,13,,,1,15,,11370,13,,,1,55,,11371,13,,,1,15,,11372,13,,,1,15,,11373,13,,,1,15,,11374,13,,,1,55,,11375,13,,,1,16,,11376,13,,,1,14,,11377,13,,,1,14,,11378,13,,,1,55,,11379,13,,,1,28,,11380,13,,,1,68,,11381,13,,,1,30,,11382,13,,,1,70,,11383,13,,,1,30,,11384,13,,,1,69,,11385,13,,,1,30,,11386,13,,,1,70,,11387,13,,,1,30,,11388,13,,,1,100,,11389,13,,,1
7101,'CCFFF',537,,11390,13,,,1,65,,11391,13,,,1,28,,11392,13,,,1,70,,11393,13,,,1,15,,11394,13,,,1,15,,11395,13,,,1,15,,11396,13,,,1,56,,11397,13,,,1,15,,11398,13,,,1,15,,11399,13,,,1,15,,11400,13,,,1,56,,11401,13,,,1,15,,11402,13,,,1,16,,11403,13,,,1,15,,11404,13,,,1,55,,11405,13,,,1,15,,11406,13,,,1,15,,11407,13,,,1,15,,11408,13,,,1,55,,11409,13,,,1,15,,11410,13,,,1,15,,11411,13,,,1,19,,11412,13,,,1,48,,11413,13,,,1,15,,11414,13,,,1,15,,11415,13,,,1,16,,11416,13,,,1,55,,11417,13,,,1,15,,11418,13,,,1,15,,11419,13,,,1,16,,11420,13,,,1,55,,11421,13,,,1,16,,11422,13,,,1,16,,11423,13,,,1,15,,11424,13,,,1,56,,11425,13,,,1,15,,11426,13,,,1,16,,11427,13,,,1,15,,11428,13,,,1,55,,11429,13,,,1,15,,11430,13,,,1,15,,11431,13,,,1,15,,11432,13,,,1,55,,11433,13,,,1,16,,11434,13,,,1,14,,11435,13,,,1,14,,11436,13,,,1,55,,11437,13,,,1,28,,11438,13,,,1,68,,11439,13,,,1,30,,11440,13,,,1,70,,11441,13,,,1,30,,11442,13,,,1,69,,11443,13,,,1,30,,11444,13,,,1,70,,11445,13,,,1,30,,11446,13,,,1,100,,11447,13,,,1
7101,'CCFSAT',634,,11448,13,,,1,20,,11495,13,,,1,60,,11496,13,,,1,20,,11449,13,,,1,20,,11450,13,,,1,61,,11451,13,,,1,20,,11452,13,,,1,20,,11453,13,,,1,59,,11454,13,,,1,20,,11455,13,,,1,20,,11456,13,,,1,60,,11457,13,,,1,20,,11458,13,,,1,20,,11459,13,,,1,60,,11460,13,,,1,20,,11461,13,,,1,21,,11462,13,,,1,62,,11463,13,,,1,21,,11464,13,,,1,21,,11465,13,,,1,60,,11466,13,,,1,21,,11467,13,,,1,60,,11468,13,,,1,21,,11469,13,,,1,20,,11470,13,,,1,60,,11471,13,,,1,20,,11472,13,,,1,20,,11473,13,,,1,60,,11474,13,,,1,19,,11475,13,,,1,20,,11476,13,,,1,60,,11477,13,,,1,19,,11478,13,,,1,20,,11479,13,,,1,20,,11480,13,,,1,59,,11481,13,,,1,20,,11482,13,,,1,20,,11483,13,,,1,60,,11484,13,,,1,20,,11485,13,,,1,20,,11486,13,,,1,61,,11487,13,,,1,20,,11488,13,,,1,18,,11489,13,,,1,60,,11490,13,,,1,20,,11491,13,,,1,70,,11492,13,,,1,30,,11493,13,,,1,70,,11494,13,,,1
7101,'CCFSUN',634,,11497,13,,,1,70,,11530,13,,,1,30,,11498,13,,,1,71,,11499,13,,,1,30,,11500,13,,,1,70,,11501,13,,,1,29,,11502,13,,,1,70,,11503,13,,,1,30,,11504,13,,,1,70,,11505,13,,,1,30,,11506,13,,,1,74,,11507,13,,,1,30,,11508,13,,,1,71,,11509,13,,,1,31,,11510,13,,,1,70,,11511,13,,,1,31,,11512,13,,,1,70,,11513,13,,,1,30,,11514,13,,,1,70,,11515,13,,,1,29,,11516,13,,,1,70,,11517,13,,,1,29,,11518,13,,,1,69,,11519,13,,,1,30,,11520,13,,,1,70,,11521,13,,,1,30,,11522,13,,,1,70,,11523,13,,,1,31,,11524,13,,,1,70,,11525,13,,,1,30,,11526,13,,,1,18,,11527,13,,,1,70,,11528,13,,,1,30,,11529,13,,,1
