701,'WKDY',642,,4653,26,,,1,62,,4682,26,,,1,55,,4654,26,,,1,71,,4655,26,,,1,27,,4656,26,,,1,69,,4657,26,,,1,31,,4658,26,,,1,68,,4659,26,,,1,30,,4660,26,,,1,70,,4661,26,,,1,30,,4662,26,,,1,70,,4663,26,,,1,32,,4664,26,,,1,71,,4665,26,,,1,73,,4666,26,,,1,31,,4667,26,,,1,70,,4668,26,,,1,31,,4669,26,,,1,71,,4670,26,,,1,30,,4671,26,,,1,70,,4672,26,,,1,27,,4673,26,,,1,70,,4674,26,,,1,29,,4675,26,,,1,27,,4676,26,,,1,68,,4677,26,,,1,29,,4678,26,,,1,67,,4679,26,,,1,100,,4680,26,,,1,100,,4681,26,,,1
701,'SAT',746,,4694,26,,,1,100,,4695,26,,,1,102,,4683,26,,,1,105,,4684,26,,,1,103,,4685,26,,,1,100,,4686,26,,,1,101,,4687,26,,,1,100,,4688,26,,,1,99,,4689,26,,,1,98,,4690,26,,,1,99,,4691,26,,,1,99,,4692,26,,,1,97,,4693,26,,,1,100,,4696,26,,,1,100,,4697,26,,,1
701,'SUN',746,,4709,26,,,1,100,,4710,26,,,1,102,,4698,26,,,1,105,,4699,26,,,1,103,,4700,26,,,1,100,,4701,26,,,1,101,,4702,26,,,1,100,,4703,26,,,1,99,,4704,26,,,1,98,,4705,26,,,1,99,,4706,26,,,1,99,,4707,26,,,1,97,,4708,26,,,1,100,,4711,26,,,1,100,,4712,26,,,1
701,'CCFWK',642,,4713,26,,,1,62,,4742,26,,,1,55,,4714,26,,,1,71,,4715,26,,,1,27,,4716,26,,,1,69,,4717,26,,,1,31,,4718,26,,,1,68,,4719,26,,,1,30,,4720,26,,,1,70,,4721,26,,,1,30,,4722,26,,,1,70,,4723,26,,,1,32,,4724,26,,,1,71,,4725,26,,,1,73,,4726,26,,,1,31,,4727,26,,,1,70,,4728,26,,,1,31,,4729,26,,,1,71,,4730,26,,,1,30,,4731,26,,,1,70,,4732,26,,,1,27,,4733,26,,,1,70,,4734,26,,,1,29,,4735,26,,,1,27,,4736,26,,,1,68,,4737,26,,,1,29,,4738,26,,,1,67,,4739,26,,,1,100,,4740,26,,,1,100,,4741,26,,,1
701,'CCFFF',642,,4743,26,,,1,62,,4772,26,,,1,55,,4744,26,,,1,71,,4745,26,,,1,27,,4746,26,,,1,69,,4747,26,,,1,31,,4748,26,,,1,68,,4749,26,,,1,30,,4750,26,,,1,70,,4751,26,,,1,30,,4752,26,,,1,70,,4753,26,,,1,32,,4754,26,,,1,71,,4755,26,,,1,73,,4756,26,,,1,31,,4757,26,,,1,70,,4758,26,,,1,31,,4759,26,,,1,71,,4760,26,,,1,30,,4761,26,,,1,70,,4762,26,,,1,27,,4763,26,,,1,70,,4764,26,,,1,29,,4765,26,,,1,27,,4766,26,,,1,68,,4767,26,,,1,29,,4768,26,,,1,67,,4769,26,,,1,100,,4770,26,,,1,100,,4771,26,,,1
701,'CCFSAT',746,,4784,26,,,1,100,,4785,26,,,1,102,,4773,26,,,1,105,,4774,26,,,1,103,,4775,26,,,1,100,,4776,26,,,1,101,,4777,26,,,1,100,,4778,26,,,1,99,,4779,26,,,1,98,,4780,26,,,1,99,,4781,26,,,1,99,,4782,26,,,1,97,,4783,26,,,1,100,,4786,26,,,1,100,,4787,26,,,1
701,'CCFSUN',746,,4799,26,,,1,100,,4800,26,,,1,102,,4788,26,,,1,105,,4789,26,,,1,103,,4790,26,,,1,100,,4791,26,,,1,101,,4792,26,,,1,100,,4793,26,,,1,99,,4794,26,,,1,98,,4795,26,,,1,99,,4796,26,,,1,99,,4797,26,,,1,97,,4798,26,,,1,100,,4801,26,,,1,100,,4802,26,,,1
1201,'WKDY',643,,5038,27,,,1,70,,5039,27,,,1,30,,5040,27,,,1,71,,5041,27,,,1,30,,5042,27,,,1,70,,5043,27,,,1,30,,5044,27,,,1,70,,5045,27,,,1,30,,5046,27,,,1,70,,5047,27,,,1,30,,5048,27,,,1,70,,5049,27,,,1,30,,5050,27,,,1,70,,5051,27,,,1,30,,5052,27,,,1,70,,5053,27,,,1,30,,5054,27,,,1,70,,5055,27,,,1,33,,5056,27,,,1,70,,5057,27,,,1,30,,5058,27,,,1,70,,5059,27,,,1,30,,5060,27,,,1,70,,5061,27,,,1,26,,5062,27,,,1,70,,5063,27,,,1,30,,5064,27,,,1,69,,5065,27,,,1,30,,5066,27,,,1,68,,5067,27,,,1,30,,5068,27,,,1,70,,5069,27,,,1
1201,'SAT',733,,5070,27,,,1,100,,5071,27,,,1,101,,5072,27,,,1,100,,5073,27,,,1,101,,5074,27,,,1,100,,5075,27,,,1,100,,5076,27,,,1,100,,5077,27,,,1,100,,5078,27,,,1,100,,5079,27,,,1,99,,5080,27,,,1,100,,5081,27,,,1,99,,5082,27,,,1,100,,5083,27,,,1,100,,5084,27,,,1,100,,5085,27,,,1
1201,'SUN',733,,5086,27,,,1,100,,5087,27,,,1,101,,5088,27,,,1,100,,5089,27,,,1,101,,5090,27,,,1,100,,5091,27,,,1,100,,5092,27,,,1,100,,5093,27,,,1,100,,5094,27,,,1,100,,5095,27,,,1,99,,5096,27,,,1,100,,5097,27,,,1,99,,5098,27,,,1,100,,5099,27,,,1,100,,5100,27,,,1,100,,5101,27,,,1
1201,'CCFWK',643,,5102,27,,,1,70,,5103,27,,,1,30,,5104,27,,,1,71,,5105,27,,,1,30,,5106,27,,,1,70,,5107,27,,,1,30,,5108,27,,,1,70,,5109,27,,,1,30,,5110,27,,,1,70,,5111,27,,,1,30,,5112,27,,,1,70,,5113,27,,,1,30,,5114,27,,,1,70,,5115,27,,,1,30,,5116,27,,,1,70,,5117,27,,,1,30,,5118,27,,,1,70,,5119,27,,,1,33,,5120,27,,,1,70,,5121,27,,,1,30,,5122,27,,,1,70,,5123,27,,,1,30,,5124,27,,,1,70,,5125,27,,,1,26,,5126,27,,,1,70,,5127,27,,,1,30,,5128,27,,,1,69,,5129,27,,,1,30,,5130,27,,,1,68,,5131,27,,,1,30,,5132,27,,,1,70,,5133,27,,,1
1201,'CCFFF',643,,5134,27,,,1,70,,5135,27,,,1,30,,5136,27,,,1,71,,5137,27,,,1,30,,5138,27,,,1,70,,5139,27,,,1,30,,5140,27,,,1,70,,5141,27,,,1,30,,5142,27,,,1,70,,5143,27,,,1,30,,5144,27,,,1,70,,5145,27,,,1,30,,5146,27,,,1,70,,5147,27,,,1,30,,5148,27,,,1,70,,5149,27,,,1,30,,5150,27,,,1,70,,5151,27,,,1,33,,5152,27,,,1,70,,5153,27,,,1,30,,5154,27,,,1,70,,5155,27,,,1,30,,5156,27,,,1,70,,5157,27,,,1,26,,5158,27,,,1,70,,5159,27,,,1,30,,5160,27,,,1,69,,5161,27,,,1,30,,5162,27,,,1,68,,5163,27,,,1,30,,5164,27,,,1,70,,5165,27,,,1
1201,'CCFSAT',733,,5166,27,,,1,100,,5167,27,,,1,101,,5168,27,,,1,100,,5169,27,,,1,101,,5170,27,,,1,100,,5171,27,,,1,100,,5172,27,,,1,100,,5173,27,,,1,100,,5174,27,,,1,100,,5175,27,,,1,99,,5176,27,,,1,100,,5177,27,,,1,99,,5178,27,,,1,100,,5179,27,,,1,100,,5180,27,,,1,100,,5181,27,,,1
1201,'CCFSUN',733,,5182,27,,,1,100,,5183,27,,,1,101,,5184,27,,,1,100,,5185,27,,,1,101,,5186,27,,,1,100,,5187,27,,,1,100,,5188,27,,,1,100,,5189,27,,,1,100,,5190,27,,,1,100,,5191,27,,,1,99,,5192,27,,,1,100,,5193,27,,,1,99,,5194,27,,,1,100,,5195,27,,,1,100,,5196,27,,,1,100,,5197,27,,,1
7200,'WKDY',537,,11531,28,,,1,93,,11532,28,,,1,70,,11533,28,,,1,30,,11534,28,,,1,74,,11535,28,,,1,29,,11536,28,,,1,69,,11537,28,,,1,30,,11538,28,,,1,70,,11555,28,,,1,30,,11539,28,,,1,71,,11556,28,,,1,30,,11540,28,,,1,70,,11557,28,,,1,30,,11541,28,,,1,71,,11558,28,,,1,29,,11542,28,,,1,71,,11559,28,,,1,31,,11543,28,,,1,72,,11560,28,,,1,30,,11544,28,,,1,73,,11545,28,,,1,29,,11546,28,,,1,66,,11547,28,,,1,30,,11548,28,,,1,70,,11549,28,,,1,25,,11550,28,,,1,70,,11551,28,,,1,30,,11552,28,,,1,99,,11553,28,,,1,110,,11554,28,,,1
7200,'SAT',758,,11561,28,,,1,142,,11562,28,,,1,101,,11563,28,,,1,100,,11564,28,,,1,102,,11565,28,,,1,100,,11566,28,,,1,102,,11567,28,,,1,99,,11568,28,,,1,100,,11569,28,,,1,100,,11570,28,,,1,98,,11571,28,,,1,100,,11572,28,,,1,99,,11573,28,,,1
7200,'SUN',758,,11574,28,,,1,142,,11575,28,,,1,101,,11576,28,,,1,100,,11577,28,,,1,102,,11578,28,,,1,101,,11579,28,,,1,101,,11580,28,,,1,99,,11581,28,,,1,100,,11582,28,,,1,100,,11583,28,,,1,98,,11584,28,,,1,100,,11585,28,,,1,99,,11586,28,,,1
7200,'CCFWK',537,,11587,28,,,1,93,,11588,28,,,1,70,,11589,28,,,1,30,,11590,28,,,1,74,,11591,28,,,1,29,,11592,28,,,1,69,,11593,28,,,1,30,,11594,28,,,1,70,,11611,28,,,1,30,,11595,28,,,1,71,,11612,28,,,1,30,,11596,28,,,1,70,,11613,28,,,1,30,,11597,28,,,1,71,,11614,28,,,1,29,,11598,28,,,1,71,,11615,28,,,1,31,,11599,28,,,1,72,,11616,28,,,1,30,,11600,28,,,1,73,,11601,28,,,1,29,,11602,28,,,1,66,,11603,28,,,1,30,,11604,28,,,1,70,,11605,28,,,1,25,,11606,28,,,1,70,,11607,28,,,1,30,,11608,28,,,1,99,,11609,28,,,1,110,,11610,28,,,1
7200,'CCFFF',537,,11617,28,,,1,93,,11618,28,,,1,70,,11619,28,,,1,30,,11620,28,,,1,74,,11621,28,,,1,29,,11622,28,,,1,69,,11623,28,,,1,30,,11624,28,,,1,70,,11641,28,,,1,30,,11625,28,,,1,71,,11642,28,,,1,30,,11626,28,,,1,70,,11643,28,,,1,30,,11627,28,,,1,71,,11644,28,,,1,29,,11628,28,,,1,71,,11645,28,,,1,31,,11629,28,,,1,72,,11646,28,,,1,30,,11630,28,,,1,73,,11631,28,,,1,29,,11632,28,,,1,66,,11633,28,,,1,30,,11634,28,,,1,70,,11635,28,,,1,25,,11636,28,,,1,70,,11637,28,,,1,30,,11638,28,,,1,99,,11639,28,,,1,110,,11640,28,,,1
7200,'CCFSAT',758,,11647,28,,,1,142,,11648,28,,,1,101,,11649,28,,,1,100,,11650,28,,,1,102,,11651,28,,,1,100,,11652,28,,,1,102,,11653,28,,,1,99,,11654,28,,,1,100,,11655,28,,,1,100,,11656,28,,,1,98,,11657,28,,,1,100,,11658,28,,,1,99,,11659,28,,,1
7200,'CCFSUN',758,,11660,28,,,1,142,,11661,28,,,1,101,,11662,28,,,1,100,,11663,28,,,1,102,,11664,28,,,1,101,,11665,28,,,1,101,,11666,28,,,1,99,,11667,28,,,1,100,,11668,28,,,1,100,,11669,28,,,1,98,,11670,28,,,1,100,,11671,28,,,1,99,,11672,28,,,1
7401,'WKDY',535,,11970,25,,,1,100,,11971,25,,,1,70,,11999,25,,,1,30,,11972,25,,,1,71,,12000,25,,,1,29,,11973,25,,,1,69,,11974,25,,,1,30,,11975,25,,,1,70,,11976,25,,,1,30,,11977,25,,,1,70,,11978,25,,,1,31,,11979,25,,,1,71,,11980,25,,,1,30,,11981,25,,,1,71,,11982,25,,,1,30,,11983,25,,,1,70,,11984,25,,,1,30,,11985,25,,,1,69,,11986,25,,,1,30,,11987,25,,,1,70,,11988,25,,,1,30,,11989,25,,,1,70,,11990,25,,,1,30,,11991,25,,,1,70,,11992,25,,,1,30,,11993,25,,,1,70,,11994,25,,,1,28,,11995,25,,,1,71,,11997,25,,,1,30,,12001,25,,,1,70,,11996,25,,,1,99,,11998,25,,,1
7401,'SAT',814,,12002,25,,,1,100,,12003,25,,,1,99,,12004,25,,,1,100,,12005,25,,,1,100,,12006,25,,,1,100,,12007,25,,,1,100,,12008,25,,,1,100,,12009,25,,,1,100,,12010,25,,,1,100,,12011,25,,,1,100,,12012,25,,,1,100,,12013,25,,,1,100,,12014,25,,,1,101,,12015,25,,,1
7401,'SUN',814,,12016,25,,,1,100,,12017,25,,,1,99,,12018,25,,,1,100,,12019,25,,,1,100,,12020,25,,,1,100,,12021,25,,,1,100,,12022,25,,,1,100,,12023,25,,,1,100,,12024,25,,,1,100,,12025,25,,,1,100,,12026,25,,,1,100,,12027,25,,,1,100,,12028,25,,,1,101,,12029,25,,,1
7401,'CCFWK',535,,12030,25,,,1,100,,12031,25,,,1,70,,12059,25,,,1,30,,12032,25,,,1,71,,12060,25,,,1,29,,12033,25,,,1,69,,12034,25,,,1,30,,12035,25,,,1,70,,12036,25,,,1,30,,12037,25,,,1,70,,12038,25,,,1,31,,12039,25,,,1,71,,12040,25,,,1,30,,12041,25,,,1,71,,12042,25,,,1,30,,12043,25,,,1,70,,12044,25,,,1,30,,12045,25,,,1,69,,12046,25,,,1,30,,12047,25,,,1,70,,12048,25,,,1,30,,12049,25,,,1,70,,12050,25,,,1,30,,12051,25,,,1,70,,12052,25,,,1,30,,12053,25,,,1,70,,12054,25,,,1,28,,12055,25,,,1,71,,12057,25,,,1,30,,12061,25,,,1,70,,12056,25,,,1,99,,12058,25,,,1
7401,'CCFFF',535,,12062,25,,,1,100,,12063,25,,,1,70,,12091,25,,,1,30,,12064,25,,,1,71,,12092,25,,,1,29,,12065,25,,,1,69,,12066,25,,,1,30,,12067,25,,,1,70,,12068,25,,,1,30,,12069,25,,,1,70,,12070,25,,,1,31,,12071,25,,,1,71,,12072,25,,,1,30,,12073,25,,,1,71,,12074,25,,,1,30,,12075,25,,,1,70,,12076,25,,,1,30,,12077,25,,,1,69,,12078,25,,,1,30,,12079,25,,,1,70,,12080,25,,,1,30,,12081,25,,,1,70,,12082,25,,,1,30,,12083,25,,,1,70,,12084,25,,,1,30,,12085,25,,,1,70,,12086,25,,,1,28,,12087,25,,,1,71,,12089,25,,,1,30,,12093,25,,,1,70,,12088,25,,,1,99,,12090,25,,,1
7401,'CCFSAT',814,,12094,25,,,1,100,,12095,25,,,1,99,,12096,25,,,1,100,,12097,25,,,1,100,,12098,25,,,1,100,,12099,25,,,1,100,,12100,25,,,1,100,,12101,25,,,1,100,,12102,25,,,1,100,,12103,25,,,1,100,,12104,25,,,1,100,,12105,25,,,1,100,,12106,25,,,1,101,,12107,25,,,1
7401,'CCFSUN',814,,12108,25,,,1,100,,12109,25,,,1,99,,12110,25,,,1,100,,12111,25,,,1,100,,12112,25,,,1,100,,12113,25,,,1,100,,12114,25,,,1,100,,12115,25,,,1,100,,12116,25,,,1,100,,12117,25,,,1,100,,12118,25,,,1,100,,12119,25,,,1,100,,12120,25,,,1,101,,12121,25,,,1
8001,'WKDY',627,,12607,34,,,1,30,,12608,34,,,1,71,,12609,34,,,1,72,,12610,34,,,1,30,,12611,34,,,1,70,,12612,34,,,1,29,,12613,34,,,1,30,,12614,34,,,1,70,,12615,34,,,1,71,,12616,34,,,1,30,,12617,34,,,1,70,,12618,34,,,1,30,,12619,34,,,1,70,,12620,34,,,1,30,,12621,34,,,1,71,,12622,34,,,1,30,,12623,34,,,1,70,,12624,34,,,1,34,,12625,34,,,1,73,,12626,34,,,1,27,,12627,34,,,1,69,,12628,34,,,1,29,,12629,34,,,1,67,,12630,34,,,1,29,,12631,34,,,1,30,,12632,34,,,1,68,,12633,34,,,1,29,,12634,34,,,1,70,,12635,34,,,1,30,,12636,34,,,1,69,,12637,34,,,1
8001,'SAT',725,,12651,34,,,1,101,,12638,34,,,1,29,,12639,34,,,1,71,,12640,34,,,1,29,,12652,34,,,1,71,,12641,34,,,1,31,,12653,34,,,1,70,,12642,34,,,1,30,,12654,34,,,1,70,,12643,34,,,1,31,,12655,34,,,1,70,,12644,34,,,1,30,,12656,34,,,1,70,,12645,34,,,1,30,,12657,34,,,1,70,,12646,34,,,1,30,,12658,34,,,1,70,,12647,34,,,1,30,,12659,34,,,1,70,,12648,34,,,1,29,,12660,34,,,1,70,,12649,34,,,1,30,,12661,34,,,1,70,,12650,34,,,1,30,,12662,34,,,1,69,,12665,34,,,1,31,,12663,34,,,1,100,,12664,34,,,1
8001,'SUN',725,,12679,34,,,1,101,,12666,34,,,1,29,,12667,34,,,1,71,,12668,34,,,1,29,,12680,34,,,1,71,,12669,34,,,1,31,,12681,34,,,1,70,,12670,34,,,1,30,,12682,34,,,1,70,,12671,34,,,1,31,,12683,34,,,1,70,,12672,34,,,1,30,,12684,34,,,1,70,,12673,34,,,1,30,,12685,34,,,1,70,,12674,34,,,1,30,,12686,34,,,1,70,,12675,34,,,1,30,,12687,34,,,1,70,,12676,34,,,1,29,,12688,34,,,1,70,,12677,34,,,1,30,,12689,34,,,1,70,,12678,34,,,1,30,,12690,34,,,1,69,,12693,34,,,1,31,,12691,34,,,1,98,,12692,34,,,1
8001,'CCFWK',627,,12694,34,,,1,30,,12695,34,,,1,71,,12696,34,,,1,72,,12697,34,,,1,30,,12698,34,,,1,70,,12699,34,,,1,29,,12700,34,,,1,30,,12701,34,,,1,70,,12702,34,,,1,71,,12703,34,,,1,30,,12704,34,,,1,70,,12705,34,,,1,30,,12706,34,,,1,70,,12707,34,,,1,30,,12708,34,,,1,71,,12709,34,,,1,30,,12710,34,,,1,70,,12711,34,,,1,34,,12712,34,,,1,73,,12713,34,,,1,27,,12714,34,,,1,69,,12715,34,,,1,29,,12716,34,,,1,67,,12717,34,,,1,29,,12718,34,,,1,30,,12719,34,,,1,68,,12720,34,,,1,29,,12721,34,,,1,70,,12722,34,,,1,30,,12723,34,,,1,69,,12724,34,,,1
8001,'CCFFF',627,,12725,34,,,1,30,,12726,34,,,1,71,,12727,34,,,1,72,,12728,34,,,1,30,,12729,34,,,1,70,,12730,34,,,1,29,,12731,34,,,1,30,,12732,34,,,1,70,,12733,34,,,1,71,,12734,34,,,1,30,,12735,34,,,1,70,,12736,34,,,1,30,,12737,34,,,1,70,,12738,34,,,1,30,,12739,34,,,1,71,,12740,34,,,1,30,,12741,34,,,1,70,,12742,34,,,1,34,,12743,34,,,1,73,,12744,34,,,1,27,,12745,34,,,1,69,,12746,34,,,1,29,,12747,34,,,1,67,,12748,34,,,1,29,,12749,34,,,1,30,,12750,34,,,1,68,,12751,34,,,1,29,,12752,34,,,1,70,,12753,34,,,1,30,,12754,34,,,1,69,,12755,34,,,1
8001,'CCFSAT',725,,12769,34,,,1,101,,12756,34,,,1,29,,12757,34,,,1,71,,12758,34,,,1,29,,12770,34,,,1,71,,12759,34,,,1,31,,12771,34,,,1,70,,12760,34,,,1,30,,12772,34,,,1,70,,12761,34,,,1,31,,12773,34,,,1,70,,12762,34,,,1,30,,12774,34,,,1,70,,12763,34,,,1,30,,12775,34,,,1,70,,12764,34,,,1,30,,12776,34,,,1,70,,12765,34,,,1,30,,12777,34,,,1,70,,12766,34,,,1,29,,12778,34,,,1,70,,12767,34,,,1,30,,12779,34,,,1,70,,12768,34,,,1,30,,12780,34,,,1,69,,12783,34,,,1,31,,12781,34,,,1,100,,12782,34,,,1
8001,'CCFSUN',725,,12797,34,,,1,101,,12784,34,,,1,29,,12785,34,,,1,71,,12786,34,,,1,29,,12798,34,,,1,71,,12787,34,,,1,31,,12799,34,,,1,70,,12788,34,,,1,30,,12800,34,,,1,70,,12789,34,,,1,31,,12801,34,,,1,70,,12790,34,,,1,30,,12802,34,,,1,70,,12791,34,,,1,30,,12803,34,,,1,70,,12792,34,,,1,30,,12804,34,,,1,70,,12793,34,,,1,30,,12805,34,,,1,70,,12794,34,,,1,29,,12806,34,,,1,70,,12795,34,,,1,30,,12807,34,,,1,70,,12796,34,,,1,30,,12808,34,,,1,70,,12811,34,,,1,30,,12809,34,,,1,98,,12810,34,,,1
