700,'WKDY',547,,4506,6,,,1,106,,4507,6,,,1,68,,4508,6,,,1,30,,4509,6,,,1,70,,4510,6,,,1,30,,4511,6,,,1,70,,4512,6,,,1,30,,4513,6,,,1,70,,4514,6,,,1,30,,4515,6,,,1,70,,4516,6,,,1,30,,4517,6,,,1,71,,4518,6,,,1,30,,4519,6,,,1,70,,4520,6,,,1,30,,4521,6,,,1,70,,4522,6,,,1,31,,4523,6,,,1,70,,4524,6,,,1,30,,4525,6,,,1,70,,4526,6,,,1,30,,4527,6,,,1,70,,4528,6,,,1,29,,4529,6,,,1,70,,4530,6,,,1,29,,4531,6,,,1,70,,4532,6,,,1,100,,4533,6,,,1,100,,4534,6,,,1
700,'SAT',650,,4546,6,,,1,100,,4547,6,,,1,100,,4535,6,,,1,101,,4536,6,,,1,100,,4537,6,,,1,100,,4538,6,,,1,100,,4539,6,,,1,100,,4540,6,,,1,100,,4541,6,,,1,100,,4542,6,,,1,100,,4543,6,,,1,100,,4544,6,,,1,100,,4545,6,,,1,100,,4548,6,,,1,100,,4549,6,,,1
700,'SUN',650,,4561,6,,,1,100,,4562,6,,,1,100,,4550,6,,,1,101,,4551,6,,,1,100,,4552,6,,,1,100,,4553,6,,,1,100,,4554,6,,,1,100,,4555,6,,,1,100,,4556,6,,,1,100,,4557,6,,,1,100,,4558,6,,,1,100,,4559,6,,,1,100,,4560,6,,,1,100,,4563,6,,,1,100,,4564,6,,,1
700,'CCFWK',547,,4565,6,,,1,106,,4566,6,,,1,68,,4567,6,,,1,30,,4568,6,,,1,70,,4569,6,,,1,30,,4570,6,,,1,70,,4571,6,,,1,30,,4572,6,,,1,70,,4573,6,,,1,30,,4574,6,,,1,70,,4575,6,,,1,30,,4576,6,,,1,71,,4577,6,,,1,30,,4578,6,,,1,70,,4579,6,,,1,30,,4580,6,,,1,70,,4581,6,,,1,31,,4582,6,,,1,70,,4583,6,,,1,30,,4584,6,,,1,70,,4585,6,,,1,30,,4586,6,,,1,70,,4587,6,,,1,29,,4588,6,,,1,70,,4589,6,,,1,29,,4590,6,,,1,70,,4591,6,,,1,100,,4592,6,,,1,100,,4593,6,,,1
700,'CCFFF',547,,4594,6,,,1,106,,4595,6,,,1,68,,4596,6,,,1,30,,4597,6,,,1,70,,4598,6,,,1,30,,4599,6,,,1,70,,4600,6,,,1,30,,4601,6,,,1,70,,4602,6,,,1,30,,4603,6,,,1,70,,4604,6,,,1,30,,4605,6,,,1,71,,4606,6,,,1,30,,4607,6,,,1,70,,4608,6,,,1,30,,4609,6,,,1,70,,4610,6,,,1,31,,4611,6,,,1,70,,4612,6,,,1,30,,4613,6,,,1,70,,4614,6,,,1,30,,4615,6,,,1,70,,4616,6,,,1,29,,4617,6,,,1,70,,4618,6,,,1,29,,4619,6,,,1,70,,4620,6,,,1,100,,4621,6,,,1,100,,4622,6,,,1
700,'CCFSAT',650,,4634,6,,,1,100,,4635,6,,,1,100,,4623,6,,,1,101,,4624,6,,,1,100,,4625,6,,,1,100,,4626,6,,,1,100,,4627,6,,,1,100,,4628,6,,,1,100,,4629,6,,,1,100,,4630,6,,,1,100,,4631,6,,,1,100,,4632,6,,,1,100,,4633,6,,,1,100,,4636,6,,,1,100,,4637,6,,,1
700,'CCFSUN',650,,4649,6,,,1,100,,4650,6,,,1,100,,4638,6,,,1,101,,4639,6,,,1,100,,4640,6,,,1,100,,4641,6,,,1,100,,4642,6,,,1,100,,4643,6,,,1,100,,4644,6,,,1,100,,4645,6,,,1,100,,4646,6,,,1,100,,4647,6,,,1,100,,4648,6,,,1,100,,4651,6,,,1,100,,4652,6,,,1
7401,'WKDY',448,,11815,6,,,1,100,,11816,6,,,1,71,,11844,6,,,1,30,,11817,6,,,1,70,,11845,6,,,1,30,,11818,6,,,1,70,,11819,6,,,1,30,,11820,6,,,1,70,,11821,6,,,1,30,,11822,6,,,1,70,,11823,6,,,1,30,,11824,6,,,1,71,,11825,6,,,1,30,,11826,6,,,1,70,,11827,6,,,1,30,,11828,6,,,1,70,,11829,6,,,1,30,,11830,6,,,1,70,,11831,6,,,1,30,,11832,6,,,1,70,,11833,6,,,1,30,,11834,6,,,1,70,,11835,6,,,1,30,,11836,6,,,1,70,,11837,6,,,1,30,,11838,6,,,1,70,,11839,6,,,1,30,,11840,6,,,1,69,,11841,6,,,1,30,,11842,6,,,1,70,,11846,6,,,1,30,,11847,6,,,1,70,,11843,6,,,1
7401,'SAT',724,,11848,6,,,1,101,,11849,6,,,1,100,,11850,6,,,1,100,,11851,6,,,1,101,,11852,6,,,1,100,,11853,6,,,1,100,,11854,6,,,1,100,,11855,6,,,1,100,,11856,6,,,1,100,,11857,6,,,1,100,,11858,6,,,1,100,,11859,6,,,1,99,,11860,6,,,1,100,,11861,6,,,1
7401,'SUN',724,,11862,6,,,1,101,,11863,6,,,1,100,,11864,6,,,1,100,,11865,6,,,1,101,,11866,6,,,1,100,,11867,6,,,1,100,,11868,6,,,1,100,,11869,6,,,1,100,,11870,6,,,1,100,,11871,6,,,1,100,,11872,6,,,1,100,,11873,6,,,1,99,,11874,6,,,1,100,,11875,6,,,1
7401,'CCFWK',448,,11876,6,,,1,100,,11877,6,,,1,71,,11905,6,,,1,30,,11878,6,,,1,70,,11906,6,,,1,30,,11879,6,,,1,70,,11880,6,,,1,30,,11881,6,,,1,70,,11882,6,,,1,30,,11883,6,,,1,70,,11884,6,,,1,30,,11885,6,,,1,71,,11886,6,,,1,30,,11887,6,,,1,70,,11888,6,,,1,30,,11889,6,,,1,70,,11890,6,,,1,30,,11891,6,,,1,70,,11892,6,,,1,30,,11893,6,,,1,70,,11894,6,,,1,30,,11895,6,,,1,70,,11896,6,,,1,30,,11897,6,,,1,70,,11898,6,,,1,30,,11899,6,,,1,70,,11900,6,,,1,30,,11901,6,,,1,69,,11902,6,,,1,30,,11903,6,,,1,70,,11907,6,,,1,30,,11908,6,,,1,70,,11904,6,,,1
7401,'CCFFF',448,,11909,6,,,1,100,,11910,6,,,1,71,,11938,6,,,1,30,,11911,6,,,1,70,,11939,6,,,1,30,,11912,6,,,1,70,,11913,6,,,1,30,,11914,6,,,1,70,,11915,6,,,1,30,,11916,6,,,1,70,,11917,6,,,1,30,,11918,6,,,1,71,,11919,6,,,1,30,,11920,6,,,1,70,,11921,6,,,1,30,,11922,6,,,1,70,,11923,6,,,1,30,,11924,6,,,1,70,,11925,6,,,1,30,,11926,6,,,1,70,,11927,6,,,1,30,,11928,6,,,1,70,,11929,6,,,1,30,,11930,6,,,1,70,,11931,6,,,1,30,,11932,6,,,1,70,,11933,6,,,1,30,,11934,6,,,1,69,,11935,6,,,1,30,,11936,6,,,1,70,,11940,6,,,1,30,,11941,6,,,1,70,,11937,6,,,1
7401,'CCFSAT',724,,11942,6,,,1,101,,11943,6,,,1,100,,11944,6,,,1,100,,11945,6,,,1,101,,11946,6,,,1,100,,11947,6,,,1,100,,11948,6,,,1,100,,11949,6,,,1,100,,11950,6,,,1,100,,11951,6,,,1,100,,11952,6,,,1,100,,11953,6,,,1,99,,11954,6,,,1,100,,11955,6,,,1
7401,'CCFSUN',724,,11956,6,,,1,101,,11957,6,,,1,100,,11958,6,,,1,100,,11959,6,,,1,101,,11960,6,,,1,100,,11961,6,,,1,100,,11962,6,,,1,100,,11963,6,,,1,100,,11964,6,,,1,100,,11965,6,,,1,100,,11966,6,,,1,100,,11967,6,,,1,99,,11968,6,,,1,100,,11969,6,,,1
