3000,'WKDY',529,,5898,23,,,1,96,,5899,41,,,1,30,,5900,41,,,1,64,,5901,41,,,1,38,,5902,41,,,1,70,,5903,41,,,1,29,,5904,41,,,1,70,,5905,41,,,1,30,,5906,41,,,1,69,,5907,41,,,1,29,,5908,41,,,1,72,,5909,41,,,1,30,,5910,41,,,1,70,,5911,41,,,1,31,,5912,41,,,1,71,,5913,41,,,1,30,,5914,41,,,1,69,,5915,41,,,1,32,,5916,41,,,1,73,,5917,41,,,1,70,,5918,41,,,1,32,,5919,41,,,1,69,,5920,41,,,1,29,,5921,41,,,1,27,,5922,41,,,1,66,,5923,41,,,1,29,,5924,41,,,1,67,,5925,41,,,1,28,,5926,41,,,1,69,,5927,41,,,1,29,,5928,41,,,1,68,,5929,41,,,1,96,,5930,41,,,1
3000,'SAT',707,,5931,41,,,1,100,,5932,41,,,1,33,,5933,41,,,1,72,,5934,41,,,1,31,,5935,41,,,1,72,,5936,41,,,1,30,,5937,41,,,1,71,,5938,41,,,1,31,,5939,41,,,1,72,,5940,41,,,1,30,,5941,41,,,1,71,,5942,41,,,1,30,,5943,41,,,1,70,,5944,41,,,1,29,,5945,41,,,1,70,,5946,41,,,1,30,,5947,41,,,1,70,,5948,41,,,1,30,,5949,41,,,1,70,,5950,41,,,1,28,,5951,41,,,1,68,,5952,41,,,1,99,,5953,41,,,1,98,,5954,41,,,1,100,,5955,41,,,1
3000,'SUN',707,,5956,41,,,1,100,,5957,41,,,1,105,,5958,41,,,1,103,,5959,41,,,1,101,,5960,41,,,1,102,,5961,41,,,1,101,,5962,41,,,1,100,,5963,41,,,1,99,,5964,41,,,1,100,,5965,41,,,1,100,,5966,41,,,1,97,,5967,41,,,1,99,,5968,41,,,1,98,,5969,41,,,1,100,,5970,41,,,1
3000,'CCFWK',529,,5971,23,,,1,96,,5972,41,,,1,30,,5973,41,,,1,64,,5974,41,,,1,38,,5975,41,,,1,70,,5976,41,,,1,29,,5977,41,,,1,70,,5978,41,,,1,30,,5979,41,,,1,69,,5980,41,,,1,29,,5981,41,,,1,72,,5982,41,,,1,30,,5983,41,,,1,70,,5984,41,,,1,31,,5985,41,,,1,71,,5986,41,,,1,30,,5987,41,,,1,69,,5988,41,,,1,32,,5989,41,,,1,73,,5990,41,,,1,70,,5991,41,,,1,32,,5992,41,,,1,69,,5993,41,,,1,29,,5994,41,,,1,27,,5995,41,,,1,66,,5996,41,,,1,29,,5997,41,,,1,67,,5998,41,,,1,28,,5999,41,,,1,69,,6000,41,,,1,29,,6001,41,,,1,68,,6002,41,,,1,96,,6003,41,,,1
3000,'CCFFF',529,,6004,23,,,1,96,,6005,41,,,1,30,,6006,41,,,1,64,,6007,41,,,1,38,,6008,41,,,1,70,,6009,41,,,1,29,,6010,41,,,1,70,,6011,41,,,1,30,,6012,41,,,1,69,,6013,41,,,1,29,,6014,41,,,1,72,,6015,41,,,1,30,,6016,41,,,1,70,,6017,41,,,1,31,,6018,41,,,1,71,,6019,41,,,1,30,,6020,41,,,1,69,,6021,41,,,1,32,,6022,41,,,1,73,,6023,41,,,1,70,,6024,41,,,1,32,,6025,41,,,1,69,,6026,41,,,1,29,,6027,41,,,1,27,,6028,41,,,1,66,,6029,41,,,1,29,,6030,41,,,1,67,,6031,41,,,1,28,,6032,41,,,1,69,,6033,41,,,1,29,,6034,41,,,1,68,,6035,41,,,1,96,,6036,41,,,1
3000,'CCFSAT',707,,6037,41,,,1,100,,6038,41,,,1,33,,6039,41,,,1,72,,6040,41,,,1,31,,6041,41,,,1,72,,6042,41,,,1,30,,6043,41,,,1,71,,6044,41,,,1,31,,6045,41,,,1,72,,6046,41,,,1,30,,6047,41,,,1,71,,6048,41,,,1,30,,6049,41,,,1,70,,6050,41,,,1,29,,6051,41,,,1,70,,6052,41,,,1,30,,6053,41,,,1,70,,6054,41,,,1,30,,6055,41,,,1,70,,6056,41,,,1,28,,6057,41,,,1,68,,6058,41,,,1,99,,6059,41,,,1,98,,6060,41,,,1,100,,6061,41,,,1
3000,'CCFSUN',707,,6062,41,,,1,100,,6063,41,,,1,105,,6064,41,,,1,103,,6065,41,,,1,101,,6066,41,,,1,102,,6067,41,,,1,101,,6068,41,,,1,100,,6069,41,,,1,99,,6070,41,,,1,100,,6071,41,,,1,100,,6072,41,,,1,97,,6073,41,,,1,99,,6074,41,,,1,98,,6075,41,,,1,100,,6076,41,,,1
7401,'WKDY',501,,11815,23,,,1,100,,11816,23,,,1,31,,11844,23,,,1,70,,11817,23,,,1,31,,11845,23,,,1,70,,11818,23,,,1,30,,11819,23,,,1,70,,11820,23,,,1,30,,11821,23,,,1,70,,11822,23,,,1,30,,11823,23,,,1,70,,11824,23,,,1,32,,11825,23,,,1,70,,11826,23,,,1,30,,11827,23,,,1,70,,11828,23,,,1,30,,11829,23,,,1,70,,11830,23,,,1,30,,11831,23,,,1,70,,11832,23,,,1,30,,11833,23,,,1,71,,11834,23,,,1,31,,11835,23,,,1,70,,11836,23,,,1,29,,11837,23,,,1,70,,11838,23,,,1,29,,11839,23,,,1,70,,11840,23,,,1,27,,11841,23,,,1,70,,11842,23,,,1,30,,11846,23,,,1,70,,11847,23,,,1,30,,11843,23,,,1
7401,'SAT',737,,11848,23,,,1,101,,11849,23,,,1,101,,11850,23,,,1,100,,11851,23,,,1,101,,11852,23,,,1,101,,11853,23,,,1,100,,11854,23,,,1,100,,11855,23,,,1,100,,11856,23,,,1,100,,11857,23,,,1,100,,11858,23,,,1,100,,11859,23,,,1,98,,11860,23,,,1,100,,11861,23,,,1
7401,'SUN',737,,11862,23,,,1,101,,11863,23,,,1,101,,11864,23,,,1,100,,11865,23,,,1,101,,11866,23,,,1,101,,11867,23,,,1,100,,11868,23,,,1,100,,11869,23,,,1,100,,11870,23,,,1,100,,11871,23,,,1,100,,11872,23,,,1,100,,11873,23,,,1,98,,11874,23,,,1,100,,11875,23,,,1
7401,'CCFWK',501,,11876,23,,,1,100,,11877,23,,,1,31,,11905,23,,,1,70,,11878,23,,,1,31,,11906,23,,,1,70,,11879,23,,,1,30,,11880,23,,,1,70,,11881,23,,,1,30,,11882,23,,,1,70,,11883,23,,,1,30,,11884,23,,,1,70,,11885,23,,,1,32,,11886,23,,,1,70,,11887,23,,,1,30,,11888,23,,,1,70,,11889,23,,,1,30,,11890,23,,,1,70,,11891,23,,,1,30,,11892,23,,,1,70,,11893,23,,,1,30,,11894,23,,,1,71,,11895,23,,,1,31,,11896,23,,,1,70,,11897,23,,,1,29,,11898,23,,,1,70,,11899,23,,,1,29,,11900,23,,,1,70,,11901,23,,,1,27,,11902,23,,,1,70,,11903,23,,,1,30,,11907,23,,,1,70,,11908,23,,,1,30,,11904,23,,,1
7401,'CCFFF',501,,11909,23,,,1,100,,11910,23,,,1,31,,11938,23,,,1,70,,11911,23,,,1,31,,11939,23,,,1,70,,11912,23,,,1,30,,11913,23,,,1,70,,11914,23,,,1,30,,11915,23,,,1,70,,11916,23,,,1,30,,11917,23,,,1,70,,11918,23,,,1,32,,11919,23,,,1,70,,11920,23,,,1,30,,11921,23,,,1,70,,11922,23,,,1,30,,11923,23,,,1,70,,11924,23,,,1,30,,11925,23,,,1,70,,11926,23,,,1,30,,11927,23,,,1,71,,11928,23,,,1,31,,11929,23,,,1,70,,11930,23,,,1,29,,11931,23,,,1,70,,11932,23,,,1,29,,11933,23,,,1,70,,11934,23,,,1,27,,11935,23,,,1,70,,11936,23,,,1,30,,11940,23,,,1,70,,11941,23,,,1,30,,11937,23,,,1
7401,'CCFSAT',737,,11942,23,,,1,101,,11943,23,,,1,101,,11944,23,,,1,100,,11945,23,,,1,101,,11946,23,,,1,101,,11947,23,,,1,100,,11948,23,,,1,100,,11949,23,,,1,100,,11950,23,,,1,100,,11951,23,,,1,100,,11952,23,,,1,100,,11953,23,,,1,98,,11954,23,,,1,100,,11955,23,,,1
7401,'CCFSUN',737,,11956,23,,,1,101,,11957,23,,,1,101,,11958,23,,,1,100,,11959,23,,,1,101,,11960,23,,,1,101,,11961,23,,,1,100,,11962,23,,,1,100,,11963,23,,,1,100,,11964,23,,,1,100,,11965,23,,,1,100,,11966,23,,,1,100,,11967,23,,,1,98,,11968,23,,,1,100,,11969,23,,,1
