1200,'WKDY',550,,4878,23,,,1,70,,4879,23,,,1,31,,4880,23,,,1,70,,4881,23,,,1,30,,4882,23,,,1,70,,4883,23,,,1,30,,4884,23,,,1,70,,4885,23,,,1,30,,4886,23,,,1,70,,4887,23,,,1,30,,4888,23,,,1,70,,4889,23,,,1,32,,4890,23,,,1,70,,4891,23,,,1,30,,4892,23,,,1,70,,4893,23,,,1,30,,4894,23,,,1,70,,4895,23,,,1,31,,4896,23,,,1,70,,4897,23,,,1,30,,4898,23,,,1,70,,4899,23,,,1,30,,4900,23,,,1,70,,4901,23,,,1,30,,4902,23,,,1,70,,4903,23,,,1,29,,4904,23,,,1,70,,4905,23,,,1,30,,4906,23,,,1,68,,4907,23,,,1,27,,4908,23,,,1,70,,4909,23,,,1
1200,'SAT',640,,4910,23,,,1,100,,4911,23,,,1,100,,4912,23,,,1,101,,4913,23,,,1,100,,4914,23,,,1,101,,4915,23,,,1,100,,4916,23,,,1,100,,4917,23,,,1,100,,4918,23,,,1,100,,4919,23,,,1,100,,4920,23,,,1,99,,4921,23,,,1,100,,4922,23,,,1,99,,4923,23,,,1,100,,4924,23,,,1,100,,4925,23,,,1
1200,'SUN',640,,4926,23,,,1,100,,4927,23,,,1,100,,4928,23,,,1,101,,4929,23,,,1,100,,4930,23,,,1,101,,4931,23,,,1,100,,4932,23,,,1,100,,4933,23,,,1,100,,4934,23,,,1,100,,4935,23,,,1,100,,4936,23,,,1,99,,4937,23,,,1,100,,4938,23,,,1,99,,4939,23,,,1,100,,4940,23,,,1,100,,4941,23,,,1
1200,'CCFWK',550,,4942,23,,,1,70,,4943,23,,,1,31,,4944,23,,,1,70,,4945,23,,,1,30,,4946,23,,,1,70,,4947,23,,,1,30,,4948,23,,,1,70,,4949,23,,,1,30,,4950,23,,,1,70,,4951,23,,,1,30,,4952,23,,,1,70,,4953,23,,,1,32,,4954,23,,,1,70,,4955,23,,,1,30,,4956,23,,,1,70,,4957,23,,,1,30,,4958,23,,,1,70,,4959,23,,,1,31,,4960,23,,,1,70,,4961,23,,,1,30,,4962,23,,,1,70,,4963,23,,,1,30,,4964,23,,,1,70,,4965,23,,,1,30,,4966,23,,,1,70,,4967,23,,,1,29,,4968,23,,,1,70,,4969,23,,,1,30,,4970,23,,,1,68,,4971,23,,,1,27,,4972,23,,,1,70,,4973,23,,,1
1200,'CCFFF',550,,4974,23,,,1,70,,4975,23,,,1,31,,4976,23,,,1,70,,4977,23,,,1,30,,4978,23,,,1,70,,4979,23,,,1,30,,4980,23,,,1,70,,4981,23,,,1,30,,4982,23,,,1,70,,4983,23,,,1,30,,4984,23,,,1,70,,4985,23,,,1,32,,4986,23,,,1,70,,4987,23,,,1,30,,4988,23,,,1,70,,4989,23,,,1,30,,4990,23,,,1,70,,4991,23,,,1,31,,4992,23,,,1,70,,4993,23,,,1,30,,4994,23,,,1,70,,4995,23,,,1,30,,4996,23,,,1,70,,4997,23,,,1,30,,4998,23,,,1,70,,4999,23,,,1,29,,5000,23,,,1,70,,5001,23,,,1,30,,5002,23,,,1,68,,5003,23,,,1,27,,5004,23,,,1,70,,5005,23,,,1
1200,'CCFSAT',640,,5006,23,,,1,100,,5007,23,,,1,100,,5008,23,,,1,101,,5009,23,,,1,100,,5010,23,,,1,101,,5011,23,,,1,100,,5012,23,,,1,100,,5013,23,,,1,100,,5014,23,,,1,100,,5015,23,,,1,100,,5016,23,,,1,99,,5017,23,,,1,100,,5018,23,,,1,99,,5019,23,,,1,100,,5020,23,,,1,100,,5021,23,,,1
1200,'CCFSUN',640,,5022,23,,,1,100,,5023,23,,,1,100,,5024,23,,,1,101,,5025,23,,,1,100,,5026,23,,,1,101,,5027,23,,,1,100,,5028,23,,,1,100,,5029,23,,,1,100,,5030,23,,,1,100,,5031,23,,,1,100,,5032,23,,,1,99,,5033,23,,,1,100,,5034,23,,,1,99,,5035,23,,,1,100,,5036,23,,,1,100,,5037,23,,,1
8001,'WKDY',545,,12399,30,,,1,71,,12430,30,,,1,30,,12400,30,,,1,71,,12401,30,,,1,33,,12402,30,,,1,70,,12403,30,,,1,30,,12404,30,,,1,70,,12405,30,,,1,30,,12406,30,,,1,70,,12407,30,,,1,30,,12408,30,,,1,70,,12409,30,,,1,30,,12410,30,,,1,70,,12411,30,,,1,30,,12412,30,,,1,70,,12413,30,,,1,31,,12414,30,,,1,70,,12415,30,,,1,30,,12416,30,,,1,72,,12417,30,,,1,30,,12418,30,,,1,70,,12419,30,,,1,30,,12420,30,,,1,63,,12421,30,,,1,30,,12422,30,,,1,70,,12423,30,,,1,30,,12424,30,,,1,70,,12425,30,,,1,30,,12426,30,,,1,70,,12427,30,,,1,29,,12428,30,,,1,70,,12429,30,,,1
8001,'SAT',646,,12443,30,,,1,100,,12431,30,,,1,70,,12432,30,,,1,31,,12433,30,,,1,70,,12444,30,,,1,30,,12434,30,,,1,69,,12445,30,,,1,31,,12435,30,,,1,70,,12446,30,,,1,30,,12436,30,,,1,71,,12447,30,,,1,30,,12437,30,,,1,70,,12448,30,,,1,30,,12438,30,,,1,70,,12449,30,,,1,30,,12439,30,,,1,71,,12450,30,,,1,30,,12440,30,,,1,70,,12451,30,,,1,30,,12441,30,,,1,70,,12452,30,,,1,30,,12442,30,,,1,70,,12453,30,,,1,29,,12454,30,,,1,69,,12455,30,,,1,30,,12456,30,,,1,69,,12457,30,,,1,100,,12458,30,,,1
8001,'SUN',646,,12472,30,,,1,100,,12459,30,,,1,70,,12460,30,,,1,31,,12461,30,,,1,70,,12473,30,,,1,30,,12462,30,,,1,69,,12474,30,,,1,31,,12463,30,,,1,70,,12475,30,,,1,30,,12464,30,,,1,71,,12476,30,,,1,30,,12465,30,,,1,70,,12477,30,,,1,30,,12466,30,,,1,70,,12478,30,,,1,30,,12467,30,,,1,71,,12479,30,,,1,30,,12468,30,,,1,70,,12480,30,,,1,30,,12469,30,,,1,70,,12481,30,,,1,30,,12470,30,,,1,70,,12482,30,,,1,29,,12471,30,,,1,69,,12483,30,,,1,30,,12485,30,,,1,69,,12484,30,,,1,100,,12486,30,,,1
8001,'CCFWK',545,,12487,30,,,1,71,,12518,30,,,1,30,,12488,30,,,1,71,,12489,30,,,1,33,,12490,30,,,1,70,,12491,30,,,1,30,,12492,30,,,1,70,,12493,30,,,1,30,,12494,30,,,1,70,,12495,30,,,1,30,,12496,30,,,1,70,,12497,30,,,1,30,,12498,30,,,1,70,,12499,30,,,1,30,,12500,30,,,1,70,,12501,30,,,1,31,,12502,30,,,1,70,,12503,30,,,1,30,,12504,30,,,1,72,,12505,30,,,1,30,,12506,30,,,1,70,,12507,30,,,1,30,,12508,30,,,1,63,,12509,30,,,1,30,,12510,30,,,1,70,,12511,30,,,1,30,,12512,30,,,1,70,,12513,30,,,1,30,,12514,30,,,1,70,,12515,30,,,1,29,,12516,30,,,1,70,,12517,30,,,1
8001,'CCFFF',545,,12519,30,,,1,71,,12550,30,,,1,30,,12520,30,,,1,71,,12521,30,,,1,33,,12522,30,,,1,70,,12523,30,,,1,30,,12524,30,,,1,70,,12525,30,,,1,30,,12526,30,,,1,70,,12527,30,,,1,30,,12528,30,,,1,70,,12529,30,,,1,30,,12530,30,,,1,70,,12531,30,,,1,30,,12532,30,,,1,70,,12533,30,,,1,31,,12534,30,,,1,70,,12535,30,,,1,30,,12536,30,,,1,72,,12537,30,,,1,30,,12538,30,,,1,70,,12539,30,,,1,30,,12540,30,,,1,63,,12541,30,,,1,30,,12542,30,,,1,70,,12543,30,,,1,30,,12544,30,,,1,70,,12545,30,,,1,30,,12546,30,,,1,70,,12547,30,,,1,29,,12548,30,,,1,70,,12549,30,,,1
8001,'CCFSAT',646,,12563,30,,,1,100,,12551,30,,,1,70,,12552,30,,,1,31,,12553,30,,,1,70,,12564,30,,,1,30,,12554,30,,,1,69,,12565,30,,,1,31,,12555,30,,,1,70,,12566,30,,,1,30,,12556,30,,,1,71,,12567,30,,,1,30,,12557,30,,,1,70,,12568,30,,,1,30,,12558,30,,,1,70,,12569,30,,,1,30,,12559,30,,,1,71,,12570,30,,,1,30,,12560,30,,,1,70,,12571,30,,,1,30,,12561,30,,,1,70,,12572,30,,,1,30,,12562,30,,,1,70,,12573,30,,,1,29,,12574,30,,,1,69,,12575,30,,,1,30,,12576,30,,,1,69,,12577,30,,,1,100,,12578,30,,,1
8001,'CCFSUN',646,,12592,30,,,1,100,,12579,30,,,1,70,,12580,30,,,1,31,,12581,30,,,1,70,,12593,30,,,1,30,,12582,30,,,1,69,,12594,30,,,1,31,,12583,30,,,1,70,,12595,30,,,1,30,,12584,30,,,1,71,,12596,30,,,1,30,,12585,30,,,1,70,,12597,30,,,1,30,,12586,30,,,1,70,,12598,30,,,1,30,,12587,30,,,1,71,,12599,30,,,1,30,,12588,30,,,1,70,,12600,30,,,1,30,,12589,30,,,1,70,,12601,30,,,1,30,,12590,30,,,1,70,,12602,30,,,1,29,,12591,30,,,1,69,,12603,30,,,1,30,,12605,30,,,1,69,,12604,30,,,1,100,,12606,30,,,1
