3001,'WKDY',529,,5898,22,,,1,96,,5899,40,,,1,30,,5900,40,,,1,63,,5901,40,,,1,39,,5902,40,,,1,70,,5903,40,,,1,29,,5904,40,,,1,69,,5905,40,,,1,30,,5906,40,,,1,69,,5907,40,,,1,29,,5908,40,,,1,72,,5909,40,,,1,30,,5910,40,,,1,70,,5911,40,,,1,31,,5912,40,,,1,71,,5913,40,,,1,30,,5914,40,,,1,69,,5915,40,,,1,32,,5916,40,,,1,73,,5917,40,,,1,70,,5918,40,,,1,32,,5919,40,,,1,69,,5920,40,,,1,29,,5921,40,,,1,27,,5922,40,,,1,66,,5923,40,,,1,30,,5924,40,,,1,67,,5925,40,,,1,28,,5926,40,,,1,69,,5927,40,,,1,29,,5928,40,,,1,68,,5929,40,,,1,96,,5930,40,,,1
3001,'SAT',707,,5931,40,,,1,100,,5932,40,,,1,33,,5933,40,,,1,72,,5934,40,,,1,31,,5935,40,,,1,71,,5936,40,,,1,30,,5937,40,,,1,71,,5938,40,,,1,31,,5939,40,,,1,72,,5940,40,,,1,30,,5941,40,,,1,71,,5942,40,,,1,30,,5943,40,,,1,70,,5944,40,,,1,29,,5945,40,,,1,70,,5946,40,,,1,30,,5947,40,,,1,70,,5948,40,,,1,30,,5949,40,,,1,70,,5950,40,,,1,29,,5951,40,,,1,68,,5952,40,,,1,99,,5953,40,,,1,98,,5954,40,,,1,100,,5955,40,,,1
3001,'SUN',706,,5956,40,,,1,100,,5957,40,,,1,106,,5958,40,,,1,102,,5959,40,,,1,101,,5960,40,,,1,103,,5961,40,,,1,101,,5962,40,,,1,100,,5963,40,,,1,99,,5964,40,,,1,100,,5965,40,,,1,100,,5966,40,,,1,97,,5967,40,,,1,99,,5968,40,,,1,98,,5969,40,,,1,100,,5970,40,,,1
3001,'CCFWK',529,,5971,22,,,1,96,,5972,40,,,1,30,,5973,40,,,1,63,,5974,40,,,1,39,,5975,40,,,1,70,,5976,40,,,1,29,,5977,40,,,1,69,,5978,40,,,1,30,,5979,40,,,1,69,,5980,40,,,1,29,,5981,40,,,1,72,,5982,40,,,1,30,,5983,40,,,1,70,,5984,40,,,1,31,,5985,40,,,1,71,,5986,40,,,1,30,,5987,40,,,1,69,,5988,40,,,1,32,,5989,40,,,1,73,,5990,40,,,1,70,,5991,40,,,1,32,,5992,40,,,1,69,,5993,40,,,1,29,,5994,40,,,1,27,,5995,40,,,1,66,,5996,40,,,1,30,,5997,40,,,1,67,,5998,40,,,1,28,,5999,40,,,1,69,,6000,40,,,1,29,,6001,40,,,1,68,,6002,40,,,1,96,,6003,40,,,1
3001,'CCFFF',529,,6004,22,,,1,96,,6005,40,,,1,30,,6006,40,,,1,63,,6007,40,,,1,39,,6008,40,,,1,70,,6009,40,,,1,29,,6010,40,,,1,69,,6011,40,,,1,30,,6012,40,,,1,69,,6013,40,,,1,29,,6014,40,,,1,72,,6015,40,,,1,30,,6016,40,,,1,70,,6017,40,,,1,31,,6018,40,,,1,71,,6019,40,,,1,30,,6020,40,,,1,69,,6021,40,,,1,32,,6022,40,,,1,73,,6023,40,,,1,70,,6024,40,,,1,32,,6025,40,,,1,69,,6026,40,,,1,29,,6027,40,,,1,27,,6028,40,,,1,66,,6029,40,,,1,30,,6030,40,,,1,67,,6031,40,,,1,28,,6032,40,,,1,69,,6033,40,,,1,29,,6034,40,,,1,68,,6035,40,,,1,96,,6036,40,,,1
3001,'CCFSAT',707,,6037,40,,,1,100,,6038,40,,,1,33,,6039,40,,,1,72,,6040,40,,,1,31,,6041,40,,,1,71,,6042,40,,,1,30,,6043,40,,,1,71,,6044,40,,,1,31,,6045,40,,,1,72,,6046,40,,,1,30,,6047,40,,,1,71,,6048,40,,,1,30,,6049,40,,,1,70,,6050,40,,,1,29,,6051,40,,,1,70,,6052,40,,,1,30,,6053,40,,,1,70,,6054,40,,,1,30,,6055,40,,,1,70,,6056,40,,,1,29,,6057,40,,,1,68,,6058,40,,,1,99,,6059,40,,,1,98,,6060,40,,,1,100,,6061,40,,,1
3001,'CCFSUN',706,,6062,40,,,1,100,,6063,40,,,1,106,,6064,40,,,1,102,,6065,40,,,1,101,,6066,40,,,1,103,,6067,40,,,1,101,,6068,40,,,1,100,,6069,40,,,1,99,,6070,40,,,1,100,,6071,40,,,1,100,,6072,40,,,1,97,,6073,40,,,1,99,,6074,40,,,1,98,,6075,40,,,1,100,,6076,40,,,1
7400,'WKDY',501,,11815,22,,,1,100,,11816,22,,,1,31,,11844,22,,,1,70,,11817,22,,,1,30,,11845,22,,,1,70,,11818,22,,,1,30,,11819,22,,,1,70,,11820,22,,,1,30,,11821,22,,,1,70,,11822,22,,,1,30,,11823,22,,,1,70,,11824,22,,,1,32,,11825,22,,,1,70,,11826,22,,,1,30,,11827,22,,,1,70,,11828,22,,,1,30,,11829,22,,,1,70,,11830,22,,,1,31,,11831,22,,,1,70,,11832,22,,,1,30,,11833,22,,,1,70,,11834,22,,,1,31,,11835,22,,,1,70,,11836,22,,,1,30,,11837,22,,,1,69,,11838,22,,,1,29,,11839,22,,,1,70,,11840,22,,,1,28,,11841,22,,,1,70,,11842,22,,,1,30,,11846,22,,,1,70,,11847,22,,,1,30,,11843,22,,,1
7400,'SAT',736,,11848,22,,,1,101,,11849,22,,,1,101,,11850,22,,,1,100,,11851,22,,,1,101,,11852,22,,,1,102,,11853,22,,,1,100,,11854,22,,,1,100,,11855,22,,,1,100,,11856,22,,,1,100,,11857,22,,,1,99,,11858,22,,,1,100,,11859,22,,,1,98,,11860,22,,,1,100,,11861,22,,,1
7400,'SUN',736,,11862,22,,,1,101,,11863,22,,,1,101,,11864,22,,,1,100,,11865,22,,,1,101,,11866,22,,,1,102,,11867,22,,,1,100,,11868,22,,,1,100,,11869,22,,,1,100,,11870,22,,,1,100,,11871,22,,,1,99,,11872,22,,,1,100,,11873,22,,,1,98,,11874,22,,,1,100,,11875,22,,,1
7400,'CCFWK',501,,11876,22,,,1,100,,11877,22,,,1,31,,11905,22,,,1,70,,11878,22,,,1,30,,11906,22,,,1,70,,11879,22,,,1,30,,11880,22,,,1,70,,11881,22,,,1,30,,11882,22,,,1,70,,11883,22,,,1,30,,11884,22,,,1,70,,11885,22,,,1,32,,11886,22,,,1,70,,11887,22,,,1,30,,11888,22,,,1,70,,11889,22,,,1,30,,11890,22,,,1,70,,11891,22,,,1,31,,11892,22,,,1,70,,11893,22,,,1,30,,11894,22,,,1,70,,11895,22,,,1,31,,11896,22,,,1,70,,11897,22,,,1,30,,11898,22,,,1,69,,11899,22,,,1,29,,11900,22,,,1,70,,11901,22,,,1,28,,11902,22,,,1,70,,11903,22,,,1,30,,11907,22,,,1,70,,11908,22,,,1,30,,11904,22,,,1
7400,'CCFFF',501,,11909,22,,,1,100,,11910,22,,,1,31,,11938,22,,,1,70,,11911,22,,,1,30,,11939,22,,,1,70,,11912,22,,,1,30,,11913,22,,,1,70,,11914,22,,,1,30,,11915,22,,,1,70,,11916,22,,,1,30,,11917,22,,,1,70,,11918,22,,,1,32,,11919,22,,,1,70,,11920,22,,,1,30,,11921,22,,,1,70,,11922,22,,,1,30,,11923,22,,,1,70,,11924,22,,,1,31,,11925,22,,,1,70,,11926,22,,,1,30,,11927,22,,,1,70,,11928,22,,,1,31,,11929,22,,,1,70,,11930,22,,,1,30,,11931,22,,,1,69,,11932,22,,,1,29,,11933,22,,,1,70,,11934,22,,,1,28,,11935,22,,,1,70,,11936,22,,,1,30,,11940,22,,,1,70,,11941,22,,,1,30,,11937,22,,,1
7400,'CCFSAT',736,,11942,22,,,1,101,,11943,22,,,1,101,,11944,22,,,1,100,,11945,22,,,1,101,,11946,22,,,1,102,,11947,22,,,1,100,,11948,22,,,1,100,,11949,22,,,1,100,,11950,22,,,1,100,,11951,22,,,1,99,,11952,22,,,1,100,,11953,22,,,1,98,,11954,22,,,1,100,,11955,22,,,1
7400,'CCFSUN',736,,11956,22,,,1,101,,11957,22,,,1,101,,11958,22,,,1,100,,11959,22,,,1,101,,11960,22,,,1,102,,11961,22,,,1,100,,11962,22,,,1,100,,11963,22,,,1,100,,11964,22,,,1,100,,11965,22,,,1,99,,11966,22,,,1,100,,11967,22,,,1,98,,11968,22,,,1,100,,11969,22,,,1
