700,'WKDY',546,,4506,5,,,1,107,,4507,5,,,1,68,,4508,5,,,1,30,,4509,5,,,1,70,,4510,5,,,1,30,,4511,5,,,1,69,,4512,5,,,1,30,,4513,5,,,1,70,,4514,5,,,1,30,,4515,5,,,1,70,,4516,5,,,1,31,,4517,5,,,1,70,,4518,5,,,1,30,,4519,5,,,1,70,,4520,5,,,1,30,,4521,5,,,1,71,,4522,5,,,1,30,,4523,5,,,1,70,,4524,5,,,1,30,,4525,5,,,1,70,,4526,5,,,1,30,,4527,5,,,1,70,,4528,5,,,1,29,,4529,5,,,1,70,,4530,5,,,1,30,,4531,5,,,1,69,,4532,5,,,1,100,,4533,5,,,1,100,,4534,5,,,1
700,'SAT',650,,4546,5,,,1,100,,4547,5,,,1,100,,4535,5,,,1,100,,4536,5,,,1,100,,4537,5,,,1,100,,4538,5,,,1,101,,4539,5,,,1,100,,4540,5,,,1,100,,4541,5,,,1,100,,4542,5,,,1,100,,4543,5,,,1,100,,4544,5,,,1,99,,4545,5,,,1,100,,4548,5,,,1,100,,4549,5,,,1
700,'SUN',650,,4561,5,,,1,100,,4562,5,,,1,100,,4550,5,,,1,100,,4551,5,,,1,100,,4552,5,,,1,100,,4553,5,,,1,101,,4554,5,,,1,100,,4555,5,,,1,100,,4556,5,,,1,100,,4557,5,,,1,100,,4558,5,,,1,100,,4559,5,,,1,99,,4560,5,,,1,100,,4563,5,,,1,100,,4564,5,,,1
700,'CCFWK',546,,4565,5,,,1,107,,4566,5,,,1,68,,4567,5,,,1,30,,4568,5,,,1,70,,4569,5,,,1,30,,4570,5,,,1,69,,4571,5,,,1,30,,4572,5,,,1,70,,4573,5,,,1,30,,4574,5,,,1,70,,4575,5,,,1,31,,4576,5,,,1,70,,4577,5,,,1,30,,4578,5,,,1,70,,4579,5,,,1,30,,4580,5,,,1,71,,4581,5,,,1,30,,4582,5,,,1,70,,4583,5,,,1,30,,4584,5,,,1,70,,4585,5,,,1,30,,4586,5,,,1,70,,4587,5,,,1,29,,4588,5,,,1,70,,4589,5,,,1,30,,4590,5,,,1,69,,4591,5,,,1,100,,4592,5,,,1,100,,4593,5,,,1
700,'CCFFF',546,,4594,5,,,1,107,,4595,5,,,1,68,,4596,5,,,1,30,,4597,5,,,1,70,,4598,5,,,1,30,,4599,5,,,1,69,,4600,5,,,1,30,,4601,5,,,1,70,,4602,5,,,1,30,,4603,5,,,1,70,,4604,5,,,1,31,,4605,5,,,1,70,,4606,5,,,1,30,,4607,5,,,1,70,,4608,5,,,1,30,,4609,5,,,1,71,,4610,5,,,1,30,,4611,5,,,1,70,,4612,5,,,1,30,,4613,5,,,1,70,,4614,5,,,1,30,,4615,5,,,1,70,,4616,5,,,1,29,,4617,5,,,1,70,,4618,5,,,1,30,,4619,5,,,1,69,,4620,5,,,1,100,,4621,5,,,1,100,,4622,5,,,1
700,'CCFSAT',650,,4634,5,,,1,100,,4635,5,,,1,100,,4623,5,,,1,100,,4624,5,,,1,100,,4625,5,,,1,100,,4626,5,,,1,101,,4627,5,,,1,100,,4628,5,,,1,100,,4629,5,,,1,100,,4630,5,,,1,100,,4631,5,,,1,100,,4632,5,,,1,99,,4633,5,,,1,100,,4636,5,,,1,100,,4637,5,,,1
700,'CCFSUN',650,,4649,5,,,1,100,,4650,5,,,1,100,,4638,5,,,1,100,,4639,5,,,1,100,,4640,5,,,1,100,,4641,5,,,1,101,,4642,5,,,1,100,,4643,5,,,1,100,,4644,5,,,1,100,,4645,5,,,1,100,,4646,5,,,1,100,,4647,5,,,1,99,,4648,5,,,1,100,,4651,5,,,1,100,,4652,5,,,1
7401,'WKDY',448,,11815,5,,,1,100,,11816,5,,,1,70,,11844,5,,,1,30,,11817,5,,,1,70,,11845,5,,,1,30,,11818,5,,,1,70,,11819,5,,,1,30,,11820,5,,,1,70,,11821,5,,,1,30,,11822,5,,,1,70,,11823,5,,,1,30,,11824,5,,,1,71,,11825,5,,,1,30,,11826,5,,,1,70,,11827,5,,,1,30,,11828,5,,,1,70,,11829,5,,,1,30,,11830,5,,,1,70,,11831,5,,,1,30,,11832,5,,,1,70,,11833,5,,,1,30,,11834,5,,,1,71,,11835,5,,,1,30,,11836,5,,,1,70,,11837,5,,,1,30,,11838,5,,,1,69,,11839,5,,,1,30,,11840,5,,,1,69,,11841,5,,,1,30,,11842,5,,,1,70,,11846,5,,,1,30,,11847,5,,,1,70,,11843,5,,,1
7401,'SAT',724,,11848,5,,,1,100,,11849,5,,,1,100,,11850,5,,,1,100,,11851,5,,,1,101,,11852,5,,,1,100,,11853,5,,,1,100,,11854,5,,,1,100,,11855,5,,,1,100,,11856,5,,,1,100,,11857,5,,,1,100,,11858,5,,,1,100,,11859,5,,,1,99,,11860,5,,,1,100,,11861,5,,,1
7401,'SUN',724,,11862,5,,,1,100,,11863,5,,,1,100,,11864,5,,,1,100,,11865,5,,,1,101,,11866,5,,,1,100,,11867,5,,,1,100,,11868,5,,,1,100,,11869,5,,,1,100,,11870,5,,,1,100,,11871,5,,,1,100,,11872,5,,,1,100,,11873,5,,,1,99,,11874,5,,,1,100,,11875,5,,,1
7401,'CCFWK',448,,11876,5,,,1,100,,11877,5,,,1,70,,11905,5,,,1,30,,11878,5,,,1,70,,11906,5,,,1,30,,11879,5,,,1,70,,11880,5,,,1,30,,11881,5,,,1,70,,11882,5,,,1,30,,11883,5,,,1,70,,11884,5,,,1,30,,11885,5,,,1,71,,11886,5,,,1,30,,11887,5,,,1,70,,11888,5,,,1,30,,11889,5,,,1,70,,11890,5,,,1,30,,11891,5,,,1,70,,11892,5,,,1,30,,11893,5,,,1,70,,11894,5,,,1,30,,11895,5,,,1,71,,11896,5,,,1,30,,11897,5,,,1,70,,11898,5,,,1,30,,11899,5,,,1,69,,11900,5,,,1,30,,11901,5,,,1,69,,11902,5,,,1,30,,11903,5,,,1,70,,11907,5,,,1,30,,11908,5,,,1,70,,11904,5,,,1
7401,'CCFFF',448,,11909,5,,,1,100,,11910,5,,,1,70,,11938,5,,,1,30,,11911,5,,,1,70,,11939,5,,,1,30,,11912,5,,,1,70,,11913,5,,,1,30,,11914,5,,,1,70,,11915,5,,,1,30,,11916,5,,,1,70,,11917,5,,,1,30,,11918,5,,,1,71,,11919,5,,,1,30,,11920,5,,,1,70,,11921,5,,,1,30,,11922,5,,,1,70,,11923,5,,,1,30,,11924,5,,,1,70,,11925,5,,,1,30,,11926,5,,,1,70,,11927,5,,,1,30,,11928,5,,,1,71,,11929,5,,,1,30,,11930,5,,,1,70,,11931,5,,,1,30,,11932,5,,,1,69,,11933,5,,,1,30,,11934,5,,,1,69,,11935,5,,,1,30,,11936,5,,,1,70,,11940,5,,,1,30,,11941,5,,,1,70,,11937,5,,,1
7401,'CCFSAT',724,,11942,5,,,1,100,,11943,5,,,1,100,,11944,5,,,1,100,,11945,5,,,1,101,,11946,5,,,1,100,,11947,5,,,1,100,,11948,5,,,1,100,,11949,5,,,1,100,,11950,5,,,1,100,,11951,5,,,1,100,,11952,5,,,1,100,,11953,5,,,1,99,,11954,5,,,1,100,,11955,5,,,1
7401,'CCFSUN',724,,11956,5,,,1,100,,11957,5,,,1,100,,11958,5,,,1,100,,11959,5,,,1,101,,11960,5,,,1,100,,11961,5,,,1,100,,11962,5,,,1,100,,11963,5,,,1,100,,11964,5,,,1,100,,11965,5,,,1,100,,11966,5,,,1,100,,11967,5,,,1,99,,11968,5,,,1,100,,11969,5,,,1
