4100,'WKDY',716,,7188,15,,,1,30,,7192,15,,,1,1096,,7191,15,4,,1
4100,'CCFWK',716,,7193,15,,,1,30,,7197,15,,,1,1096,,7196,15,4,,1
4100,'CCFFF',716,,7198,15,,,1,30,,7202,15,,,1,1096,,7201,15,4,,1
4101,'WKDY',747,,7179,2,,,1,986,,7180,4,,,1,68,,7181,4,,,1
4101,'CCFWK',747,,7182,2,,,1,986,,7183,4,,,1,68,,7184,4,,,1
4101,'CCFFF',747,,7185,2,,,1,986,,7186,4,,,1,68,,7187,4,,,1
98701,'CCFWK',1225,,13724,2,,,1,115,,13725,2,,,1,115,,13726,2,,,1,155,,13727,2,,,1,115,,13728,2,,,1,115,,13729,2,,,1,115,,13730,2,,,1,155,,13731,2,,,1,115,,13732,2,,,1,113,,13733,2,4,,1
98701,'CCFFF',930,,13748,1,,,1,10,,13734,2,,,1,15,,13735,2,,,1,100,,13736,2,,,1,55,,13737,2,,,1,100,,13738,2,,,1,15,,13739,2,,,1,3,,13750,2,4,,1,112,,13740,2,,,1,115,,13741,2,,,1,155,,13742,2,,,1,115,,13743,2,,,1,115,,13744,2,,,1,115,,13745,2,,,1,155,,13746,2,,,1,115,,13747,2,,,1,114,,13749,2,4,,1
98701,'CCFSAT',1225,,13751,2,,,1,115,,13752,2,,,1,115,,13753,2,,,1,155,,13754,2,,,1,115,,13755,2,,,1,115,,13756,2,,,1,115,,13757,2,,,1,155,,13758,2,,,1,115,,13759,2,,,1,113,,13760,2,4,,1
98701,'CCFSUN',1225,,13761,2,,,1,115,,13762,2,,,1,115,,13763,2,,,1,155,,13764,2,,,1,115,,13765,2,,,1,115,,13766,2,,,1,115,,13767,2,,,1,155,,13768,2,,,1,115,,13769,2,,,1,113,,13770,2,4,,1
