700,'WKDY',543,,301,1,,,1,105,,302,1,,,1,68,,303,1,,,1,30,,304,1,,,1,70,,305,1,,,1,30,,306,1,,,1,70,,307,1,,,1,30,,308,1,,,1,70,,309,1,,,1,30,,310,1,,,1,70,,311,1,,,1,30,,312,1,,,1,70,,313,1,,,1,30,,314,1,,,1,70,,315,1,,,1,30,,316,1,,,1,70,,317,1,,,1,30,,318,1,,,1,70,,319,1,,,1,30,,320,1,,,1,70,,321,1,,,1,30,,322,1,,,1,70,,323,1,,,1,30,,324,1,,,1,70,,325,1,,,1,30,,326,1,,,1,70,,327,1,,,1,100,,328,1,,,1,100,,329,1,,,1
700,'SAT',646,,341,1,,,1,100,,342,1,,,1,100,,330,1,,,1,100,,331,1,,,1,100,,332,1,,,1,100,,333,1,,,1,100,,334,1,,,1,100,,335,1,,,1,100,,336,1,,,1,100,,337,1,,,1,100,,338,1,,,1,100,,339,1,,,1,100,,340,1,,,1,100,,343,1,,,1,100,,344,1,,,1
700,'SUN',646,,356,1,,,1,100,,357,1,,,1,100,,345,1,,,1,100,,346,1,,,1,100,,347,1,,,1,100,,348,1,,,1,100,,349,1,,,1,100,,350,1,,,1,100,,351,1,,,1,100,,352,1,,,1,100,,353,1,,,1,100,,354,1,,,1,100,,355,1,,,1,100,,358,1,,,1,100,,359,1,,,1
701,'WKDY',646,,241,28,4,,1,62,,270,28,4,,1,95,,242,28,4,,1,31,,243,28,4,,1,67,,244,28,4,,1,29,,245,28,4,,1,71,,246,28,4,,1,28,,247,28,4,,1,30,,248,28,4,,1,70,,249,28,4,,1,30,,250,28,4,,1,70,,251,28,4,,1,72,,252,28,4,,1,31,,253,28,4,,1,74,,254,28,4,,1,31,,255,28,4,,1,70,,256,28,4,,1,31,,257,28,4,,1,71,,258,28,4,,1,30,,259,28,4,,1,70,,260,28,4,,1,26,,261,28,4,,1,70,,262,28,4,,1,29,,263,28,4,,1,67,,264,28,4,,1,28,,265,28,4,,1,29,,266,28,4,,1,67,,267,28,4,,1,100,,268,28,4,,1,100,,269,28,4,,1
701,'SAT',1953,,281,28,4,,1,100,,284,28,4,,1,100,,285,28,4,,1
701,'SUN',1953,,296,28,4,,1,100,,299,28,4,,1,100,,300,28,4,,1
4700,'WKDY',1342,,1332,5,4,,1,597,,1333,5,4,,1
4701,'WKDY',515,,1328,1,,,1,635,,1329,1,,,1,605,,1330,1,,,1
8000,'SAT',730,,3604,36,4,,1,101,,3591,36,4,,1,100,,3593,36,4,,1,100,,3594,36,4,,1,102,,3595,36,4,,1,100,,3596,36,4,,1,101,,3597,36,4,,1,100,,3598,36,4,,1,100,,3599,36,4,,1,100,,3600,36,4,,1,100,,3601,36,4,,1,99,,3602,36,4,,1,100,,3603,36,4,,1,270,,3617,36,4,,1
8000,'SUN',730,,3632,36,4,,1,101,,3619,36,4,,1,100,,3621,36,4,,1,100,,3622,36,4,,1,102,,3623,36,4,,1,100,,3624,36,4,,1,101,,3625,36,4,,1,100,,3626,36,4,,1,100,,3627,36,4,,1,100,,3628,36,4,,1,100,,3629,36,4,,1,99,,3630,36,4,,1,100,,3631,36,4,,1,100,,3646,36,4,,1
