4101,'WKDY',654,,7188,8,0,18 13,1,70,,7192,8,0,18 13,1,81,,7189,8,0,10 11 12,1,948,,7190,8,0,10 11 12,1,68,,7191,8,0,10 11 12,1
4101,'CCFWK',654,,7193,8,0,18 13,1,70,,7197,8,0,18 13,1,81,,7194,8,0,10 11 12,1,948,,7195,8,0,10 11 12,1,68,,7196,8,0,10 11 12,1
4101,'CCFFF',654,,7198,8,0,18 13,1,70,,7202,8,0,18 13,1,81,,7199,8,0,10 11 12,1,948,,7200,8,0,10 11 12,1,68,,7201,8,0,10 11 12,1
9201,'WKDY',554,,12965,8,,,1,70,,12966,8,,,1,30,,12967,8,,,1,70,,12968,8,,,1,31,,12969,8,,,1,71,,12970,8,,,1,30,,12971,8,,,1,70,,12972,8,,,1,30,,12973,8,,,1,70,,12974,8,,,1,30,,12975,8,,,1,70,,12976,8,,,1,30,,12977,8,,,1,70,,12978,8,,,1,31,,12979,8,,,1,71,,12980,8,,,1,30,,12981,8,,,1,70,,12982,8,,,1,30,,12983,8,,,1,71,,12984,8,,,1,30,,12985,8,,,1,70,,12986,8,,,1,29,,12987,8,,,1,69,,12988,8,,,1,30,,12989,8,,,1,70,,12990,8,,,1,30,,12991,8,,,1,70,,12992,8,,,1,27,,12993,8,,,1,100,,12994,8,,,1,100,,12995,8,,,1
9201,'SAT',740,,12996,8,,,1,100,,12997,8,,,1,100,,12998,8,,,1,101,,12999,8,,,1,101,,13000,8,,,1,100,,13001,8,,,1,100,,13002,8,,,1,99,,13003,8,,,1,100,,13004,8,,,1,100,,13005,8,,,1,100,,13006,8,,,1,98,,13007,8,,,1,100,,13008,8,,,1,100,,13009,8,,,1,100,,13010,8,,,1
9201,'SUN',740,,13011,8,,,1,100,,13012,8,,,1,100,,13013,8,,,1,101,,13014,8,,,1,101,,13015,8,,,1,100,,13016,8,,,1,100,,13017,8,,,1,99,,13018,8,,,1,100,,13019,8,,,1,100,,13020,8,,,1,100,,13021,8,,,1,98,,13022,8,,,1,100,,13023,8,,,1,100,,13024,8,,,1,100,,13025,8,,,1
9201,'CCFWK',554,,13026,8,,,1,70,,13027,8,,,1,30,,13028,8,,,1,70,,13029,8,,,1,31,,13030,8,,,1,71,,13031,8,,,1,30,,13032,8,,,1,70,,13033,8,,,1,30,,13034,8,,,1,70,,13035,8,,,1,30,,13036,8,,,1,70,,13037,8,,,1,30,,13038,8,,,1,70,,13039,8,,,1,31,,13040,8,,,1,71,,13041,8,,,1,30,,13042,8,,,1,70,,13043,8,,,1,30,,13044,8,,,1,71,,13045,8,,,1,30,,13046,8,,,1,70,,13047,8,,,1,29,,13048,8,,,1,69,,13049,8,,,1,30,,13050,8,,,1,70,,13051,8,,,1,30,,13052,8,,,1,70,,13053,8,,,1,27,,13054,8,,,1,100,,13055,8,,,1,100,,13056,8,,,1
9201,'CCFFF',554,,13057,8,,,1,70,,13058,8,,,1,30,,13059,8,,,1,70,,13060,8,,,1,31,,13061,8,,,1,71,,13062,8,,,1,30,,13063,8,,,1,70,,13064,8,,,1,30,,13065,8,,,1,70,,13066,8,,,1,30,,13067,8,,,1,70,,13068,8,,,1,30,,13069,8,,,1,70,,13070,8,,,1,31,,13071,8,,,1,71,,13072,8,,,1,30,,13073,8,,,1,70,,13074,8,,,1,30,,13075,8,,,1,71,,13076,8,,,1,30,,13077,8,,,1,70,,13078,8,,,1,29,,13079,8,,,1,69,,13080,8,,,1,30,,13081,8,,,1,70,,13082,8,,,1,30,,13083,8,,,1,70,,13084,8,,,1,27,,13085,8,,,1,100,,13086,8,,,1,100,,13087,8,,,1
9201,'CCFSAT',740,,13088,8,,,1,100,,13089,8,,,1,100,,13090,8,,,1,101,,13091,8,,,1,101,,13092,8,,,1,100,,13093,8,,,1,100,,13094,8,,,1,99,,13095,8,,,1,100,,13096,8,,,1,100,,13097,8,,,1,100,,13098,8,,,1,98,,13099,8,,,1,100,,13100,8,,,1,100,,13101,8,,,1,100,,13102,8,,,1
9201,'CCFSUN',740,,13103,8,,,1,100,,13104,8,,,1,100,,13105,8,,,1,101,,13106,8,,,1,101,,13107,8,,,1,100,,13108,8,,,1,100,,13109,8,,,1,99,,13110,8,,,1,100,,13111,8,,,1,100,,13112,8,,,1,100,,13113,8,,,1,98,,13114,8,,,1,100,,13115,8,,,1,100,,13116,8,,,1,100,,13117,8,,,1
