1200,'WKDY',546,,4878,20,,,1,70,,4879,20,,,1,31,,4880,20,,,1,70,,4881,20,,,1,30,,4882,20,,,1,70,,4883,20,,,1,30,,4884,20,,,1,70,,4885,20,,,1,30,,4886,20,,,1,70,,4887,20,,,1,30,,4888,20,,,1,70,,4889,20,,,1,32,,4890,20,,,1,70,,4891,20,,,1,30,,4892,20,,,1,70,,4893,20,,,1,30,,4894,20,,,1,70,,4895,20,,,1,31,,4896,20,,,1,70,,4897,20,,,1,30,,4898,20,,,1,70,,4899,20,,,1,30,,4900,20,,,1,70,,4901,20,,,1,30,,4902,20,,,1,70,,4903,20,,,1,29,,4904,20,,,1,70,,4905,20,,,1,30,,4906,20,,,1,69,,4907,20,,,1,27,,4908,20,,,1,70,,4909,20,,,1
1200,'SAT',636,,4910,20,,,1,100,,4911,20,,,1,100,,4912,20,,,1,102,,4913,20,,,1,100,,4914,20,,,1,101,,4915,20,,,1,100,,4916,20,,,1,100,,4917,20,,,1,100,,4918,20,,,1,100,,4919,20,,,1,100,,4920,20,,,1,99,,4921,20,,,1,100,,4922,20,,,1,98,,4923,20,,,1,100,,4924,20,,,1,100,,4925,20,,,1
1200,'SUN',636,,4926,20,,,1,100,,4927,20,,,1,100,,4928,20,,,1,102,,4929,20,,,1,100,,4930,20,,,1,101,,4931,20,,,1,100,,4932,20,,,1,100,,4933,20,,,1,100,,4934,20,,,1,100,,4935,20,,,1,100,,4936,20,,,1,99,,4937,20,,,1,100,,4938,20,,,1,98,,4939,20,,,1,100,,4940,20,,,1,100,,4941,20,,,1
1200,'CCFWK',546,,4942,20,,,1,70,,4943,20,,,1,31,,4944,20,,,1,70,,4945,20,,,1,30,,4946,20,,,1,70,,4947,20,,,1,30,,4948,20,,,1,70,,4949,20,,,1,30,,4950,20,,,1,70,,4951,20,,,1,30,,4952,20,,,1,70,,4953,20,,,1,32,,4954,20,,,1,70,,4955,20,,,1,30,,4956,20,,,1,70,,4957,20,,,1,30,,4958,20,,,1,70,,4959,20,,,1,31,,4960,20,,,1,70,,4961,20,,,1,30,,4962,20,,,1,70,,4963,20,,,1,30,,4964,20,,,1,70,,4965,20,,,1,30,,4966,20,,,1,70,,4967,20,,,1,29,,4968,20,,,1,70,,4969,20,,,1,30,,4970,20,,,1,69,,4971,20,,,1,27,,4972,20,,,1,70,,4973,20,,,1
1200,'CCFFF',546,,4974,20,,,1,70,,4975,20,,,1,31,,4976,20,,,1,70,,4977,20,,,1,30,,4978,20,,,1,70,,4979,20,,,1,30,,4980,20,,,1,70,,4981,20,,,1,30,,4982,20,,,1,70,,4983,20,,,1,30,,4984,20,,,1,70,,4985,20,,,1,32,,4986,20,,,1,70,,4987,20,,,1,30,,4988,20,,,1,70,,4989,20,,,1,30,,4990,20,,,1,70,,4991,20,,,1,31,,4992,20,,,1,70,,4993,20,,,1,30,,4994,20,,,1,70,,4995,20,,,1,30,,4996,20,,,1,70,,4997,20,,,1,30,,4998,20,,,1,70,,4999,20,,,1,29,,5000,20,,,1,70,,5001,20,,,1,30,,5002,20,,,1,69,,5003,20,,,1,27,,5004,20,,,1,70,,5005,20,,,1
1200,'CCFSAT',636,,5006,20,,,1,100,,5007,20,,,1,100,,5008,20,,,1,102,,5009,20,,,1,100,,5010,20,,,1,101,,5011,20,,,1,100,,5012,20,,,1,100,,5013,20,,,1,100,,5014,20,,,1,100,,5015,20,,,1,100,,5016,20,,,1,99,,5017,20,,,1,100,,5018,20,,,1,98,,5019,20,,,1,100,,5020,20,,,1,100,,5021,20,,,1
1200,'CCFSUN',636,,5022,20,,,1,100,,5023,20,,,1,100,,5024,20,,,1,102,,5025,20,,,1,100,,5026,20,,,1,101,,5027,20,,,1,100,,5028,20,,,1,100,,5029,20,,,1,100,,5030,20,,,1,100,,5031,20,,,1,100,,5032,20,,,1,99,,5033,20,,,1,100,,5034,20,,,1,98,,5035,20,,,1,100,,5036,20,,,1,100,,5037,20,,,1
8000,'WKDY',542,,12399,27,,,1,71,,12430,27,,,1,30,,12400,27,,,1,71,,12401,27,,,1,32,,12402,27,,,1,70,,12403,27,,,1,30,,12404,27,,,1,70,,12405,27,,,1,30,,12406,27,,,1,70,,12407,27,,,1,30,,12408,27,,,1,70,,12409,27,,,1,30,,12410,27,,,1,70,,12411,27,,,1,30,,12412,27,,,1,70,,12413,27,,,1,31,,12414,27,,,1,70,,12415,27,,,1,30,,12416,27,,,1,72,,12417,27,,,1,30,,12418,27,,,1,70,,12419,27,,,1,30,,12420,27,,,1,64,,12421,27,,,1,30,,12422,27,,,1,70,,12423,27,,,1,30,,12424,27,,,1,70,,12425,27,,,1,30,,12426,27,,,1,70,,12427,27,,,1,29,,12428,27,,,1,70,,12429,27,,,1
8000,'SAT',643,,12443,27,,,1,100,,12431,27,,,1,70,,12432,27,,,1,30,,12433,27,,,1,70,,12444,27,,,1,30,,12434,27,,,1,70,,12445,27,,,1,31,,12435,27,,,1,70,,12446,27,,,1,30,,12436,27,,,1,71,,12447,27,,,1,30,,12437,27,,,1,70,,12448,27,,,1,30,,12438,27,,,1,70,,12449,27,,,1,30,,12439,27,,,1,70,,12450,27,,,1,30,,12440,27,,,1,70,,12451,27,,,1,30,,12441,27,,,1,70,,12452,27,,,1,30,,12442,27,,,1,70,,12453,27,,,1,29,,12454,27,,,1,69,,12455,27,,,1,30,,12456,27,,,1,70,,12457,27,,,1,100,,12458,27,,,1
8000,'SUN',643,,12472,27,,,1,100,,12459,27,,,1,70,,12460,27,,,1,30,,12461,27,,,1,70,,12473,27,,,1,30,,12462,27,,,1,70,,12474,27,,,1,31,,12463,27,,,1,70,,12475,27,,,1,30,,12464,27,,,1,71,,12476,27,,,1,30,,12465,27,,,1,70,,12477,27,,,1,30,,12466,27,,,1,70,,12478,27,,,1,30,,12467,27,,,1,70,,12479,27,,,1,30,,12468,27,,,1,70,,12480,27,,,1,30,,12469,27,,,1,70,,12481,27,,,1,30,,12470,27,,,1,70,,12482,27,,,1,29,,12471,27,,,1,69,,12483,27,,,1,30,,12485,27,,,1,70,,12484,27,,,1,100,,12486,27,,,1
8000,'CCFWK',542,,12487,27,,,1,71,,12518,27,,,1,30,,12488,27,,,1,71,,12489,27,,,1,32,,12490,27,,,1,70,,12491,27,,,1,30,,12492,27,,,1,70,,12493,27,,,1,30,,12494,27,,,1,70,,12495,27,,,1,30,,12496,27,,,1,70,,12497,27,,,1,30,,12498,27,,,1,70,,12499,27,,,1,30,,12500,27,,,1,70,,12501,27,,,1,31,,12502,27,,,1,70,,12503,27,,,1,30,,12504,27,,,1,72,,12505,27,,,1,30,,12506,27,,,1,70,,12507,27,,,1,30,,12508,27,,,1,64,,12509,27,,,1,30,,12510,27,,,1,70,,12511,27,,,1,30,,12512,27,,,1,70,,12513,27,,,1,30,,12514,27,,,1,70,,12515,27,,,1,29,,12516,27,,,1,70,,12517,27,,,1
8000,'CCFFF',542,,12519,27,,,1,71,,12550,27,,,1,30,,12520,27,,,1,71,,12521,27,,,1,32,,12522,27,,,1,70,,12523,27,,,1,30,,12524,27,,,1,70,,12525,27,,,1,30,,12526,27,,,1,70,,12527,27,,,1,30,,12528,27,,,1,70,,12529,27,,,1,30,,12530,27,,,1,70,,12531,27,,,1,30,,12532,27,,,1,70,,12533,27,,,1,31,,12534,27,,,1,70,,12535,27,,,1,30,,12536,27,,,1,72,,12537,27,,,1,30,,12538,27,,,1,70,,12539,27,,,1,30,,12540,27,,,1,64,,12541,27,,,1,30,,12542,27,,,1,70,,12543,27,,,1,30,,12544,27,,,1,70,,12545,27,,,1,30,,12546,27,,,1,70,,12547,27,,,1,29,,12548,27,,,1,70,,12549,27,,,1
8000,'CCFSAT',643,,12563,27,,,1,100,,12551,27,,,1,70,,12552,27,,,1,30,,12553,27,,,1,70,,12564,27,,,1,30,,12554,27,,,1,70,,12565,27,,,1,31,,12555,27,,,1,70,,12566,27,,,1,30,,12556,27,,,1,71,,12567,27,,,1,30,,12557,27,,,1,70,,12568,27,,,1,30,,12558,27,,,1,70,,12569,27,,,1,30,,12559,27,,,1,70,,12570,27,,,1,30,,12560,27,,,1,70,,12571,27,,,1,30,,12561,27,,,1,70,,12572,27,,,1,30,,12562,27,,,1,70,,12573,27,,,1,29,,12574,27,,,1,69,,12575,27,,,1,30,,12576,27,,,1,70,,12577,27,,,1,100,,12578,27,,,1
8000,'CCFSUN',643,,12592,27,,,1,100,,12579,27,,,1,70,,12580,27,,,1,30,,12581,27,,,1,70,,12593,27,,,1,30,,12582,27,,,1,70,,12594,27,,,1,31,,12583,27,,,1,70,,12595,27,,,1,30,,12584,27,,,1,71,,12596,27,,,1,30,,12585,27,,,1,70,,12597,27,,,1,30,,12586,27,,,1,70,,12598,27,,,1,30,,12587,27,,,1,70,,12599,27,,,1,30,,12588,27,,,1,70,,12600,27,,,1,30,,12589,27,,,1,70,,12601,27,,,1,30,,12590,27,,,1,70,,12602,27,,,1,29,,12591,27,,,1,69,,12603,27,,,1,30,,12605,27,,,1,70,,12604,27,,,1,100,,12606,27,,,1
