4101,'WKDY',651,,7188,4,0,18 13,1,70,,7192,4,0,18 13,1,81,,7189,4,0,10 11 12,1,948,,7190,4,0,10 11 12,1,68,,7191,4,0,10 11 12,1
4101,'CCFWK',651,,7193,4,0,18 13,1,70,,7197,4,0,18 13,1,81,,7194,4,0,10 11 12,1,948,,7195,4,0,10 11 12,1,68,,7196,4,0,10 11 12,1
4101,'CCFFF',651,,7198,4,0,18 13,1,70,,7202,4,0,18 13,1,81,,7199,4,0,10 11 12,1,948,,7200,4,0,10 11 12,1,68,,7201,4,0,10 11 12,1
9201,'WKDY',552,,12965,4,,,1,70,,12966,4,,,1,30,,12967,4,,,1,70,,12968,4,,,1,31,,12969,4,,,1,71,,12970,4,,,1,30,,12971,4,,,1,70,,12972,4,,,1,30,,12973,4,,,1,70,,12974,4,,,1,30,,12975,4,,,1,70,,12976,4,,,1,30,,12977,4,,,1,70,,12978,4,,,1,31,,12979,4,,,1,71,,12980,4,,,1,30,,12981,4,,,1,70,,12982,4,,,1,30,,12983,4,,,1,71,,12984,4,,,1,30,,12985,4,,,1,70,,12986,4,,,1,29,,12987,4,,,1,69,,12988,4,,,1,30,,12989,4,,,1,70,,12990,4,,,1,30,,12991,4,,,1,70,,12992,4,,,1,27,,12993,4,,,1,100,,12994,4,,,1,100,,12995,4,,,1
9201,'SAT',737,,12996,4,,,1,100,,12997,4,,,1,100,,12998,4,,,1,101,,12999,4,,,1,101,,13000,4,,,1,100,,13001,4,,,1,100,,13002,4,,,1,99,,13003,4,,,1,100,,13004,4,,,1,100,,13005,4,,,1,100,,13006,4,,,1,98,,13007,4,,,1,100,,13008,4,,,1,100,,13009,4,,,1,100,,13010,4,,,1
9201,'SUN',737,,13011,4,,,1,100,,13012,4,,,1,100,,13013,4,,,1,101,,13014,4,,,1,101,,13015,4,,,1,100,,13016,4,,,1,100,,13017,4,,,1,99,,13018,4,,,1,100,,13019,4,,,1,100,,13020,4,,,1,100,,13021,4,,,1,98,,13022,4,,,1,100,,13023,4,,,1,100,,13024,4,,,1,100,,13025,4,,,1
9201,'CCFWK',552,,13026,4,,,1,70,,13027,4,,,1,30,,13028,4,,,1,70,,13029,4,,,1,31,,13030,4,,,1,71,,13031,4,,,1,30,,13032,4,,,1,70,,13033,4,,,1,30,,13034,4,,,1,70,,13035,4,,,1,30,,13036,4,,,1,70,,13037,4,,,1,30,,13038,4,,,1,70,,13039,4,,,1,31,,13040,4,,,1,71,,13041,4,,,1,30,,13042,4,,,1,70,,13043,4,,,1,30,,13044,4,,,1,71,,13045,4,,,1,30,,13046,4,,,1,70,,13047,4,,,1,29,,13048,4,,,1,69,,13049,4,,,1,30,,13050,4,,,1,70,,13051,4,,,1,30,,13052,4,,,1,70,,13053,4,,,1,27,,13054,4,,,1,100,,13055,4,,,1,100,,13056,4,,,1
9201,'CCFFF',552,,13057,4,,,1,70,,13058,4,,,1,30,,13059,4,,,1,70,,13060,4,,,1,31,,13061,4,,,1,71,,13062,4,,,1,30,,13063,4,,,1,70,,13064,4,,,1,30,,13065,4,,,1,70,,13066,4,,,1,30,,13067,4,,,1,70,,13068,4,,,1,30,,13069,4,,,1,70,,13070,4,,,1,31,,13071,4,,,1,71,,13072,4,,,1,30,,13073,4,,,1,70,,13074,4,,,1,30,,13075,4,,,1,71,,13076,4,,,1,30,,13077,4,,,1,70,,13078,4,,,1,29,,13079,4,,,1,69,,13080,4,,,1,30,,13081,4,,,1,70,,13082,4,,,1,30,,13083,4,,,1,70,,13084,4,,,1,27,,13085,4,,,1,100,,13086,4,,,1,100,,13087,4,,,1
9201,'CCFSAT',737,,13088,4,,,1,100,,13089,4,,,1,100,,13090,4,,,1,101,,13091,4,,,1,101,,13092,4,,,1,100,,13093,4,,,1,100,,13094,4,,,1,99,,13095,4,,,1,100,,13096,4,,,1,100,,13097,4,,,1,100,,13098,4,,,1,98,,13099,4,,,1,100,,13100,4,,,1,100,,13101,4,,,1,100,,13102,4,,,1
9201,'CCFSUN',737,,13103,4,,,1,100,,13104,4,,,1,100,,13105,4,,,1,101,,13106,4,,,1,101,,13107,4,,,1,100,,13108,4,,,1,100,,13109,4,,,1,99,,13110,4,,,1,100,,13111,4,,,1,100,,13112,4,,,1,100,,13113,4,,,1,98,,13114,4,,,1,100,,13115,4,,,1,100,,13116,4,,,1,100,,13117,4,,,1
