701,'WKDY',640,,4653,22,,,1,62,,4682,22,,,1,54,,4654,22,,,1,71,,4655,22,,,1,27,,4656,22,,,1,69,,4657,22,,,1,31,,4658,22,,,1,68,,4659,22,,,1,30,,4660,22,,,1,70,,4661,22,,,1,30,,4662,22,,,1,70,,4663,22,,,1,32,,4664,22,,,1,71,,4665,22,,,1,33,,4666,22,,,1,71,,4667,22,,,1,30,,4668,22,,,1,71,,4669,22,,,1,71,,4670,22,,,1,30,,4671,22,,,1,70,,4672,22,,,1,27,,4673,22,,,1,30,,4674,22,,,1,69,,4675,22,,,1,27,,4676,22,,,1,68,,4677,22,,,1,29,,4678,22,,,1,67,,4679,22,,,1,100,,4680,22,,,1,100,,4681,22,,,1
701,'SAT',744,,4694,22,,,1,100,,4695,22,,,1,102,,4683,22,,,1,104,,4684,22,,,1,103,,4685,22,,,1,100,,4686,22,,,1,101,,4687,22,,,1,100,,4688,22,,,1,99,,4689,22,,,1,99,,4690,22,,,1,99,,4691,22,,,1,99,,4692,22,,,1,97,,4693,22,,,1,100,,4696,22,,,1,100,,4697,22,,,1
701,'SUN',744,,4709,22,,,1,100,,4710,22,,,1,102,,4698,22,,,1,104,,4699,22,,,1,103,,4700,22,,,1,100,,4701,22,,,1,101,,4702,22,,,1,100,,4703,22,,,1,99,,4704,22,,,1,99,,4705,22,,,1,99,,4706,22,,,1,99,,4707,22,,,1,97,,4708,22,,,1,100,,4711,22,,,1,100,,4712,22,,,1
701,'CCFWK',640,,4713,22,,,1,62,,4742,22,,,1,54,,4714,22,,,1,71,,4715,22,,,1,27,,4716,22,,,1,69,,4717,22,,,1,31,,4718,22,,,1,68,,4719,22,,,1,30,,4720,22,,,1,70,,4721,22,,,1,30,,4722,22,,,1,70,,4723,22,,,1,32,,4724,22,,,1,71,,4725,22,,,1,33,,4726,22,,,1,71,,4727,22,,,1,30,,4728,22,,,1,71,,4729,22,,,1,71,,4730,22,,,1,30,,4731,22,,,1,70,,4732,22,,,1,27,,4733,22,,,1,30,,4734,22,,,1,69,,4735,22,,,1,27,,4736,22,,,1,68,,4737,22,,,1,29,,4738,22,,,1,67,,4739,22,,,1,100,,4740,22,,,1,100,,4741,22,,,1
701,'CCFFF',640,,4743,22,,,1,62,,4772,22,,,1,54,,4744,22,,,1,71,,4745,22,,,1,27,,4746,22,,,1,69,,4747,22,,,1,31,,4748,22,,,1,68,,4749,22,,,1,30,,4750,22,,,1,70,,4751,22,,,1,30,,4752,22,,,1,70,,4753,22,,,1,32,,4754,22,,,1,71,,4755,22,,,1,33,,4756,22,,,1,71,,4757,22,,,1,30,,4758,22,,,1,71,,4759,22,,,1,71,,4760,22,,,1,30,,4761,22,,,1,70,,4762,22,,,1,27,,4763,22,,,1,30,,4764,22,,,1,69,,4765,22,,,1,27,,4766,22,,,1,68,,4767,22,,,1,29,,4768,22,,,1,67,,4769,22,,,1,100,,4770,22,,,1,100,,4771,22,,,1
701,'CCFSAT',744,,4784,22,,,1,100,,4785,22,,,1,102,,4773,22,,,1,104,,4774,22,,,1,103,,4775,22,,,1,100,,4776,22,,,1,101,,4777,22,,,1,100,,4778,22,,,1,99,,4779,22,,,1,99,,4780,22,,,1,99,,4781,22,,,1,99,,4782,22,,,1,97,,4783,22,,,1,100,,4786,22,,,1,100,,4787,22,,,1
701,'CCFSUN',744,,4799,22,,,1,100,,4800,22,,,1,102,,4788,22,,,1,104,,4789,22,,,1,103,,4790,22,,,1,100,,4791,22,,,1,101,,4792,22,,,1,100,,4793,22,,,1,99,,4794,22,,,1,99,,4795,22,,,1,99,,4796,22,,,1,99,,4797,22,,,1,97,,4798,22,,,1,100,,4801,22,,,1,100,,4802,22,,,1
7401,'WKDY',533,,11970,21,,,1,100,,11971,21,,,1,70,,11999,21,,,1,30,,11972,21,,,1,71,,12000,21,,,1,29,,11973,21,,,1,69,,11974,21,,,1,30,,11975,21,,,1,70,,11976,21,,,1,30,,11977,21,,,1,70,,11978,21,,,1,31,,11979,21,,,1,71,,11980,21,,,1,30,,11981,21,,,1,71,,11982,21,,,1,30,,11983,21,,,1,70,,11984,21,,,1,29,,11985,21,,,1,69,,11986,21,,,1,30,,11987,21,,,1,70,,11988,21,,,1,30,,11989,21,,,1,70,,11990,21,,,1,30,,11991,21,,,1,71,,11992,21,,,1,30,,11993,21,,,1,70,,11994,21,,,1,28,,11995,21,,,1,71,,11997,21,,,1,30,,12001,21,,,1,70,,11996,21,,,1,99,,11998,21,,,1
7401,'SAT',812,,12002,21,,,1,100,,12003,21,,,1,99,,12004,21,,,1,100,,12005,21,,,1,100,,12006,21,,,1,100,,12007,21,,,1,100,,12008,21,,,1,100,,12009,21,,,1,100,,12010,21,,,1,100,,12011,21,,,1,100,,12012,21,,,1,100,,12013,21,,,1,100,,12014,21,,,1,101,,12015,21,,,1
7401,'SUN',812,,12016,21,,,1,100,,12017,21,,,1,99,,12018,21,,,1,100,,12019,21,,,1,100,,12020,21,,,1,100,,12021,21,,,1,100,,12022,21,,,1,100,,12023,21,,,1,100,,12024,21,,,1,100,,12025,21,,,1,100,,12026,21,,,1,100,,12027,21,,,1,100,,12028,21,,,1,101,,12029,21,,,1
7401,'CCFWK',533,,12030,21,,,1,100,,12031,21,,,1,70,,12059,21,,,1,30,,12032,21,,,1,71,,12060,21,,,1,29,,12033,21,,,1,69,,12034,21,,,1,30,,12035,21,,,1,70,,12036,21,,,1,30,,12037,21,,,1,70,,12038,21,,,1,31,,12039,21,,,1,71,,12040,21,,,1,30,,12041,21,,,1,71,,12042,21,,,1,30,,12043,21,,,1,70,,12044,21,,,1,29,,12045,21,,,1,69,,12046,21,,,1,30,,12047,21,,,1,70,,12048,21,,,1,30,,12049,21,,,1,70,,12050,21,,,1,30,,12051,21,,,1,71,,12052,21,,,1,30,,12053,21,,,1,70,,12054,21,,,1,28,,12055,21,,,1,71,,12057,21,,,1,30,,12061,21,,,1,70,,12056,21,,,1,99,,12058,21,,,1
7401,'CCFFF',533,,12062,21,,,1,100,,12063,21,,,1,70,,12091,21,,,1,30,,12064,21,,,1,71,,12092,21,,,1,29,,12065,21,,,1,69,,12066,21,,,1,30,,12067,21,,,1,70,,12068,21,,,1,30,,12069,21,,,1,70,,12070,21,,,1,31,,12071,21,,,1,71,,12072,21,,,1,30,,12073,21,,,1,71,,12074,21,,,1,30,,12075,21,,,1,70,,12076,21,,,1,29,,12077,21,,,1,69,,12078,21,,,1,30,,12079,21,,,1,70,,12080,21,,,1,30,,12081,21,,,1,70,,12082,21,,,1,30,,12083,21,,,1,71,,12084,21,,,1,30,,12085,21,,,1,70,,12086,21,,,1,28,,12087,21,,,1,71,,12089,21,,,1,30,,12093,21,,,1,70,,12088,21,,,1,99,,12090,21,,,1
7401,'CCFSAT',812,,12094,21,,,1,100,,12095,21,,,1,99,,12096,21,,,1,100,,12097,21,,,1,100,,12098,21,,,1,100,,12099,21,,,1,100,,12100,21,,,1,100,,12101,21,,,1,100,,12102,21,,,1,100,,12103,21,,,1,100,,12104,21,,,1,100,,12105,21,,,1,100,,12106,21,,,1,101,,12107,21,,,1
7401,'CCFSUN',812,,12108,21,,,1,100,,12109,21,,,1,99,,12110,21,,,1,100,,12111,21,,,1,100,,12112,21,,,1,100,,12113,21,,,1,100,,12114,21,,,1,100,,12115,21,,,1,100,,12116,21,,,1,100,,12117,21,,,1,100,,12118,21,,,1,100,,12119,21,,,1,100,,12120,21,,,1,101,,12121,21,,,1
