6000,'WKDY',1156,,9283,5,,,1,55,,9284,5,,,1,10,,9285,5,,,1,15,,9286,5,,,1,15,,9287,5,,,1,56,,9288,5,,,1,15,,9289,5,,,1,15,,9290,5,,,1,16,,9291,5,,,1,56,,9292,5,,,1,15,,9293,5,,,1,15,,9294,5,,,1,16,,9295,5,,,1,55,,9296,5,,,1,14,,9297,5,,,1,15,,9298,5,,,1,16,,9299,5,,,1,55,,9300,5,,,1,15,,9301,5,,,1,15,,9302,5,,,1,15,,9303,5,,,1,55,,9304,5,,,1,15,,9305,5,,,1,15,,9306,5,,,1,14,,9307,5,,,1,57,,9308,5,,,1,15,,9309,5,,,1,12,,9310,5,,,1,14,,9311,5,,,1,54,,9312,5,,,1,14,,9313,5,,,1,15,,9314,5,,,1,15,,9315,5,,,1,55,,9316,5,,,1,15,,9317,5,,,1,15,,9318,5,,,1,15,,9319,5,,,1,55,,9320,5,,,1,15,,9321,5,,,1,14,,9322,5,,,1,15,,9323,5,,,1,65,,9324,5,,,1,30,,9325,5,,,1,70,,9326,5,,,1,30,,9327,5,,,1,68,,9328,5,,,1
6000,'SAT',1158,,9345,5,,,1,55,,9346,5,,,1,9,,9347,5,,,1,12,,9348,5,,,1,15,,9349,5,,,1,55,,9350,5,,,1,15,,9351,5,,,1,15,,9352,5,,,1,16,,9353,5,,,1,55,,9354,5,,,1,15,,9355,5,,,1,15,,9356,5,,,1,15,,9357,5,,,1,56,,9358,5,,,1,15,,9359,5,,,1,15,,9360,5,,,1,15,,9361,5,,,1,55,,9362,5,,,1,15,,9363,5,,,1,14,,9364,5,,,1,14,,9365,5,,,1,55,,9366,5,,,1,14,,9367,5,,,1,15,,9368,5,,,1,14,,9369,5,,,1,55,,9370,5,,,1,14,,9371,5,,,1,14,,9372,5,,,1,15,,9373,5,,,1,55,,9374,5,,,1,15,,9375,5,,,1,15,,9376,5,,,1,15,,9377,5,,,1,14,,9378,5,,,1,55,,9379,5,,,1,15,,9380,5,,,1,15,,9381,5,,,1,15,,9382,5,,,1,55,,9383,5,,,1,15,,9384,5,,,1,15,,9385,5,,,1,73,,9386,5,,,1,30,,9387,5,,,1,70,,9388,5,,,1,30,,9389,5,,,1
6000,'SUN',1158,,9406,5,,,1,55,,9407,5,,,1,9,,9408,5,,,1,12,,9409,5,,,1,15,,9410,5,,,1,55,,9411,5,,,1,15,,9412,5,,,1,15,,9413,5,,,1,16,,9414,5,,,1,55,,9415,5,,,1,15,,9416,5,,,1,15,,9417,5,,,1,15,,9418,5,,,1,56,,9419,5,,,1,15,,9420,5,,,1,15,,9421,5,,,1,15,,9422,5,,,1,55,,9423,5,,,1,15,,9424,5,,,1,14,,9425,5,,,1,14,,9426,5,,,1,55,,9427,5,,,1,14,,9428,5,,,1,15,,9429,5,,,1,14,,9430,5,,,1,55,,9431,5,,,1,14,,9432,5,,,1,14,,9433,5,,,1,15,,9434,5,,,1,55,,9435,5,,,1,15,,9436,5,,,1,15,,9437,5,,,1,15,,9438,5,,,1,14,,9439,5,,,1,55,,9440,5,,,1,15,,9441,5,,,1,15,,9442,5,,,1,15,,9443,5,,,1,55,,9444,5,,,1,15,,9445,5,,,1,15,,9446,5,,,1,73,,9447,5,,,1,30,,9448,5,,,1,70,,9449,5,,,1,30,,9450,5,,,1
6000,'CCFWK',1156,,9477,5,,,1,55,,9478,5,,,1,10,,9479,5,,,1,15,,9480,5,,,1,15,,9481,5,,,1,56,,9482,5,,,1,15,,9483,5,,,1,15,,9484,5,,,1,16,,9485,5,,,1,56,,9486,5,,,1,15,,9487,5,,,1,15,,9488,5,,,1,16,,9489,5,,,1,55,,9490,5,,,1,14,,9491,5,,,1,15,,9492,5,,,1,16,,9493,5,,,1,55,,9494,5,,,1,15,,9495,5,,,1,15,,9496,5,,,1,15,,9497,5,,,1,55,,9498,5,,,1,15,,9499,5,,,1,15,,9500,5,,,1,14,,9501,5,,,1,57,,9502,5,,,1,15,,9503,5,,,1,12,,9504,5,,,1,14,,9505,5,,,1,54,,9506,5,,,1,14,,9507,5,,,1,15,,9508,5,,,1,15,,9509,5,,,1,55,,9510,5,,,1,15,,9511,5,,,1,15,,9512,5,,,1,15,,9513,5,,,1,55,,9514,5,,,1,15,,9515,5,,,1,14,,9516,5,,,1,15,,9517,5,,,1,65,,9518,5,,,1,30,,9519,5,,,1,70,,9520,5,,,1,30,,9521,5,,,1,68,,9522,5,,,1
6000,'CCFFF',1156,,9549,5,,,1,55,,9550,5,,,1,10,,9551,5,,,1,15,,9552,5,,,1,15,,9553,5,,,1,56,,9554,5,,,1,15,,9555,5,,,1,15,,9556,5,,,1,16,,9557,5,,,1,56,,9558,5,,,1,15,,9559,5,,,1,15,,9560,5,,,1,16,,9561,5,,,1,55,,9562,5,,,1,14,,9563,5,,,1,15,,9564,5,,,1,16,,9565,5,,,1,55,,9566,5,,,1,15,,9567,5,,,1,15,,9568,5,,,1,15,,9569,5,,,1,55,,9570,5,,,1,15,,9571,5,,,1,15,,9572,5,,,1,14,,9573,5,,,1,57,,9574,5,,,1,15,,9575,5,,,1,12,,9576,5,,,1,14,,9577,5,,,1,54,,9578,5,,,1,14,,9579,5,,,1,15,,9580,5,,,1,15,,9581,5,,,1,55,,9582,5,,,1,15,,9583,5,,,1,15,,9584,5,,,1,15,,9585,5,,,1,55,,9586,5,,,1,15,,9587,5,,,1,14,,9588,5,,,1,15,,9589,5,,,1,65,,9590,5,,,1,30,,9591,5,,,1,70,,9592,5,,,1,30,,9593,5,,,1,68,,9594,5,,,1
6000,'CCFSAT',1158,,9611,5,,,1,55,,9612,5,,,1,9,,9613,5,,,1,12,,9614,5,,,1,15,,9615,5,,,1,55,,9616,5,,,1,15,,9617,5,,,1,15,,9618,5,,,1,16,,9619,5,,,1,55,,9620,5,,,1,15,,9621,5,,,1,15,,9622,5,,,1,15,,9623,5,,,1,56,,9624,5,,,1,15,,9625,5,,,1,15,,9626,5,,,1,15,,9627,5,,,1,55,,9628,5,,,1,15,,9629,5,,,1,14,,9630,5,,,1,14,,9631,5,,,1,55,,9632,5,,,1,14,,9633,5,,,1,15,,9634,5,,,1,14,,9635,5,,,1,55,,9636,5,,,1,14,,9637,5,,,1,14,,9638,5,,,1,15,,9639,5,,,1,55,,9640,5,,,1,15,,9641,5,,,1,15,,9642,5,,,1,15,,9643,5,,,1,14,,9644,5,,,1,55,,9645,5,,,1,15,,9646,5,,,1,15,,9647,5,,,1,15,,9648,5,,,1,55,,9649,5,,,1,15,,9650,5,,,1,15,,9651,5,,,1,73,,9652,5,,,1,30,,9653,5,,,1,70,,9654,5,,,1,30,,9655,5,,,1
6000,'CCFSUN',1158,,9672,5,,,1,55,,9673,5,,,1,9,,9674,5,,,1,12,,9675,5,,,1,15,,9676,5,,,1,55,,9677,5,,,1,15,,9678,5,,,1,15,,9679,5,,,1,16,,9680,5,,,1,55,,9681,5,,,1,15,,9682,5,,,1,15,,9683,5,,,1,15,,9684,5,,,1,56,,9685,5,,,1,15,,9686,5,,,1,15,,9687,5,,,1,15,,9688,5,,,1,55,,9689,5,,,1,15,,9690,5,,,1,14,,9691,5,,,1,14,,9692,5,,,1,55,,9693,5,,,1,14,,9694,5,,,1,15,,9695,5,,,1,14,,9696,5,,,1,55,,9697,5,,,1,14,,9698,5,,,1,14,,9699,5,,,1,15,,9700,5,,,1,55,,9701,5,,,1,15,,9702,5,,,1,15,,9703,5,,,1,15,,9704,5,,,1,14,,9705,5,,,1,55,,9706,5,,,1,15,,9707,5,,,1,15,,9708,5,,,1,15,,9709,5,,,1,55,,9710,5,,,1,15,,9711,5,,,1,15,,9712,5,,,1,73,,9713,5,,,1,30,,9714,5,,,1,70,,9715,5,,,1,30,,9716,5,,,1
6001,'WKDY',515,,9717,4,0,13,1,30,,9718,4,0,13,1,65,,9719,4,0,13,1,15,,9720,4,0,13,1,15,,9721,4,0,13,1,15,,9722,4,0,13,1,55,,9723,4,0,13,1,15,,9724,4,0,13,1,15,,9725,4,0,13,1,15,,9726,4,0,13,1,55,,9727,4,0,13,1,15,,9728,4,0,13,1,15,,9729,4,0,13,1,15,,9730,4,0,13,1,55,,9731,4,0,13,1,15,,9732,4,0,13,1,16,,9733,4,0,13,1,16,,9734,4,0,13,1,55,,9735,4,0,13,1,14,,9736,4,0,13,1,15,,9737,4,0,13,1,15,,9738,4,0,13,1,55,,9739,4,0,13,1,15,,9740,4,0,13,1,15,,9741,4,0,13,1,15,,9742,4,0,13,1
6001,'SAT',640,,9791,4,0,13,1,70,,9792,4,0,13,1,30,,9793,4,0,13,1,71,,9794,4,0,13,1,30,,9795,4,0,13,1,70,,9796,4,0,13,1,30,,9797,4,0,13,1,15,,9798,4,0,13,1,55,,9799,4,0,13,1,15,,9800,4,0,13,1,15,,9801,4,0,13,1,15,,9802,4,0,13,1,55,,9803,4,0,13,1,15,,9804,4,0,13,1,15,,9805,4,0,13,1,15,,9806,4,0,13,1
6001,'SUN',640,,9854,4,0,13,1,70,,9855,4,0,13,1,30,,9856,4,0,13,1,71,,9857,4,0,13,1,30,,9858,4,0,13,1,70,,9859,4,0,13,1,30,,9860,4,0,13,1,15,,9861,4,0,13,1,55,,9862,4,0,13,1,15,,9863,4,0,13,1,15,,9864,4,0,13,1,15,,9865,4,0,13,1,55,,9866,4,0,13,1,15,,9867,4,0,13,1,15,,9868,4,0,13,1,15,,9869,4,0,13,1
6001,'CCFWK',515,,9917,4,0,13,1,30,,9918,4,0,13,1,65,,9919,4,0,13,1,15,,9920,4,0,13,1,15,,9921,4,0,13,1,15,,9922,4,0,13,1,55,,9923,4,0,13,1,15,,9924,4,0,13,1,15,,9925,4,0,13,1,15,,9926,4,0,13,1,55,,9927,4,0,13,1,15,,9928,4,0,13,1,15,,9929,4,0,13,1,15,,9930,4,0,13,1,55,,9931,4,0,13,1,15,,9932,4,0,13,1,16,,9933,4,0,13,1,16,,9934,4,0,13,1,55,,9935,4,0,13,1,14,,9936,4,0,13,1,15,,9937,4,0,13,1,15,,9938,4,0,13,1,55,,9939,4,0,13,1,15,,9940,4,0,13,1,15,,9941,4,0,13,1,15,,9942,4,0,13,1
6001,'CCFFF',515,,9991,4,0,13,1,30,,9992,4,0,13,1,65,,9993,4,0,13,1,15,,9994,4,0,13,1,15,,9995,4,0,13,1,15,,9996,4,0,13,1,55,,9997,4,0,13,1,15,,9998,4,0,13,1,15,,9999,4,0,13,1,15,,10000,4,0,13,1,55,,10001,4,0,13,1,15,,10002,4,0,13,1,15,,10003,4,0,13,1,15,,10004,4,0,13,1,55,,10005,4,0,13,1,15,,10006,4,0,13,1,16,,10007,4,0,13,1,16,,10008,4,0,13,1,55,,10009,4,0,13,1,14,,10010,4,0,13,1,15,,10011,4,0,13,1,15,,10012,4,0,13,1,55,,10013,4,0,13,1,15,,10014,4,0,13,1,15,,10015,4,0,13,1,15,,10016,4,0,13,1
6001,'CCFSAT',640,,10065,4,0,13,1,70,,10066,4,0,13,1,30,,10067,4,0,13,1,71,,10068,4,0,13,1,30,,10069,4,0,13,1,70,,10070,4,0,13,1,30,,10071,4,0,13,1,15,,10072,4,0,13,1,55,,10073,4,0,13,1,15,,10074,4,0,13,1,15,,10075,4,0,13,1,15,,10076,4,0,13,1,55,,10077,4,0,13,1,15,,10078,4,0,13,1,15,,10079,4,0,13,1,15,,10080,4,0,13,1
6001,'CCFSUN',640,,10128,4,0,13,1,70,,10129,4,0,13,1,30,,10130,4,0,13,1,71,,10131,4,0,13,1,30,,10132,4,0,13,1,70,,10133,4,0,13,1,30,,10134,4,0,13,1,15,,10135,4,0,13,1,55,,10136,4,0,13,1,15,,10137,4,0,13,1,15,,10138,4,0,13,1,15,,10139,4,0,13,1,55,,10140,4,0,13,1,15,,10141,4,0,13,1,15,,10142,4,0,13,1,15,,10143,4,0,13,1
