3201,'WKDY',546,,6535,2,,,1,70,,6536,2,,,1,30,,6537,2,,,1,71,,6538,2,,,1,30,,6539,2,,,1,70,,6540,2,,,1,30,,6541,2,,,1,70,,6542,2,,,1,30,,6543,2,,,1,70,,6544,2,,,1,30,,6545,2,,,1,70,,6546,2,,,1,30,,6547,2,,,1,70,,6548,2,,,1,30,,6549,2,,,1,70,,6550,2,,,1,30,,6551,2,,,1,70,,6552,2,,,1,30,,6553,2,,,1,70,,6554,2,,,1,30,,6555,2,,,1,70,,6556,2,,,1,30,,6557,2,,,1,70,,6558,2,,,1,30,,6559,2,,,1,70,,6560,2,,,1,30,,6561,2,,,1,100,,6562,2,,,1,99,,6563,2,,,1
3201,'SAT',824,,6564,2,,,1,80,,6565,2,,,1,40,,6566,2,,,1,80,,6567,2,,,1,80,,6568,2,,,1,40,,6569,2,,,1,80,,6570,2,,,1,80,,6571,2,,,1,40,,6572,2,,,1,80,,6573,2,,,1,80,,6574,2,,,1,40,,6575,2,,,1,80,,6576,2,,,1,80,,6577,2,,,1,40,,6578,2,,,1,80,,6579,2,,,1,80,,6580,2,,,1,40,,6581,2,,,1
3201,'SUN',824,,6582,2,,,1,100,,6583,2,,,1,100,,6584,2,,,1,100,,6585,2,,,1,100,,6586,2,,,1,100,,6587,2,,,1,100,,6588,2,,,1,100,,6589,2,,,1,100,,6590,2,,,1,100,,6591,2,,,1,100,,6592,2,,,1,100,,6593,2,,,1
3201,'CCFWK',546,,6594,2,,,1,70,,6595,2,,,1,30,,6596,2,,,1,71,,6597,2,,,1,30,,6598,2,,,1,70,,6599,2,,,1,30,,6600,2,,,1,70,,6601,2,,,1,30,,6602,2,,,1,70,,6603,2,,,1,30,,6604,2,,,1,70,,6605,2,,,1,30,,6606,2,,,1,70,,6607,2,,,1,30,,6608,2,,,1,70,,6609,2,,,1,30,,6610,2,,,1,70,,6611,2,,,1,30,,6612,2,,,1,70,,6613,2,,,1,30,,6614,2,,,1,70,,6615,2,,,1,30,,6616,2,,,1,70,,6617,2,,,1,30,,6618,2,,,1,70,,6619,2,,,1,30,,6620,2,,,1,100,,6621,2,,,1,99,,6622,2,,,1
3201,'CCFFF',546,,6623,2,,,1,70,,6624,2,,,1,30,,6625,2,,,1,71,,6626,2,,,1,30,,6627,2,,,1,70,,6628,2,,,1,30,,6629,2,,,1,70,,6630,2,,,1,30,,6631,2,,,1,70,,6632,2,,,1,30,,6633,2,,,1,70,,6634,2,,,1,30,,6635,2,,,1,70,,6636,2,,,1,30,,6637,2,,,1,70,,6638,2,,,1,30,,6639,2,,,1,70,,6640,2,,,1,30,,6641,2,,,1,70,,6642,2,,,1,30,,6643,2,,,1,70,,6644,2,,,1,30,,6645,2,,,1,70,,6646,2,,,1,30,,6647,2,,,1,70,,6648,2,,,1,30,,6649,2,,,1,100,,6650,2,,,1,99,,6651,2,,,1
3201,'CCFSAT',824,,6652,2,,,1,80,,6653,2,,,1,40,,6654,2,,,1,80,,6655,2,,,1,80,,6656,2,,,1,40,,6657,2,,,1,80,,6658,2,,,1,80,,6659,2,,,1,40,,6660,2,,,1,80,,6661,2,,,1,80,,6662,2,,,1,40,,6663,2,,,1,80,,6664,2,,,1,80,,6665,2,,,1,40,,6666,2,,,1,80,,6667,2,,,1,80,,6668,2,,,1,40,,6669,2,,,1
3201,'CCFSUN',824,,6670,2,,,1,100,,6671,2,,,1,100,,6672,2,,,1,100,,6673,2,,,1,100,,6674,2,,,1,100,,6675,2,,,1,100,,6676,2,,,1,100,,6677,2,,,1,100,,6678,2,,,1,100,,6679,2,,,1,100,,6680,2,,,1,100,,6681,2,,,1
7800,'WKDY',517,,12122,2,,,1,96,,12123,2,,,1,30,,12124,2,,,1,70,,12125,2,,,1,30,,12126,2,,,1,70,,12127,2,,,1,30,,12128,2,,,1,70,,12129,2,,,1,30,,12147,2,,,1,70,,12130,2,,,1,30,,12148,2,,,1,70,,12131,2,,,1,31,,12149,2,,,1,70,,12132,2,,,1,30,,12150,2,,,1,70,,12133,2,,,1,30,,12145,2,,,1,70,,12134,2,,,1,30,,12146,2,,,1,70,,12135,2,,,1,32,,12136,2,,,1,73,,12137,2,,,1,30,,12138,2,,,1,70,,12139,2,,,1,30,,12140,2,,,1,65,,12141,2,,,1,99,,12142,2,,,1,100,,12143,2,,,1,100,,12144,2,,,1
7800,'SAT',813,,12151,2,,,1,100,,12152,2,,,1,100,,12153,2,,,1,101,,12154,2,,,1,100,,12155,2,,,1,100,,12156,2,,,1,100,,12157,2,,,1,100,,12158,2,,,1,100,,12159,2,,,1,100,,12160,2,,,1,100,,12161,2,,,1,99,,12162,2,,,1
7800,'SUN',813,,12163,2,,,1,100,,12164,2,,,1,100,,12165,2,,,1,101,,12166,2,,,1,100,,12167,2,,,1,100,,12168,2,,,1,100,,12169,2,,,1,100,,12170,2,,,1,100,,12171,2,,,1,100,,12172,2,,,1,100,,12173,2,,,1,99,,12174,2,,,1
7800,'CCFWK',517,,12175,2,,,1,96,,12176,2,,,1,30,,12177,2,,,1,70,,12178,2,,,1,30,,12179,2,,,1,70,,12180,2,,,1,30,,12181,2,,,1,70,,12182,2,,,1,30,,12200,2,,,1,70,,12183,2,,,1,30,,12201,2,,,1,70,,12184,2,,,1,31,,12202,2,,,1,70,,12185,2,,,1,30,,12203,2,,,1,70,,12186,2,,,1,30,,12198,2,,,1,70,,12187,2,,,1,30,,12199,2,,,1,70,,12188,2,,,1,32,,12189,2,,,1,73,,12190,2,,,1,30,,12191,2,,,1,70,,12192,2,,,1,30,,12193,2,,,1,65,,12194,2,,,1,99,,12195,2,,,1,100,,12196,2,,,1,100,,12197,2,,,1
7800,'CCFFF',517,,12204,2,,,1,96,,12205,2,,,1,30,,12206,2,,,1,70,,12207,2,,,1,30,,12208,2,,,1,70,,12209,2,,,1,30,,12210,2,,,1,70,,12211,2,,,1,30,,12229,2,,,1,70,,12212,2,,,1,30,,12230,2,,,1,70,,12213,2,,,1,31,,12231,2,,,1,70,,12214,2,,,1,30,,12232,2,,,1,70,,12215,2,,,1,30,,12227,2,,,1,70,,12216,2,,,1,30,,12228,2,,,1,70,,12217,2,,,1,32,,12218,2,,,1,73,,12219,2,,,1,30,,12220,2,,,1,70,,12221,2,,,1,30,,12222,2,,,1,65,,12223,2,,,1,99,,12224,2,,,1,100,,12225,2,,,1,100,,12226,2,,,1
7800,'CCFSAT',813,,12233,2,,,1,100,,12234,2,,,1,100,,12235,2,,,1,101,,12236,2,,,1,100,,12237,2,,,1,100,,12238,2,,,1,100,,12239,2,,,1,100,,12240,2,,,1,100,,12241,2,,,1,100,,12242,2,,,1,100,,12243,2,,,1,99,,12244,2,,,1
7800,'CCFSUN',813,,12245,2,,,1,100,,12246,2,,,1,100,,12247,2,,,1,101,,12248,2,,,1,100,,12249,2,,,1,100,,12250,2,,,1,100,,12251,2,,,1,100,,12252,2,,,1,100,,12253,2,,,1,100,,12254,2,,,1,100,,12255,2,,,1,99,,12256,2,,,1
