201,'WKDY',1514,,3925,43,4,,1
201,'CCFWK',1514,,3938,43,4,,1
201,'CCFFF',1514,,3951,43,4,,1
1901,'WKDY',623,,5324,12,4,,1,104,,5325,12,4,,1,31,,5326,12,4,,1,71,,5327,12,4,,1,29,,5328,12,4,,1,70,,5329,12,4,,1,31,,5330,12,4,,1,71,,5331,12,4,,1,70,,5346,12,4,,1,31,,5332,12,4,,1,71,,5347,12,4,,1,30,,5333,12,4,,1,70,,5348,12,4,,1,132,,5335,12,4,,1,67,,5336,12,4,,1,99,,5338,12,4,,1,328,,5343,12,4,,1
1901,'CCFWK',623,,5374,12,4,,1,104,,5375,12,4,,1,31,,5376,12,4,,1,71,,5377,12,4,,1,29,,5378,12,4,,1,70,,5379,12,4,,1,31,,5380,12,4,,1,71,,5381,12,4,,1,70,,5396,12,4,,1,31,,5382,12,4,,1,71,,5397,12,4,,1,30,,5383,12,4,,1,70,,5398,12,4,,1,132,,5385,12,4,,1,67,,5386,12,4,,1,99,,5388,12,4,,1,328,,5393,12,4,,1
1901,'CCFFF',623,,5400,12,4,,1,104,,5401,12,4,,1,31,,5402,12,4,,1,71,,5403,12,4,,1,29,,5404,12,4,,1,70,,5405,12,4,,1,31,,5406,12,4,,1,71,,5407,12,4,,1,70,,5422,12,4,,1,31,,5408,12,4,,1,71,,5423,12,4,,1,30,,5409,12,4,,1,70,,5424,12,4,,1,132,,5411,12,4,,1,67,,5412,12,4,,1,99,,5414,12,4,,1,328,,5419,12,4,,1
4801,'SAT',1037,,7230,5,4,,1,200,,7231,5,4,,1,198,,7232,5,4,,1,200,,7233,5,4,,1,200,,7234,5,4,,1
4801,'SUN',1037,,7236,5,4,,1,200,,7237,5,4,,1,198,,7238,5,4,,1,200,,7239,5,4,,1,200,,7240,5,4,,1
4801,'CCFSAT',1037,,7258,5,4,,1,200,,7259,5,4,,1,198,,7260,5,4,,1,200,,7261,5,4,,1,200,,7262,5,4,,1
4801,'CCFSUN',1037,,7264,5,4,,1,200,,7265,5,4,,1,198,,7266,5,4,,1,200,,7267,5,4,,1,200,,7268,5,4,,1
7100,'SAT',911,,10915,23,4,,1,205,,10921,23,4,,1,124,,10925,23,4,,1,62,,10926,23,4,,1,203,,10932,23,4,,1,199,,10938,23,4,,1
7100,'SUN',911,,10962,23,4,,1,412,,10970,23,4,,1,202,,10974,23,4,,1,199,,10978,23,4,,1
7100,'CCFSAT',911,,11114,23,4,,1,205,,11120,23,4,,1,124,,11124,23,4,,1,265,,11131,23,4,,1,199,,11137,23,4,,1
7100,'CCFSUN',911,,11161,23,4,,1,412,,11169,23,4,,1,202,,11173,23,4,,1,199,,11177,23,4,,1
7800,'WKDY',438,,12257,1,,,1,102,,12258,1,,,1,70,,12259,1,,,1,30,,12260,1,,,1,70,,12261,1,,,1,30,,12262,1,,,1,70,,12263,1,,,1,30,,12264,1,,,1,70,,12281,1,,,1,30,,12265,1,,,1,70,,12282,1,,,1,30,,12266,1,,,1,70,,12283,1,,,1,30,,12267,1,,,1,70,,12284,1,,,1,30,,12268,1,,,1,70,,12285,1,,,1,30,,12269,1,,,1,70,,12286,1,,,1,30,,12270,1,,,1,70,,12271,1,,,1,30,,12272,1,,,1,70,,12273,1,,,1,30,,12274,1,,,1,70,,12275,1,,,1,32,,12276,1,,,1,100,,12277,1,,,1,98,,12278,1,,,1,100,,12279,1,,,1,100,,12280,1,,,1
7800,'SAT',740,,12287,1,,,1,100,,12288,1,,,1,100,,12289,1,,,1,100,,12290,1,,,1,100,,12291,1,,,1,100,,12292,1,,,1,100,,12293,1,,,1,100,,12294,1,,,1,100,,12295,1,,,1,100,,12296,1,,,1,100,,12297,1,,,1,100,,12298,1,,,1,100,,12299,1,,,1
7800,'SUN',740,,12300,1,,,1,100,,12301,1,,,1,100,,12302,1,,,1,100,,12303,1,,,1,100,,12304,1,,,1,100,,12305,1,,,1,100,,12306,1,,,1,100,,12307,1,,,1,100,,12308,1,,,1,100,,12309,1,,,1,100,,12310,1,,,1,100,,12311,1,,,1,100,,12312,1,,,1
7800,'CCFWK',438,,12313,1,,,1,102,,12314,1,,,1,70,,12315,1,,,1,30,,12316,1,,,1,70,,12317,1,,,1,30,,12318,1,,,1,70,,12319,1,,,1,30,,12320,1,,,1,70,,12337,1,,,1,30,,12321,1,,,1,70,,12338,1,,,1,30,,12322,1,,,1,70,,12339,1,,,1,30,,12323,1,,,1,70,,12340,1,,,1,30,,12324,1,,,1,70,,12341,1,,,1,30,,12325,1,,,1,70,,12342,1,,,1,30,,12326,1,,,1,70,,12327,1,,,1,30,,12328,1,,,1,70,,12329,1,,,1,30,,12330,1,,,1,70,,12331,1,,,1,32,,12332,1,,,1,100,,12333,1,,,1,98,,12334,1,,,1,100,,12335,1,,,1,100,,12336,1,,,1
7800,'CCFFF',438,,12343,1,,,1,102,,12344,1,,,1,70,,12345,1,,,1,30,,12346,1,,,1,70,,12347,1,,,1,30,,12348,1,,,1,70,,12349,1,,,1,30,,12350,1,,,1,70,,12367,1,,,1,30,,12351,1,,,1,70,,12368,1,,,1,30,,12352,1,,,1,70,,12369,1,,,1,30,,12353,1,,,1,70,,12370,1,,,1,30,,12354,1,,,1,70,,12371,1,,,1,30,,12355,1,,,1,70,,12372,1,,,1,30,,12356,1,,,1,70,,12357,1,,,1,30,,12358,1,,,1,70,,12359,1,,,1,30,,12360,1,,,1,70,,12361,1,,,1,32,,12362,1,,,1,100,,12363,1,,,1,98,,12364,1,,,1,100,,12365,1,,,1,100,,12366,1,,,1
7800,'CCFSAT',740,,12373,1,,,1,100,,12374,1,,,1,100,,12375,1,,,1,100,,12376,1,,,1,100,,12377,1,,,1,100,,12378,1,,,1,100,,12379,1,,,1,100,,12380,1,,,1,100,,12381,1,,,1,100,,12382,1,,,1,100,,12383,1,,,1,100,,12384,1,,,1,100,,12385,1,,,1
7800,'CCFSUN',740,,12386,1,,,1,100,,12387,1,,,1,100,,12388,1,,,1,100,,12389,1,,,1,100,,12390,1,,,1,100,,12391,1,,,1,100,,12392,1,,,1,100,,12393,1,,,1,100,,12394,1,,,1,100,,12395,1,,,1,100,,12396,1,,,1,100,,12397,1,,,1,100,,12398,1,,,1
7801,'WKDY',1344,,12133,28,4,,1,70,,12145,28,4,,1,132,,12135,28,4,,1,72,,12136,28,4,,1,33,,12137,28,4,,1,69,,12138,28,4,,1,96,,12140,28,4,,1,221,,12143,28,4,,1,100,,12144,28,4,,1
7801,'SAT',840,,12151,28,4,,1,1099,,12162,28,4,,1
7801,'SUN',840,,12163,28,4,,1,1099,,12174,28,4,,1
7801,'CCFWK',1344,,12186,28,4,,1,70,,12198,28,4,,1,132,,12188,28,4,,1,72,,12189,28,4,,1,33,,12190,28,4,,1,69,,12191,28,4,,1,96,,12193,28,4,,1,221,,12196,28,4,,1,100,,12197,28,4,,1
7801,'CCFFF',1344,,12215,28,4,,1,70,,12227,28,4,,1,132,,12217,28,4,,1,72,,12218,28,4,,1,33,,12219,28,4,,1,69,,12220,28,4,,1,96,,12222,28,4,,1,221,,12225,28,4,,1,100,,12226,28,4,,1
7801,'CCFSAT',840,,12233,28,4,,1,1099,,12244,28,4,,1
7801,'CCFSUN',840,,12245,28,4,,1,1099,,12256,28,4,,1
10501,'WKDY',1319,,13190,10,4,,1
10501,'CCFWK',1319,,13210,10,4,,1
10501,'CCFFF',1319,,13230,10,4,,1
