3000,'WKDY',607,,5724,9,,,1,31,,5725,9,,,1,70,,5726,9,,,1,30,,5727,9,,,1,71,,5728,9,,,1,30,,5729,9,,,1,70,,5730,9,,,1,30,,5731,9,,,1,70,,5732,9,,,1,30,,5733,9,,,1,70,,5734,9,,,1,30,,5735,9,,,1,70,,5736,9,,,1,30,,5737,9,,,1,70,,5738,9,,,1,30,,5739,9,,,1,71,,5740,9,,,1,30,,5741,9,,,1,70,,5742,9,,,1,30,,5743,9,,,1,70,,5744,9,,,1,30,,5745,9,,,1,69,,5746,9,,,1,30,,5747,9,,,1,70,,5748,9,,,1,30,,5749,9,,,1,69,,5750,9,,,1,30,,5751,9,,,1,69,,5752,9,,,1,100,,5753,9,,,1
3000,'SAT',737,,5756,9,,,1,70,,5757,9,,,1,30,,5758,9,,,1,70,,5759,9,,,1,30,,5760,9,,,1,70,,5761,9,,,1,30,,5762,9,,,1,71,,5763,9,,,1,30,,5764,9,,,1,71,,5765,9,,,1,30,,5766,9,,,1,70,,5767,9,,,1,30,,5768,9,,,1,70,,5769,9,,,1,30,,5770,9,,,1,70,,5771,9,,,1,30,,5772,9,,,1,70,,5773,9,,,1,30,,5774,9,,,1,70,,5775,9,,,1,99,,5776,9,,,1,99,,5777,9,,,1,100,,5778,9,,,1
3000,'SUN',807,,5781,9,,,1,100,,5782,9,,,1,100,,5783,9,,,1,101,,5784,9,,,1,101,,5785,9,,,1,100,,5786,9,,,1,100,,5787,9,,,1,100,,5788,9,,,1,100,,5789,9,,,1,100,,5790,9,,,1,99,,5791,9,,,1,99,,5792,9,,,1,100,,5793,9,,,1
3000,'CCFWK',607,,5796,9,,,1,31,,5797,9,,,1,70,,5798,9,,,1,30,,5799,9,,,1,71,,5800,9,,,1,30,,5801,9,,,1,70,,5802,9,,,1,30,,5803,9,,,1,70,,5804,9,,,1,30,,5805,9,,,1,70,,5806,9,,,1,30,,5807,9,,,1,70,,5808,9,,,1,30,,5809,9,,,1,70,,5810,9,,,1,30,,5811,9,,,1,71,,5812,9,,,1,30,,5813,9,,,1,70,,5814,9,,,1,30,,5815,9,,,1,70,,5816,9,,,1,30,,5817,9,,,1,69,,5818,9,,,1,30,,5819,9,,,1,70,,5820,9,,,1,30,,5821,9,,,1,69,,5822,9,,,1,30,,5823,9,,,1,69,,5824,9,,,1,100,,5825,9,,,1
3000,'CCFFF',607,,5828,9,,,1,31,,5829,9,,,1,70,,5830,9,,,1,30,,5831,9,,,1,71,,5832,9,,,1,30,,5833,9,,,1,70,,5834,9,,,1,30,,5835,9,,,1,70,,5836,9,,,1,30,,5837,9,,,1,70,,5838,9,,,1,30,,5839,9,,,1,70,,5840,9,,,1,30,,5841,9,,,1,70,,5842,9,,,1,30,,5843,9,,,1,71,,5844,9,,,1,30,,5845,9,,,1,70,,5846,9,,,1,30,,5847,9,,,1,70,,5848,9,,,1,30,,5849,9,,,1,69,,5850,9,,,1,30,,5851,9,,,1,70,,5852,9,,,1,30,,5853,9,,,1,69,,5854,9,,,1,30,,5855,9,,,1,69,,5856,9,,,1,100,,5857,9,,,1
3000,'CCFSAT',737,,5860,9,,,1,70,,5861,9,,,1,30,,5862,9,,,1,70,,5863,9,,,1,30,,5864,9,,,1,70,,5865,9,,,1,30,,5866,9,,,1,71,,5867,9,,,1,30,,5868,9,,,1,71,,5869,9,,,1,30,,5870,9,,,1,70,,5871,9,,,1,30,,5872,9,,,1,70,,5873,9,,,1,30,,5874,9,,,1,70,,5875,9,,,1,30,,5876,9,,,1,70,,5877,9,,,1,30,,5878,9,,,1,70,,5879,9,,,1,99,,5880,9,,,1,99,,5881,9,,,1,100,,5882,9,,,1
3000,'CCFSUN',807,,5885,9,,,1,100,,5886,9,,,1,100,,5887,9,,,1,101,,5888,9,,,1,101,,5889,9,,,1,100,,5890,9,,,1,100,,5891,9,,,1,100,,5892,9,,,1,100,,5893,9,,,1,100,,5894,9,,,1,99,,5895,9,,,1,99,,5896,9,,,1,100,,5897,9,,,1
7401,'WKDY',520,,11970,5,,,1,99,,11971,5,,,1,30,,11999,5,,,1,69,,11972,5,,,1,31,,12000,5,,,1,69,,11973,5,,,1,29,,11974,5,,,1,70,,11975,5,,,1,30,,11976,5,,,1,70,,11977,5,,,1,30,,11978,5,,,1,71,,11979,5,,,1,31,,11980,5,,,1,70,,11981,5,,,1,31,,11982,5,,,1,70,,11983,5,,,1,30,,11984,5,,,1,69,,11985,5,,,1,29,,11986,5,,,1,70,,11987,5,,,1,29,,11988,5,,,1,70,,11989,5,,,1,30,,11990,5,,,1,70,,11991,5,,,1,32,,11992,5,,,1,70,,11993,5,,,1,31,,11994,5,,,1,69,,11995,5,,,1,31,,11997,5,,,1,70,,12001,5,,,1,30,,11996,5,,,1,99,,11998,5,,,1
7401,'SAT',759,,12002,5,,,1,99,,12003,5,,,1,99,,12004,5,,,1,99,,12005,5,,,1,100,,12006,5,,,1,100,,12007,5,,,1,100,,12008,5,,,1,100,,12009,5,,,1,100,,12010,5,,,1,100,,12011,5,,,1,100,,12012,5,,,1,100,,12013,5,,,1,100,,12014,5,,,1,102,,12015,5,,,1
7401,'SUN',759,,12016,5,,,1,99,,12017,5,,,1,99,,12018,5,,,1,99,,12019,5,,,1,100,,12020,5,,,1,100,,12021,5,,,1,100,,12022,5,,,1,100,,12023,5,,,1,100,,12024,5,,,1,100,,12025,5,,,1,100,,12026,5,,,1,100,,12027,5,,,1,100,,12028,5,,,1,102,,12029,5,,,1
7401,'CCFWK',520,,12030,5,,,1,99,,12031,5,,,1,30,,12059,5,,,1,69,,12032,5,,,1,31,,12060,5,,,1,69,,12033,5,,,1,29,,12034,5,,,1,70,,12035,5,,,1,30,,12036,5,,,1,70,,12037,5,,,1,30,,12038,5,,,1,71,,12039,5,,,1,31,,12040,5,,,1,70,,12041,5,,,1,31,,12042,5,,,1,70,,12043,5,,,1,30,,12044,5,,,1,69,,12045,5,,,1,29,,12046,5,,,1,70,,12047,5,,,1,29,,12048,5,,,1,70,,12049,5,,,1,30,,12050,5,,,1,70,,12051,5,,,1,32,,12052,5,,,1,70,,12053,5,,,1,31,,12054,5,,,1,69,,12055,5,,,1,31,,12057,5,,,1,70,,12061,5,,,1,30,,12056,5,,,1,99,,12058,5,,,1
7401,'CCFFF',520,,12062,5,,,1,99,,12063,5,,,1,30,,12091,5,,,1,69,,12064,5,,,1,31,,12092,5,,,1,69,,12065,5,,,1,29,,12066,5,,,1,70,,12067,5,,,1,30,,12068,5,,,1,70,,12069,5,,,1,30,,12070,5,,,1,71,,12071,5,,,1,31,,12072,5,,,1,70,,12073,5,,,1,31,,12074,5,,,1,70,,12075,5,,,1,30,,12076,5,,,1,69,,12077,5,,,1,29,,12078,5,,,1,70,,12079,5,,,1,29,,12080,5,,,1,70,,12081,5,,,1,30,,12082,5,,,1,70,,12083,5,,,1,32,,12084,5,,,1,70,,12085,5,,,1,31,,12086,5,,,1,69,,12087,5,,,1,31,,12089,5,,,1,70,,12093,5,,,1,30,,12088,5,,,1,99,,12090,5,,,1
7401,'CCFSAT',759,,12094,5,,,1,99,,12095,5,,,1,99,,12096,5,,,1,99,,12097,5,,,1,100,,12098,5,,,1,100,,12099,5,,,1,100,,12100,5,,,1,100,,12101,5,,,1,100,,12102,5,,,1,100,,12103,5,,,1,100,,12104,5,,,1,100,,12105,5,,,1,100,,12106,5,,,1,102,,12107,5,,,1
7401,'CCFSUN',759,,12108,5,,,1,99,,12109,5,,,1,99,,12110,5,,,1,99,,12111,5,,,1,100,,12112,5,,,1,100,,12113,5,,,1,100,,12114,5,,,1,100,,12115,5,,,1,100,,12116,5,,,1,100,,12117,5,,,1,100,,12118,5,,,1,100,,12119,5,,,1,100,,12120,5,,,1,102,,12121,5,,,1
