3000,'WKDY',514,,5898,2,,,1,95,,5899,20,,,1,30,,5900,20,,,1,63,,5901,20,,,1,37,,5902,20,,,1,70,,5903,20,,,1,30,,5904,20,,,1,69,,5905,20,,,1,30,,5906,20,,,1,69,,5907,20,,,1,29,,5908,20,,,1,71,,5909,20,,,1,30,,5910,20,,,1,70,,5911,20,,,1,31,,5912,20,,,1,71,,5913,20,,,1,29,,5914,20,,,1,69,,5915,20,,,1,32,,5916,20,,,1,72,,5917,20,,,1,30,,5918,20,,,1,70,,5919,20,,,1,29,,5920,20,,,1,70,,5921,20,,,1,29,,5922,20,,,1,67,,5923,20,,,1,30,,5924,20,,,1,67,,5925,20,,,1,28,,5926,20,,,1,69,,5927,20,,,1,30,,5928,20,,,1,29,,5929,20,,,1,97,,5930,20,,,1
3000,'SAT',653,,5931,20,,,1,100,,5932,20,,,1,73,,5933,20,,,1,32,,5934,20,,,1,70,,5935,20,,,1,30,,5936,20,,,1,70,,5937,20,,,1,31,,5938,20,,,1,71,,5939,20,,,1,71,,5940,20,,,1,30,,5941,20,,,1,71,,5942,20,,,1,30,,5943,20,,,1,70,,5944,20,,,1,30,,5945,20,,,1,70,,5946,20,,,1,30,,5947,20,,,1,70,,5948,20,,,1,30,,5949,20,,,1,70,,5950,20,,,1,29,,5951,20,,,1,69,,5952,20,,,1,59,,5953,20,,,1,98,,5954,20,,,1,100,,5955,20,,,1
3000,'SUN',653,,5956,20,,,1,100,,5957,20,,,1,105,,5958,20,,,1,100,,5959,20,,,1,101,,5960,20,,,1,142,,5961,20,,,1,101,,5962,20,,,1,100,,5963,20,,,1,100,,5964,20,,,1,100,,5965,20,,,1,100,,5966,20,,,1,98,,5967,20,,,1,59,,5968,20,,,1,98,,5969,20,,,1,100,,5970,20,,,1
3000,'CCFWK',514,,5971,2,,,1,95,,5972,20,,,1,30,,5973,20,,,1,63,,5974,20,,,1,37,,5975,20,,,1,70,,5976,20,,,1,30,,5977,20,,,1,69,,5978,20,,,1,30,,5979,20,,,1,69,,5980,20,,,1,29,,5981,20,,,1,71,,5982,20,,,1,30,,5983,20,,,1,70,,5984,20,,,1,31,,5985,20,,,1,71,,5986,20,,,1,29,,5987,20,,,1,69,,5988,20,,,1,32,,5989,20,,,1,72,,5990,20,,,1,30,,5991,20,,,1,70,,5992,20,,,1,29,,5993,20,,,1,70,,5994,20,,,1,29,,5995,20,,,1,67,,5996,20,,,1,30,,5997,20,,,1,67,,5998,20,,,1,28,,5999,20,,,1,69,,6000,20,,,1,30,,6001,20,,,1,29,,6002,20,,,1,97,,6003,20,,,1
3000,'CCFFF',514,,6004,2,,,1,95,,6005,20,,,1,30,,6006,20,,,1,63,,6007,20,,,1,37,,6008,20,,,1,70,,6009,20,,,1,30,,6010,20,,,1,69,,6011,20,,,1,30,,6012,20,,,1,69,,6013,20,,,1,29,,6014,20,,,1,71,,6015,20,,,1,30,,6016,20,,,1,70,,6017,20,,,1,31,,6018,20,,,1,71,,6019,20,,,1,29,,6020,20,,,1,69,,6021,20,,,1,32,,6022,20,,,1,72,,6023,20,,,1,30,,6024,20,,,1,70,,6025,20,,,1,29,,6026,20,,,1,70,,6027,20,,,1,29,,6028,20,,,1,67,,6029,20,,,1,30,,6030,20,,,1,67,,6031,20,,,1,28,,6032,20,,,1,69,,6033,20,,,1,30,,6034,20,,,1,29,,6035,20,,,1,97,,6036,20,,,1
3000,'CCFSAT',653,,6037,20,,,1,100,,6038,20,,,1,73,,6039,20,,,1,32,,6040,20,,,1,70,,6041,20,,,1,30,,6042,20,,,1,70,,6043,20,,,1,31,,6044,20,,,1,71,,6045,20,,,1,71,,6046,20,,,1,30,,6047,20,,,1,71,,6048,20,,,1,30,,6049,20,,,1,70,,6050,20,,,1,30,,6051,20,,,1,70,,6052,20,,,1,30,,6053,20,,,1,70,,6054,20,,,1,30,,6055,20,,,1,70,,6056,20,,,1,29,,6057,20,,,1,69,,6058,20,,,1,59,,6059,20,,,1,98,,6060,20,,,1,100,,6061,20,,,1
3000,'CCFSUN',653,,6062,20,,,1,100,,6063,20,,,1,105,,6064,20,,,1,100,,6065,20,,,1,101,,6066,20,,,1,142,,6067,20,,,1,101,,6068,20,,,1,100,,6069,20,,,1,100,,6070,20,,,1,100,,6071,20,,,1,100,,6072,20,,,1,98,,6073,20,,,1,59,,6074,20,,,1,98,,6075,20,,,1,100,,6076,20,,,1
3200,'WKDY',600,,6381,25,,,1,30,,6382,25,,,1,70,,6383,25,,,1,30,,6384,25,,,1,70,,6385,25,,,1,30,,6386,25,,,1,70,,6387,25,,,1,29,,6388,25,,,1,30,,6389,25,,,1,70,,6390,25,,,1,30,,6391,25,,,1,70,,6392,25,,,1,29,,6393,25,,,1,70,,6394,25,,,1,29,,6395,25,,,1,70,,6396,25,,,1,30,,6397,25,,,1,70,,6398,25,,,1,29,,6399,25,,,1,70,,6400,25,,,1,30,,6401,25,,,1,70,,6402,25,,,1,30,,6403,25,,,1,71,,6404,25,,,1,31,,6405,25,,,1,71,,6406,25,,,1,30,,6407,25,,,1,70,,6408,25,,,1,100,,6409,25,,,1,100,,6410,25,,,1
3200,'SAT',807,,6427,25,,,1,39,,6428,25,,,1,80,,6429,25,,,1,80,,6411,25,,,1,39,,6412,25,,,1,80,,6413,25,,,1,80,,6414,25,,,1,40,,6415,25,,,1,80,,6416,25,,,1,80,,6417,25,,,1,40,,6418,25,,,1,80,,6419,25,,,1,80,,6420,25,,,1,40,,6421,25,,,1,80,,6422,25,,,1,80,,6423,25,,,1,41,,6424,25,,,1,80,,6425,25,,,1,80,,6426,25,,,1
3200,'SUN',807,,6430,25,,,1,100,,6431,25,,,1,99,,6432,25,,,1,100,,6433,25,,,1,99,,6434,25,,,1,100,,6435,25,,,1,100,,6436,25,,,1,100,,6437,25,,,1,100,,6438,25,,,1,100,,6439,25,,,1,100,,6440,25,,,1,100,,6441,25,,,1,101,,6442,25,,,1
3200,'CCFWK',600,,6443,25,,,1,30,,6444,25,,,1,70,,6445,25,,,1,30,,6446,25,,,1,70,,6447,25,,,1,30,,6448,25,,,1,70,,6449,25,,,1,29,,6450,25,,,1,30,,6451,25,,,1,70,,6452,25,,,1,30,,6453,25,,,1,70,,6454,25,,,1,29,,6455,25,,,1,70,,6456,25,,,1,29,,6457,25,,,1,70,,6458,25,,,1,30,,6459,25,,,1,70,,6460,25,,,1,29,,6461,25,,,1,70,,6462,25,,,1,30,,6463,25,,,1,70,,6464,25,,,1,30,,6465,25,,,1,71,,6466,25,,,1,31,,6467,25,,,1,71,,6468,25,,,1,30,,6469,25,,,1,70,,6470,25,,,1,100,,6471,25,,,1,100,,6472,25,,,1
3200,'CCFFF',600,,6473,25,,,1,30,,6474,25,,,1,70,,6475,25,,,1,30,,6476,25,,,1,70,,6477,25,,,1,30,,6478,25,,,1,70,,6479,25,,,1,29,,6480,25,,,1,30,,6481,25,,,1,70,,6482,25,,,1,30,,6483,25,,,1,70,,6484,25,,,1,29,,6485,25,,,1,70,,6486,25,,,1,29,,6487,25,,,1,70,,6488,25,,,1,30,,6489,25,,,1,70,,6490,25,,,1,29,,6491,25,,,1,70,,6492,25,,,1,30,,6493,25,,,1,70,,6494,25,,,1,30,,6495,25,,,1,71,,6496,25,,,1,31,,6497,25,,,1,71,,6498,25,,,1,30,,6499,25,,,1,70,,6500,25,,,1,100,,6501,25,,,1,100,,6502,25,,,1
3200,'CCFSAT',807,,6519,25,,,1,39,,6520,25,,,1,80,,6521,25,,,1,80,,6503,25,,,1,39,,6504,25,,,1,80,,6505,25,,,1,80,,6506,25,,,1,40,,6507,25,,,1,80,,6508,25,,,1,80,,6509,25,,,1,40,,6510,25,,,1,80,,6511,25,,,1,80,,6512,25,,,1,40,,6513,25,,,1,80,,6514,25,,,1,80,,6515,25,,,1,41,,6516,25,,,1,80,,6517,25,,,1,80,,6518,25,,,1
3200,'CCFSUN',807,,6522,25,,,1,100,,6523,25,,,1,99,,6524,25,,,1,100,,6525,25,,,1,99,,6526,25,,,1,100,,6527,25,,,1,100,,6528,25,,,1,100,,6529,25,,,1,100,,6530,25,,,1,100,,6531,25,,,1,100,,6532,25,,,1,100,,6533,25,,,1,101,,6534,25,,,1
