1901,'WKDY',1630,,5339,12,4,,1,73,,5340,12,4,,1,33,,5341,12,4,,1
1901,'SAT',858,,5360,12,4,,1,100,,5350,12,4,,1,100,,5351,12,4,,1,100,,5352,12,4,,1,100,,5353,12,4,,1,101,,5354,12,4,,1,100,,5355,12,4,,1,141,,5356,12,4,,1,59,,5357,12,4,,1,100,,5358,12,4,,1,100,,5359,12,4,,1
1901,'SUN',858,,5372,12,4,,1,100,,5362,12,4,,1,100,,5363,12,4,,1,100,,5364,12,4,,1,100,,5365,12,4,,1,101,,5366,12,4,,1,100,,5367,12,4,,1,141,,5368,12,4,,1,59,,5369,12,4,,1,100,,5370,12,4,,1,100,,5371,12,4,,1
1901,'CCFWK',1630,,5389,12,4,,1,73,,5390,12,4,,1,33,,5391,12,4,,1
1901,'CCFFF',1630,,5415,12,4,,1,73,,5416,12,4,,1,33,,5417,12,4,,1
1901,'CCFSAT',858,,5436,12,4,,1,100,,5426,12,4,,1,100,,5427,12,4,,1,100,,5428,12,4,,1,100,,5429,12,4,,1,101,,5430,12,4,,1,100,,5431,12,4,,1,141,,5432,12,4,,1,59,,5433,12,4,,1,100,,5434,12,4,,1,100,,5435,12,4,,1
1901,'CCFSUN',858,,5448,12,4,,1,100,,5438,12,4,,1,100,,5439,12,4,,1,100,,5440,12,4,,1,100,,5441,12,4,,1,101,,5442,12,4,,1,100,,5443,12,4,,1,141,,5444,12,4,,1,59,,5445,12,4,,1,100,,5446,12,4,,1,100,,5447,12,4,,1
2500,'WKDY',639,,5586,36,4,,1,70,,5587,36,4,,1,31,,5588,36,4,,1,72,,5589,36,4,,1,31,,5590,36,4,,1,69,,5591,36,4,,1,32,,5592,36,4,,1,70,,5593,36,4,,1,29,,5594,36,4,,1,70,,5595,36,4,,1,31,,5596,36,4,,1,71,,5597,36,4,,1,34,,5598,36,4,,1,70,,5599,36,4,,1,30,,5600,36,4,,1,68,,5601,36,4,,1,32,,5602,36,4,,1,70,,5603,36,4,,1,31,,5604,36,4,,1,171,,5607,36,4,,1,30,,5608,36,4,,1,66,,5609,36,4,,1,28,,5610,36,4,,1,67,,5611,36,4,,1,99,,5612,36,4,,1,94,,5613,36,4,,1
2500,'SAT',2009,,5626,36,4,,1
2500,'SUN',2009,,5639,36,4,,1
2500,'CCFWK',639,,5640,36,4,,1,70,,5641,36,4,,1,31,,5642,36,4,,1,72,,5643,36,4,,1,31,,5644,36,4,,1,69,,5645,36,4,,1,32,,5646,36,4,,1,70,,5647,36,4,,1,29,,5648,36,4,,1,70,,5649,36,4,,1,31,,5650,36,4,,1,71,,5651,36,4,,1,34,,5652,36,4,,1,70,,5653,36,4,,1,30,,5654,36,4,,1,68,,5655,36,4,,1,32,,5656,36,4,,1,70,,5657,36,4,,1,31,,5658,36,4,,1,171,,5661,36,4,,1,30,,5662,36,4,,1,66,,5663,36,4,,1,28,,5664,36,4,,1,67,,5665,36,4,,1,99,,5666,36,4,,1,94,,5667,36,4,,1
2500,'CCFFF',639,,5668,36,4,,1,70,,5669,36,4,,1,31,,5670,36,4,,1,72,,5671,36,4,,1,31,,5672,36,4,,1,69,,5673,36,4,,1,32,,5674,36,4,,1,70,,5675,36,4,,1,29,,5676,36,4,,1,70,,5677,36,4,,1,31,,5678,36,4,,1,71,,5679,36,4,,1,34,,5680,36,4,,1,70,,5681,36,4,,1,30,,5682,36,4,,1,68,,5683,36,4,,1,32,,5684,36,4,,1,70,,5685,36,4,,1,31,,5686,36,4,,1,171,,5689,36,4,,1,30,,5690,36,4,,1,66,,5691,36,4,,1,28,,5692,36,4,,1,67,,5693,36,4,,1,99,,5694,36,4,,1,94,,5695,36,4,,1
2500,'CCFSAT',2009,,5708,36,4,,1
2500,'CCFSUN',2009,,5721,36,4,,1
2501,'WKDY',537,,5450,1,,,1,70,,5451,1,,,1,30,,5452,1,,,1,70,,5453,1,,,1,30,,5454,1,,,1,70,,5455,1,,,1,30,,5456,1,,,1,70,,5457,1,,,1,30,,5458,1,,,1,70,,5459,1,,,1,30,,5460,1,,,1,70,,5461,1,,,1,30,,5462,1,,,1,70,,5463,1,,,1,30,,5464,1,,,1,70,,5465,1,,,1,30,,5466,1,,,1,70,,5467,1,,,1,30,,5468,1,,,1,70,,5469,1,,,1,30,,5470,1,,,1,70,,5471,1,,,1,30,,5472,1,,,1,70,,5473,1,,,1,30,,5474,1,,,1,70,,5475,1,,,1,100,,5476,1,,,1,100,,5477,1,,,1
2501,'SAT',707,,5489,1,,,1,100,,5478,1,,,1,100,,5479,1,,,1,100,,5480,1,,,1,100,,5481,1,,,1,100,,5482,1,,,1,100,,5483,1,,,1,100,,5484,1,,,1,100,,5485,1,,,1,100,,5486,1,,,1,100,,5487,1,,,1,100,,5488,1,,,1,100,,5490,1,,,1
2501,'SUN',707,,5502,1,,,1,100,,5491,1,,,1,100,,5492,1,,,1,100,,5493,1,,,1,100,,5494,1,,,1,100,,5495,1,,,1,100,,5496,1,,,1,100,,5497,1,,,1,100,,5498,1,,,1,100,,5499,1,,,1,100,,5500,1,,,1,100,,5501,1,,,1,100,,5503,1,,,1
2501,'CCFWK',537,,5504,1,,,1,70,,5505,1,,,1,30,,5506,1,,,1,70,,5507,1,,,1,30,,5508,1,,,1,70,,5509,1,,,1,30,,5510,1,,,1,70,,5511,1,,,1,30,,5512,1,,,1,70,,5513,1,,,1,30,,5514,1,,,1,70,,5515,1,,,1,30,,5516,1,,,1,70,,5517,1,,,1,30,,5518,1,,,1,70,,5519,1,,,1,30,,5520,1,,,1,70,,5521,1,,,1,30,,5522,1,,,1,70,,5523,1,,,1,30,,5524,1,,,1,70,,5525,1,,,1,30,,5526,1,,,1,70,,5527,1,,,1,30,,5528,1,,,1,70,,5529,1,,,1,100,,5530,1,,,1,100,,5531,1,,,1
2501,'CCFFF',537,,5532,1,,,1,70,,5533,1,,,1,30,,5534,1,,,1,70,,5535,1,,,1,30,,5536,1,,,1,70,,5537,1,,,1,30,,5538,1,,,1,70,,5539,1,,,1,30,,5540,1,,,1,70,,5541,1,,,1,30,,5542,1,,,1,70,,5543,1,,,1,30,,5544,1,,,1,70,,5545,1,,,1,30,,5546,1,,,1,70,,5547,1,,,1,30,,5548,1,,,1,70,,5549,1,,,1,30,,5550,1,,,1,70,,5551,1,,,1,30,,5552,1,,,1,70,,5553,1,,,1,30,,5554,1,,,1,70,,5555,1,,,1,30,,5556,1,,,1,70,,5557,1,,,1,100,,5558,1,,,1,100,,5559,1,,,1
2501,'CCFSAT',707,,5571,1,,,1,100,,5560,1,,,1,100,,5561,1,,,1,100,,5562,1,,,1,100,,5563,1,,,1,100,,5564,1,,,1,100,,5565,1,,,1,100,,5566,1,,,1,100,,5567,1,,,1,100,,5568,1,,,1,100,,5569,1,,,1,100,,5570,1,,,1,100,,5572,1,,,1
2501,'CCFSUN',707,,5584,1,,,1,100,,5573,1,,,1,100,,5574,1,,,1,100,,5575,1,,,1,100,,5576,1,,,1,100,,5577,1,,,1,100,,5578,1,,,1,100,,5579,1,,,1,100,,5580,1,,,1,100,,5581,1,,,1,100,,5582,1,,,1,100,,5583,1,,,1,100,,5585,1,,,1
