2500,'WKDY',545,,5450,12,,,1,70,,5451,12,,,1,30,,5452,12,,,1,71,,5453,12,,,1,30,,5454,12,,,1,70,,5455,12,,,1,31,,5456,12,,,1,70,,5457,12,,,1,29,,5458,12,,,1,70,,5459,12,,,1,30,,5460,12,,,1,70,,5461,12,,,1,31,,5462,12,,,1,70,,5463,12,,,1,30,,5464,12,,,1,70,,5465,12,,,1,30,,5466,12,,,1,70,,5467,12,,,1,31,,5468,12,,,1,70,,5469,12,,,1,30,,5470,12,,,1,70,,5471,12,,,1,30,,5472,12,,,1,70,,5473,12,,,1,29,,5474,12,,,1,70,,5475,12,,,1,100,,5476,12,,,1,99,,5477,12,,,1
2500,'SAT',716,,5489,12,,,1,100,,5478,12,,,1,101,,5479,12,,,1,100,,5480,12,,,1,100,,5481,12,,,1,100,,5482,12,,,1,100,,5483,12,,,1,100,,5484,12,,,1,100,,5485,12,,,1,100,,5486,12,,,1,100,,5487,12,,,1,99,,5488,12,,,1,100,,5490,12,,,1
2500,'SUN',716,,5502,12,,,1,100,,5491,12,,,1,101,,5492,12,,,1,100,,5493,12,,,1,100,,5494,12,,,1,100,,5495,12,,,1,100,,5496,12,,,1,100,,5497,12,,,1,100,,5498,12,,,1,100,,5499,12,,,1,100,,5500,12,,,1,99,,5501,12,,,1,100,,5503,12,,,1
2500,'CCFWK',545,,5504,12,,,1,70,,5505,12,,,1,30,,5506,12,,,1,71,,5507,12,,,1,30,,5508,12,,,1,70,,5509,12,,,1,31,,5510,12,,,1,70,,5511,12,,,1,29,,5512,12,,,1,70,,5513,12,,,1,30,,5514,12,,,1,70,,5515,12,,,1,31,,5516,12,,,1,70,,5517,12,,,1,30,,5518,12,,,1,70,,5519,12,,,1,30,,5520,12,,,1,70,,5521,12,,,1,31,,5522,12,,,1,70,,5523,12,,,1,30,,5524,12,,,1,70,,5525,12,,,1,30,,5526,12,,,1,70,,5527,12,,,1,29,,5528,12,,,1,70,,5529,12,,,1,100,,5530,12,,,1,99,,5531,12,,,1
2500,'CCFFF',545,,5532,12,,,1,70,,5533,12,,,1,30,,5534,12,,,1,71,,5535,12,,,1,30,,5536,12,,,1,70,,5537,12,,,1,31,,5538,12,,,1,70,,5539,12,,,1,29,,5540,12,,,1,70,,5541,12,,,1,30,,5542,12,,,1,70,,5543,12,,,1,31,,5544,12,,,1,70,,5545,12,,,1,30,,5546,12,,,1,70,,5547,12,,,1,30,,5548,12,,,1,70,,5549,12,,,1,31,,5550,12,,,1,70,,5551,12,,,1,30,,5552,12,,,1,70,,5553,12,,,1,30,,5554,12,,,1,70,,5555,12,,,1,29,,5556,12,,,1,70,,5557,12,,,1,100,,5558,12,,,1,99,,5559,12,,,1
2500,'CCFSAT',716,,5571,12,,,1,100,,5560,12,,,1,101,,5561,12,,,1,100,,5562,12,,,1,100,,5563,12,,,1,100,,5564,12,,,1,100,,5565,12,,,1,100,,5566,12,,,1,100,,5567,12,,,1,100,,5568,12,,,1,100,,5569,12,,,1,99,,5570,12,,,1,100,,5572,12,,,1
2500,'CCFSUN',716,,5584,12,,,1,100,,5573,12,,,1,101,,5574,12,,,1,100,,5575,12,,,1,100,,5576,12,,,1,100,,5577,12,,,1,100,,5578,12,,,1,100,,5579,12,,,1,100,,5580,12,,,1,100,,5581,12,,,1,100,,5582,12,,,1,99,,5583,12,,,1,100,,5585,12,,,1
7800,'WKDY',529,,12122,15,,,1,96,,12123,15,,,1,30,,12124,15,,,1,71,,12125,15,,,1,30,,12126,15,,,1,70,,12127,15,,,1,30,,12128,15,,,1,70,,12129,15,,,1,30,,12147,15,,,1,70,,12130,15,,,1,30,,12148,15,,,1,70,,12131,15,,,1,31,,12149,15,,,1,70,,12132,15,,,1,31,,12150,15,,,1,70,,12133,15,,,1,30,,12145,15,,,1,70,,12134,15,,,1,30,,12146,15,,,1,70,,12135,15,,,1,72,,12136,15,,,1,33,,12137,15,,,1,70,,12138,15,,,1,30,,12139,15,,,1,69,,12140,15,,,1,25,,12141,15,,,1,99,,12142,15,,,1,99,,12143,15,,,1,100,,12144,15,,,1
7800,'SAT',826,,12151,15,,,1,100,,12152,15,,,1,100,,12153,15,,,1,101,,12154,15,,,1,100,,12155,15,,,1,100,,12156,15,,,1,100,,12157,15,,,1,100,,12158,15,,,1,100,,12159,15,,,1,100,,12160,15,,,1,100,,12161,15,,,1,99,,12162,15,,,1
7800,'SUN',826,,12163,15,,,1,100,,12164,15,,,1,100,,12165,15,,,1,101,,12166,15,,,1,100,,12167,15,,,1,100,,12168,15,,,1,100,,12169,15,,,1,100,,12170,15,,,1,100,,12171,15,,,1,100,,12172,15,,,1,100,,12173,15,,,1,99,,12174,15,,,1
7800,'CCFWK',529,,12175,15,,,1,96,,12176,15,,,1,30,,12177,15,,,1,71,,12178,15,,,1,30,,12179,15,,,1,70,,12180,15,,,1,30,,12181,15,,,1,70,,12182,15,,,1,30,,12200,15,,,1,70,,12183,15,,,1,30,,12201,15,,,1,70,,12184,15,,,1,31,,12202,15,,,1,70,,12185,15,,,1,31,,12203,15,,,1,70,,12186,15,,,1,30,,12198,15,,,1,70,,12187,15,,,1,30,,12199,15,,,1,70,,12188,15,,,1,72,,12189,15,,,1,33,,12190,15,,,1,70,,12191,15,,,1,30,,12192,15,,,1,69,,12193,15,,,1,25,,12194,15,,,1,99,,12195,15,,,1,99,,12196,15,,,1,100,,12197,15,,,1
7800,'CCFFF',529,,12204,15,,,1,96,,12205,15,,,1,30,,12206,15,,,1,71,,12207,15,,,1,30,,12208,15,,,1,70,,12209,15,,,1,30,,12210,15,,,1,70,,12211,15,,,1,30,,12229,15,,,1,70,,12212,15,,,1,30,,12230,15,,,1,70,,12213,15,,,1,31,,12231,15,,,1,70,,12214,15,,,1,31,,12232,15,,,1,70,,12215,15,,,1,30,,12227,15,,,1,70,,12216,15,,,1,30,,12228,15,,,1,70,,12217,15,,,1,72,,12218,15,,,1,33,,12219,15,,,1,70,,12220,15,,,1,30,,12221,15,,,1,69,,12222,15,,,1,25,,12223,15,,,1,99,,12224,15,,,1,99,,12225,15,,,1,100,,12226,15,,,1
7800,'CCFSAT',826,,12233,15,,,1,100,,12234,15,,,1,100,,12235,15,,,1,101,,12236,15,,,1,100,,12237,15,,,1,100,,12238,15,,,1,100,,12239,15,,,1,100,,12240,15,,,1,100,,12241,15,,,1,100,,12242,15,,,1,100,,12243,15,,,1,99,,12244,15,,,1
7800,'CCFSUN',826,,12245,15,,,1,100,,12246,15,,,1,100,,12247,15,,,1,101,,12248,15,,,1,100,,12249,15,,,1,100,,12250,15,,,1,100,,12251,15,,,1,100,,12252,15,,,1,100,,12253,15,,,1,100,,12254,15,,,1,100,,12255,15,,,1,99,,12256,15,,,1
