3100,'WKDY',542,,6231,5,,,1,71,,6232,5,,,1,30,,6233,5,,,1,70,,6234,5,,,1,31,,6235,5,,,1,72,,6236,5,,,1,30,,6237,5,,,1,68,,6238,5,,,1,31,,6239,5,,,1,70,,6240,5,,,1,30,,6241,5,,,1,70,,6242,5,,,1,32,,6243,5,,,1,70,,6244,5,,,1,30,,6245,5,,,1,70,,6246,5,,,1,30,,6247,5,,,1,70,,6248,5,,,1,32,,6249,5,,,1,70,,6250,5,,,1,30,,6251,5,,,1,70,,6252,5,,,1,28,,6253,5,,,1,68,,6254,5,,,1,30,,6255,5,,,1,70,,6256,5,,,1,29,,6257,5,,,1,70,,6258,5,,,1,100,,6259,5,,,1,97,,6260,5,,,1
3100,'SAT',848,,6261,5,,,1,80,,6262,5,,,1,80,,6263,5,,,1,40,,6264,5,,,1,81,,6265,5,,,1,80,,6266,5,,,1,40,,6267,5,,,1,80,,6268,5,,,1,80,,6269,5,,,1,40,,6270,5,,,1,80,,6271,5,,,1,80,,6272,5,,,1,40,,6273,5,,,1,80,,6274,5,,,1,80,,6275,5,,,1,39,,6276,5,,,1,80,,6277,5,,,1,80,,6278,5,,,1
3100,'SUN',848,,6279,5,,,1,100,,6280,5,,,1,100,,6281,5,,,1,101,,6282,5,,,1,100,,6283,5,,,1,100,,6284,5,,,1,100,,6285,5,,,1,100,,6286,5,,,1,100,,6287,5,,,1,99,,6288,5,,,1,100,,6289,5,,,1,100,,6290,5,,,1
3100,'CCFWK',542,,6291,5,,,1,71,,6292,5,,,1,30,,6293,5,,,1,70,,6294,5,,,1,31,,6295,5,,,1,72,,6296,5,,,1,30,,6297,5,,,1,68,,6298,5,,,1,31,,6299,5,,,1,70,,6300,5,,,1,30,,6301,5,,,1,70,,6302,5,,,1,32,,6303,5,,,1,70,,6304,5,,,1,30,,6305,5,,,1,70,,6306,5,,,1,30,,6307,5,,,1,70,,6308,5,,,1,32,,6309,5,,,1,70,,6310,5,,,1,30,,6311,5,,,1,70,,6312,5,,,1,28,,6313,5,,,1,68,,6314,5,,,1,30,,6315,5,,,1,70,,6316,5,,,1,29,,6317,5,,,1,70,,6318,5,,,1,100,,6319,5,,,1,97,,6320,5,,,1
3100,'CCFFF',542,,6321,5,,,1,71,,6322,5,,,1,30,,6323,5,,,1,70,,6324,5,,,1,31,,6325,5,,,1,72,,6326,5,,,1,30,,6327,5,,,1,68,,6328,5,,,1,31,,6329,5,,,1,70,,6330,5,,,1,30,,6331,5,,,1,70,,6332,5,,,1,32,,6333,5,,,1,70,,6334,5,,,1,30,,6335,5,,,1,70,,6336,5,,,1,30,,6337,5,,,1,70,,6338,5,,,1,32,,6339,5,,,1,70,,6340,5,,,1,30,,6341,5,,,1,70,,6342,5,,,1,28,,6343,5,,,1,68,,6344,5,,,1,30,,6345,5,,,1,70,,6346,5,,,1,29,,6347,5,,,1,70,,6348,5,,,1,100,,6349,5,,,1,97,,6350,5,,,1
3100,'CCFSAT',848,,6351,5,,,1,80,,6352,5,,,1,80,,6353,5,,,1,40,,6354,5,,,1,81,,6355,5,,,1,80,,6356,5,,,1,40,,6357,5,,,1,80,,6358,5,,,1,80,,6359,5,,,1,40,,6360,5,,,1,80,,6361,5,,,1,80,,6362,5,,,1,40,,6363,5,,,1,80,,6364,5,,,1,80,,6365,5,,,1,39,,6366,5,,,1,80,,6367,5,,,1,80,,6368,5,,,1
3100,'CCFSUN',848,,6369,5,,,1,100,,6370,5,,,1,100,,6371,5,,,1,101,,6372,5,,,1,100,,6373,5,,,1,100,,6374,5,,,1,100,,6375,5,,,1,100,,6376,5,,,1,100,,6377,5,,,1,99,,6378,5,,,1,100,,6379,5,,,1,100,,6380,5,,,1
7100,'WKDY',554,,10851,8,,,1,66,,10852,8,,,1,30,,10853,8,,,1,70,,10854,8,,,1,15,,10855,8,,,1,15,,10856,8,,,1,55,,10857,8,,,1,16,,10858,8,,,1,15,,10859,8,,,1,15,,10860,8,,,1,55,,10861,8,,,1,16,,10862,8,,,1,15,,10863,8,,,1,16,,10864,8,,,1,55,,10865,8,,,1,15,,10866,8,,,1,16,,10867,8,,,1,15,,10868,8,,,1,55,,10869,8,,,1,15,,10870,8,,,1,16,,10871,8,,,1,15,,10872,8,,,1,59,,10873,8,,,1,8,,10874,8,,,1,15,,10875,8,,,1,15,,10876,8,,,1,56,,10877,8,,,1,15,,10878,8,,,1,15,,10879,8,,,1,15,,10880,8,,,1,56,,10881,8,,,1,15,,10882,8,,,1,17,,10883,8,,,1,15,,10884,8,,,1,55,,10885,8,,,1,16,,10886,8,,,1,15,,10887,8,,,1,15,,10888,8,,,1,55,,10889,8,,,1,15,,10890,8,,,1,15,,10891,8,,,1,15,,10892,8,,,1,55,,10893,8,,,1,15,,10894,8,,,1,15,,10895,8,,,1,14,,10896,8,,,1,54,,10897,8,,,1,15,,10898,8,,,1,28,,10899,8,,,1,68,,10900,8,,,1,30,,10901,8,,,1,70,,10902,8,,,1,29,,10903,8,,,1,69,,10904,8,,,1,29,,10905,8,,,1,69,,10906,8,,,1,30,,10907,8,,,1,100,,10908,8,,,1
7100,'SAT',651,,10909,8,,,1,60,,10910,8,,,1,21,,10911,8,,,1,20,,10912,8,,,1,60,,10913,8,,,1,21,,10914,8,,,1,20,,10915,8,,,1,60,,10916,8,,,1,21,,10917,8,,,1,20,,10918,8,,,1,60,,10919,8,,,1,21,,10920,8,,,1,20,,10921,8,,,1,61,,10922,8,,,1,20,,10923,8,,,1,20,,10924,8,,,1,61,,10925,8,,,1,22,,10926,8,,,1,61,,10927,8,,,1,20,,10928,8,,,1,20,,10929,8,,,1,61,,10930,8,,,1,20,,10931,8,,,1,21,,10932,8,,,1,60,,10933,8,,,1,20,,10934,8,,,1,20,,10935,8,,,1,60,,10936,8,,,1,20,,10937,8,,,1,19,,10938,8,,,1,60,,10939,8,,,1,20,,10940,8,,,1,19,,10941,8,,,1,60,,10942,8,,,1,20,,10943,8,,,1,19,,10944,8,,,1,20,,10945,8,,,1,59,,10946,8,,,1,20,,10947,8,,,1,20,,10948,8,,,1,59,,10949,8,,,1,20,,10950,8,,,1,20,,10951,8,,,1,58,,10952,8,,,1,20,,10953,8,,,1,20,,10954,8,,,1,70,,10955,8,,,1,29,,10956,8,,,1,70,,10957,8,,,1
7100,'SUN',651,,10958,8,,,1,70,,10959,8,,,1,31,,10960,8,,,1,71,,10961,8,,,1,30,,10962,8,,,1,70,,10963,8,,,1,31,,10964,8,,,1,70,,10965,8,,,1,31,,10966,8,,,1,71,,10967,8,,,1,30,,10968,8,,,1,74,,10969,8,,,1,70,,10970,8,,,1,30,,10971,8,,,1,71,,10972,8,,,1,30,,10973,8,,,1,71,,10974,8,,,1,30,,10975,8,,,1,70,,10976,8,,,1,30,,10977,8,,,1,69,,10978,8,,,1,30,,10979,8,,,1,69,,10980,8,,,1,29,,10981,8,,,1,30,,10982,8,,,1,69,,10983,8,,,1,30,,10984,8,,,1,69,,10985,8,,,1,30,,10986,8,,,1,70,,10987,8,,,1,30,,10988,8,,,1,58,,10989,8,,,1,30,,10990,8,,,1,69,,10991,8,,,1
7100,'CCFWK',554,,10992,8,,,1,66,,10993,8,,,1,30,,10994,8,,,1,70,,10995,8,,,1,15,,10996,8,,,1,15,,10997,8,,,1,55,,10998,8,,,1,16,,10999,8,,,1,15,,11000,8,,,1,15,,11001,8,,,1,55,,11002,8,,,1,16,,11003,8,,,1,15,,11004,8,,,1,16,,11005,8,,,1,55,,11006,8,,,1,15,,11007,8,,,1,16,,11008,8,,,1,15,,11009,8,,,1,55,,11010,8,,,1,15,,11011,8,,,1,16,,11012,8,,,1,15,,11013,8,,,1,59,,11014,8,,,1,8,,11015,8,,,1,15,,11016,8,,,1,15,,11017,8,,,1,56,,11018,8,,,1,15,,11019,8,,,1,15,,11020,8,,,1,15,,11021,8,,,1,56,,11022,8,,,1,15,,11023,8,,,1,17,,11024,8,,,1,15,,11025,8,,,1,55,,11026,8,,,1,16,,11027,8,,,1,15,,11028,8,,,1,15,,11029,8,,,1,55,,11030,8,,,1,15,,11031,8,,,1,15,,11032,8,,,1,15,,11033,8,,,1,55,,11034,8,,,1,15,,11035,8,,,1,15,,11036,8,,,1,14,,11037,8,,,1,54,,11038,8,,,1,15,,11039,8,,,1,28,,11040,8,,,1,68,,11041,8,,,1,30,,11042,8,,,1,70,,11043,8,,,1,29,,11044,8,,,1,69,,11045,8,,,1,29,,11046,8,,,1,69,,11047,8,,,1,30,,11048,8,,,1,100,,11049,8,,,1
7100,'CCFFF',554,,11050,8,,,1,66,,11051,8,,,1,30,,11052,8,,,1,70,,11053,8,,,1,15,,11054,8,,,1,15,,11055,8,,,1,55,,11056,8,,,1,16,,11057,8,,,1,15,,11058,8,,,1,15,,11059,8,,,1,55,,11060,8,,,1,16,,11061,8,,,1,15,,11062,8,,,1,16,,11063,8,,,1,55,,11064,8,,,1,15,,11065,8,,,1,16,,11066,8,,,1,15,,11067,8,,,1,55,,11068,8,,,1,15,,11069,8,,,1,16,,11070,8,,,1,15,,11071,8,,,1,59,,11072,8,,,1,8,,11073,8,,,1,15,,11074,8,,,1,15,,11075,8,,,1,56,,11076,8,,,1,15,,11077,8,,,1,15,,11078,8,,,1,15,,11079,8,,,1,56,,11080,8,,,1,15,,11081,8,,,1,17,,11082,8,,,1,15,,11083,8,,,1,55,,11084,8,,,1,16,,11085,8,,,1,15,,11086,8,,,1,15,,11087,8,,,1,55,,11088,8,,,1,15,,11089,8,,,1,15,,11090,8,,,1,15,,11091,8,,,1,55,,11092,8,,,1,15,,11093,8,,,1,15,,11094,8,,,1,14,,11095,8,,,1,54,,11096,8,,,1,15,,11097,8,,,1,28,,11098,8,,,1,68,,11099,8,,,1,30,,11100,8,,,1,70,,11101,8,,,1,29,,11102,8,,,1,69,,11103,8,,,1,29,,11104,8,,,1,69,,11105,8,,,1,30,,11106,8,,,1,100,,11107,8,,,1
7100,'CCFSAT',651,,11108,8,,,1,60,,11109,8,,,1,21,,11110,8,,,1,20,,11111,8,,,1,60,,11112,8,,,1,21,,11113,8,,,1,20,,11114,8,,,1,60,,11115,8,,,1,21,,11116,8,,,1,20,,11117,8,,,1,60,,11118,8,,,1,21,,11119,8,,,1,20,,11120,8,,,1,61,,11121,8,,,1,20,,11122,8,,,1,20,,11123,8,,,1,61,,11124,8,,,1,22,,11125,8,,,1,61,,11126,8,,,1,20,,11127,8,,,1,20,,11128,8,,,1,61,,11129,8,,,1,20,,11130,8,,,1,21,,11131,8,,,1,60,,11132,8,,,1,20,,11133,8,,,1,20,,11134,8,,,1,60,,11135,8,,,1,20,,11136,8,,,1,19,,11137,8,,,1,60,,11138,8,,,1,20,,11139,8,,,1,19,,11140,8,,,1,60,,11141,8,,,1,20,,11142,8,,,1,19,,11143,8,,,1,20,,11144,8,,,1,59,,11145,8,,,1,20,,11146,8,,,1,20,,11147,8,,,1,59,,11148,8,,,1,20,,11149,8,,,1,20,,11150,8,,,1,58,,11151,8,,,1,20,,11152,8,,,1,20,,11153,8,,,1,70,,11154,8,,,1,29,,11155,8,,,1,70,,11156,8,,,1
7100,'CCFSUN',651,,11157,8,,,1,70,,11158,8,,,1,31,,11159,8,,,1,71,,11160,8,,,1,30,,11161,8,,,1,70,,11162,8,,,1,31,,11163,8,,,1,70,,11164,8,,,1,31,,11165,8,,,1,71,,11166,8,,,1,30,,11167,8,,,1,74,,11168,8,,,1,70,,11169,8,,,1,30,,11170,8,,,1,71,,11171,8,,,1,30,,11172,8,,,1,71,,11173,8,,,1,30,,11174,8,,,1,70,,11175,8,,,1,30,,11176,8,,,1,69,,11177,8,,,1,30,,11178,8,,,1,69,,11179,8,,,1,29,,11180,8,,,1,30,,11181,8,,,1,69,,11182,8,,,1,30,,11183,8,,,1,69,,11184,8,,,1,30,,11185,8,,,1,70,,11186,8,,,1,30,,11187,8,,,1,58,,11188,8,,,1,30,,11189,8,,,1,69,,11190,8,,,1
