700,'WKDY',550,,4506,10,,,1,107,,4507,10,,,1,68,,4508,10,,,1,30,,4509,10,,,1,70,,4510,10,,,1,30,,4511,10,,,1,69,,4512,10,,,1,30,,4513,10,,,1,70,,4514,10,,,1,30,,4515,10,,,1,70,,4516,10,,,1,31,,4517,10,,,1,71,,4518,10,,,1,30,,4519,10,,,1,70,,4520,10,,,1,30,,4521,10,,,1,71,,4522,10,,,1,30,,4523,10,,,1,70,,4524,10,,,1,30,,4525,10,,,1,70,,4526,10,,,1,30,,4527,10,,,1,70,,4528,10,,,1,29,,4529,10,,,1,70,,4530,10,,,1,29,,4531,10,,,1,69,,4532,10,,,1,100,,4533,10,,,1,100,,4534,10,,,1
700,'SAT',653,,4546,10,,,1,100,,4547,10,,,1,100,,4535,10,,,1,101,,4536,10,,,1,100,,4537,10,,,1,100,,4538,10,,,1,101,,4539,10,,,1,100,,4540,10,,,1,100,,4541,10,,,1,100,,4542,10,,,1,100,,4543,10,,,1,100,,4544,10,,,1,99,,4545,10,,,1,100,,4548,10,,,1,100,,4549,10,,,1
700,'SUN',653,,4561,10,,,1,100,,4562,10,,,1,100,,4550,10,,,1,101,,4551,10,,,1,100,,4552,10,,,1,100,,4553,10,,,1,101,,4554,10,,,1,100,,4555,10,,,1,100,,4556,10,,,1,100,,4557,10,,,1,100,,4558,10,,,1,100,,4559,10,,,1,99,,4560,10,,,1,100,,4563,10,,,1,100,,4564,10,,,1
700,'CCFWK',550,,4565,10,,,1,107,,4566,10,,,1,68,,4567,10,,,1,30,,4568,10,,,1,70,,4569,10,,,1,30,,4570,10,,,1,69,,4571,10,,,1,30,,4572,10,,,1,70,,4573,10,,,1,30,,4574,10,,,1,70,,4575,10,,,1,31,,4576,10,,,1,71,,4577,10,,,1,30,,4578,10,,,1,70,,4579,10,,,1,30,,4580,10,,,1,71,,4581,10,,,1,30,,4582,10,,,1,70,,4583,10,,,1,30,,4584,10,,,1,70,,4585,10,,,1,30,,4586,10,,,1,70,,4587,10,,,1,29,,4588,10,,,1,70,,4589,10,,,1,29,,4590,10,,,1,69,,4591,10,,,1,100,,4592,10,,,1,100,,4593,10,,,1
700,'CCFFF',550,,4594,10,,,1,107,,4595,10,,,1,68,,4596,10,,,1,30,,4597,10,,,1,70,,4598,10,,,1,30,,4599,10,,,1,69,,4600,10,,,1,30,,4601,10,,,1,70,,4602,10,,,1,30,,4603,10,,,1,70,,4604,10,,,1,31,,4605,10,,,1,71,,4606,10,,,1,30,,4607,10,,,1,70,,4608,10,,,1,30,,4609,10,,,1,71,,4610,10,,,1,30,,4611,10,,,1,70,,4612,10,,,1,30,,4613,10,,,1,70,,4614,10,,,1,30,,4615,10,,,1,70,,4616,10,,,1,29,,4617,10,,,1,70,,4618,10,,,1,29,,4619,10,,,1,69,,4620,10,,,1,100,,4621,10,,,1,100,,4622,10,,,1
700,'CCFSAT',653,,4634,10,,,1,100,,4635,10,,,1,100,,4623,10,,,1,101,,4624,10,,,1,100,,4625,10,,,1,100,,4626,10,,,1,101,,4627,10,,,1,100,,4628,10,,,1,100,,4629,10,,,1,100,,4630,10,,,1,100,,4631,10,,,1,100,,4632,10,,,1,99,,4633,10,,,1,100,,4636,10,,,1,100,,4637,10,,,1
700,'CCFSUN',653,,4649,10,,,1,100,,4650,10,,,1,100,,4638,10,,,1,101,,4639,10,,,1,100,,4640,10,,,1,100,,4641,10,,,1,101,,4642,10,,,1,100,,4643,10,,,1,100,,4644,10,,,1,100,,4645,10,,,1,100,,4646,10,,,1,100,,4647,10,,,1,99,,4648,10,,,1,100,,4651,10,,,1,100,,4652,10,,,1
7200,'WKDY',509,,11673,13,,,1,49,,11674,13,,,1,70,,11675,13,,,1,30,,11676,13,,,1,71,,11677,13,,,1,30,,11678,13,,,1,70,,11679,13,,,1,30,,11680,13,,,1,70,,11697,13,,,1,30,,11681,13,,,1,70,,11698,13,,,1,30,,11682,13,,,1,70,,11699,13,,,1,30,,11683,13,,,1,70,,11700,13,,,1,30,,11684,13,,,1,70,,11701,13,,,1,30,,11685,13,,,1,70,,11702,13,,,1,30,,11686,13,,,1,71,,11687,13,,,1,70,,11688,13,,,1,30,,11689,13,,,1,70,,11690,13,,,1,30,,11691,13,,,1,29,,11692,13,,,1,70,,11693,13,,,1,30,,11694,13,,,1,100,,11695,13,,,1,150,,11696,13,,,1
7200,'SAT',729,,11703,13,,,1,100,,11704,13,,,1,100,,11705,13,,,1,100,,11706,13,,,1,100,,11707,13,,,1,100,,11708,13,,,1,101,,11709,13,,,1,100,,11710,13,,,1,100,,11711,13,,,1,100,,11712,13,,,1,100,,11713,13,,,1,100,,11714,13,,,1,99,,11715,13,,,1
7200,'SUN',729,,11716,13,,,1,100,,11717,13,,,1,100,,11718,13,,,1,100,,11719,13,,,1,100,,11720,13,,,1,100,,11721,13,,,1,101,,11722,13,,,1,100,,11723,13,,,1,100,,11724,13,,,1,100,,11725,13,,,1,100,,11726,13,,,1,100,,11727,13,,,1,99,,11728,13,,,1
7200,'CCFWK',509,,11729,13,,,1,49,,11730,13,,,1,70,,11731,13,,,1,30,,11732,13,,,1,71,,11733,13,,,1,30,,11734,13,,,1,70,,11735,13,,,1,30,,11736,13,,,1,70,,11753,13,,,1,30,,11737,13,,,1,70,,11754,13,,,1,30,,11738,13,,,1,70,,11755,13,,,1,30,,11739,13,,,1,70,,11756,13,,,1,30,,11740,13,,,1,70,,11757,13,,,1,30,,11741,13,,,1,70,,11758,13,,,1,30,,11742,13,,,1,71,,11743,13,,,1,70,,11744,13,,,1,30,,11745,13,,,1,70,,11746,13,,,1,30,,11747,13,,,1,29,,11748,13,,,1,70,,11749,13,,,1,30,,11750,13,,,1,100,,11751,13,,,1,150,,11752,13,,,1
7200,'CCFFF',509,,11759,13,,,1,49,,11760,13,,,1,70,,11761,13,,,1,30,,11762,13,,,1,71,,11763,13,,,1,30,,11764,13,,,1,70,,11765,13,,,1,30,,11766,13,,,1,70,,11783,13,,,1,30,,11767,13,,,1,70,,11784,13,,,1,30,,11768,13,,,1,70,,11785,13,,,1,30,,11769,13,,,1,70,,11786,13,,,1,30,,11770,13,,,1,70,,11787,13,,,1,30,,11771,13,,,1,70,,11788,13,,,1,30,,11772,13,,,1,71,,11773,13,,,1,70,,11774,13,,,1,30,,11775,13,,,1,70,,11776,13,,,1,30,,11777,13,,,1,29,,11778,13,,,1,70,,11779,13,,,1,30,,11780,13,,,1,100,,11781,13,,,1,150,,11782,13,,,1
7200,'CCFSAT',729,,11789,13,,,1,100,,11790,13,,,1,100,,11791,13,,,1,100,,11792,13,,,1,100,,11793,13,,,1,100,,11794,13,,,1,101,,11795,13,,,1,100,,11796,13,,,1,100,,11797,13,,,1,100,,11798,13,,,1,100,,11799,13,,,1,100,,11800,13,,,1,99,,11801,13,,,1
7200,'CCFSUN',729,,11802,13,,,1,100,,11803,13,,,1,100,,11804,13,,,1,100,,11805,13,,,1,100,,11806,13,,,1,100,,11807,13,,,1,101,,11808,13,,,1,100,,11809,13,,,1,100,,11810,13,,,1,100,,11811,13,,,1,100,,11812,13,,,1,100,,11813,13,,,1,99,,11814,13,,,1
