701,'WKDY',641,,4653,23,,,1,61,,4682,23,,,1,54,,4654,23,,,1,71,,4655,23,,,1,27,,4656,23,,,1,69,,4657,23,,,1,31,,4658,23,,,1,68,,4659,23,,,1,30,,4660,23,,,1,70,,4661,23,,,1,30,,4662,23,,,1,70,,4663,23,,,1,32,,4664,23,,,1,71,,4665,23,,,1,33,,4666,23,,,1,71,,4667,23,,,1,30,,4668,23,,,1,71,,4669,23,,,1,71,,4670,23,,,1,30,,4671,23,,,1,70,,4672,23,,,1,28,,4673,23,,,1,30,,4674,23,,,1,69,,4675,23,,,1,27,,4676,23,,,1,68,,4677,23,,,1,29,,4678,23,,,1,67,,4679,23,,,1,100,,4680,23,,,1,100,,4681,23,,,1
701,'SAT',745,,4694,23,,,1,100,,4695,23,,,1,101,,4683,23,,,1,105,,4684,23,,,1,102,,4685,23,,,1,100,,4686,23,,,1,101,,4687,23,,,1,100,,4688,23,,,1,99,,4689,23,,,1,99,,4690,23,,,1,99,,4691,23,,,1,99,,4692,23,,,1,97,,4693,23,,,1,100,,4696,23,,,1,100,,4697,23,,,1
701,'SUN',745,,4709,23,,,1,100,,4710,23,,,1,101,,4698,23,,,1,105,,4699,23,,,1,102,,4700,23,,,1,100,,4701,23,,,1,101,,4702,23,,,1,100,,4703,23,,,1,99,,4704,23,,,1,99,,4705,23,,,1,99,,4706,23,,,1,99,,4707,23,,,1,97,,4708,23,,,1,100,,4711,23,,,1,100,,4712,23,,,1
701,'CCFWK',641,,4713,23,,,1,61,,4742,23,,,1,54,,4714,23,,,1,71,,4715,23,,,1,27,,4716,23,,,1,69,,4717,23,,,1,31,,4718,23,,,1,68,,4719,23,,,1,30,,4720,23,,,1,70,,4721,23,,,1,30,,4722,23,,,1,70,,4723,23,,,1,32,,4724,23,,,1,71,,4725,23,,,1,33,,4726,23,,,1,71,,4727,23,,,1,30,,4728,23,,,1,71,,4729,23,,,1,71,,4730,23,,,1,30,,4731,23,,,1,70,,4732,23,,,1,28,,4733,23,,,1,30,,4734,23,,,1,69,,4735,23,,,1,27,,4736,23,,,1,68,,4737,23,,,1,29,,4738,23,,,1,67,,4739,23,,,1,100,,4740,23,,,1,100,,4741,23,,,1
701,'CCFFF',641,,4743,23,,,1,61,,4772,23,,,1,54,,4744,23,,,1,71,,4745,23,,,1,27,,4746,23,,,1,69,,4747,23,,,1,31,,4748,23,,,1,68,,4749,23,,,1,30,,4750,23,,,1,70,,4751,23,,,1,30,,4752,23,,,1,70,,4753,23,,,1,32,,4754,23,,,1,71,,4755,23,,,1,33,,4756,23,,,1,71,,4757,23,,,1,30,,4758,23,,,1,71,,4759,23,,,1,71,,4760,23,,,1,30,,4761,23,,,1,70,,4762,23,,,1,28,,4763,23,,,1,30,,4764,23,,,1,69,,4765,23,,,1,27,,4766,23,,,1,68,,4767,23,,,1,29,,4768,23,,,1,67,,4769,23,,,1,100,,4770,23,,,1,100,,4771,23,,,1
701,'CCFSAT',745,,4784,23,,,1,100,,4785,23,,,1,101,,4773,23,,,1,105,,4774,23,,,1,102,,4775,23,,,1,100,,4776,23,,,1,101,,4777,23,,,1,100,,4778,23,,,1,99,,4779,23,,,1,99,,4780,23,,,1,99,,4781,23,,,1,99,,4782,23,,,1,97,,4783,23,,,1,100,,4786,23,,,1,100,,4787,23,,,1
701,'CCFSUN',745,,4799,23,,,1,100,,4800,23,,,1,101,,4788,23,,,1,105,,4789,23,,,1,102,,4790,23,,,1,100,,4791,23,,,1,101,,4792,23,,,1,100,,4793,23,,,1,99,,4794,23,,,1,99,,4795,23,,,1,99,,4796,23,,,1,99,,4797,23,,,1,97,,4798,23,,,1,100,,4801,23,,,1,100,,4802,23,,,1
7401,'WKDY',533,,11970,22,,,1,100,,11971,22,,,1,70,,11999,22,,,1,30,,11972,22,,,1,71,,12000,22,,,1,29,,11973,22,,,1,69,,11974,22,,,1,30,,11975,22,,,1,70,,11976,22,,,1,30,,11977,22,,,1,70,,11978,22,,,1,31,,11979,22,,,1,71,,11980,22,,,1,30,,11981,22,,,1,71,,11982,22,,,1,30,,11983,22,,,1,70,,11984,22,,,1,29,,11985,22,,,1,69,,11986,22,,,1,30,,11987,22,,,1,70,,11988,22,,,1,30,,11989,22,,,1,70,,11990,22,,,1,30,,11991,22,,,1,71,,11992,22,,,1,30,,11993,22,,,1,70,,11994,22,,,1,28,,11995,22,,,1,71,,11997,22,,,1,30,,12001,22,,,1,70,,11996,22,,,1,99,,11998,22,,,1
7401,'SAT',812,,12002,22,,,1,100,,12003,22,,,1,99,,12004,22,,,1,100,,12005,22,,,1,100,,12006,22,,,1,100,,12007,22,,,1,100,,12008,22,,,1,100,,12009,22,,,1,100,,12010,22,,,1,100,,12011,22,,,1,100,,12012,22,,,1,100,,12013,22,,,1,100,,12014,22,,,1,101,,12015,22,,,1
7401,'SUN',812,,12016,22,,,1,100,,12017,22,,,1,99,,12018,22,,,1,100,,12019,22,,,1,100,,12020,22,,,1,100,,12021,22,,,1,100,,12022,22,,,1,100,,12023,22,,,1,100,,12024,22,,,1,100,,12025,22,,,1,100,,12026,22,,,1,100,,12027,22,,,1,100,,12028,22,,,1,101,,12029,22,,,1
7401,'CCFWK',533,,12030,22,,,1,100,,12031,22,,,1,70,,12059,22,,,1,30,,12032,22,,,1,71,,12060,22,,,1,29,,12033,22,,,1,69,,12034,22,,,1,30,,12035,22,,,1,70,,12036,22,,,1,30,,12037,22,,,1,70,,12038,22,,,1,31,,12039,22,,,1,71,,12040,22,,,1,30,,12041,22,,,1,71,,12042,22,,,1,30,,12043,22,,,1,70,,12044,22,,,1,29,,12045,22,,,1,69,,12046,22,,,1,30,,12047,22,,,1,70,,12048,22,,,1,30,,12049,22,,,1,70,,12050,22,,,1,30,,12051,22,,,1,71,,12052,22,,,1,30,,12053,22,,,1,70,,12054,22,,,1,28,,12055,22,,,1,71,,12057,22,,,1,30,,12061,22,,,1,70,,12056,22,,,1,99,,12058,22,,,1
7401,'CCFFF',533,,12062,22,,,1,100,,12063,22,,,1,70,,12091,22,,,1,30,,12064,22,,,1,71,,12092,22,,,1,29,,12065,22,,,1,69,,12066,22,,,1,30,,12067,22,,,1,70,,12068,22,,,1,30,,12069,22,,,1,70,,12070,22,,,1,31,,12071,22,,,1,71,,12072,22,,,1,30,,12073,22,,,1,71,,12074,22,,,1,30,,12075,22,,,1,70,,12076,22,,,1,29,,12077,22,,,1,69,,12078,22,,,1,30,,12079,22,,,1,70,,12080,22,,,1,30,,12081,22,,,1,70,,12082,22,,,1,30,,12083,22,,,1,71,,12084,22,,,1,30,,12085,22,,,1,70,,12086,22,,,1,28,,12087,22,,,1,71,,12089,22,,,1,30,,12093,22,,,1,70,,12088,22,,,1,99,,12090,22,,,1
7401,'CCFSAT',812,,12094,22,,,1,100,,12095,22,,,1,99,,12096,22,,,1,100,,12097,22,,,1,100,,12098,22,,,1,100,,12099,22,,,1,100,,12100,22,,,1,100,,12101,22,,,1,100,,12102,22,,,1,100,,12103,22,,,1,100,,12104,22,,,1,100,,12105,22,,,1,100,,12106,22,,,1,101,,12107,22,,,1
7401,'CCFSUN',812,,12108,22,,,1,100,,12109,22,,,1,99,,12110,22,,,1,100,,12111,22,,,1,100,,12112,22,,,1,100,,12113,22,,,1,100,,12114,22,,,1,100,,12115,22,,,1,100,,12116,22,,,1,100,,12117,22,,,1,100,,12118,22,,,1,100,,12119,22,,,1,100,,12120,22,,,1,101,,12121,22,,,1
