4100,'WKDY',704,,7188,12,,,1,30,,7192,12,,,1,82,,7189,12,0,10 11 12,1,988,,7190,12,0,10 11 12,1,27,,7191,12,0,10 11 12,1
4100,'CCFWK',704,,7193,12,,,1,30,,7197,12,,,1,82,,7194,12,0,10 11 12,1,988,,7195,12,0,10 11 12,1,27,,7196,12,0,10 11 12,1
4100,'CCFFF',704,,7198,12,,,1,30,,7202,12,,,1,82,,7199,12,0,10 11 12,1,988,,7200,12,0,10 11 12,1,27,,7201,12,0,10 11 12,1
9201,'WKDY',606,,12965,25,,,1,30,,12966,25,,,1,70,,12967,25,,,1,30,,12968,25,,,1,71,,12969,25,,,1,31,,12970,25,,,1,70,,12971,25,,,1,30,,12972,25,,,1,70,,12973,25,,,1,30,,12974,25,,,1,70,,12975,25,,,1,30,,12976,25,,,1,70,,12977,25,,,1,30,,12978,25,,,1,71,,12979,25,,,1,31,,12980,25,,,1,70,,12981,25,,,1,31,,12982,25,,,1,70,,12983,25,,,1,31,,12984,25,,,1,70,,12985,25,,,1,30,,12986,25,,,1,68,,12987,25,,,1,29,,12988,25,,,1,70,,12989,25,,,1,30,,12990,25,,,1,69,,12991,25,,,1,30,,12992,25,,,1,67,,12993,25,,,1,100,,12994,25,,,1,100,,12995,25,,,1
9201,'SAT',751,,12996,25,,,1,100,,12997,25,,,1,100,,12998,25,,,1,101,,12999,25,,,1,101,,13000,25,,,1,100,,13001,25,,,1,100,,13002,25,,,1,99,,13003,25,,,1,100,,13004,25,,,1,100,,13005,25,,,1,100,,13006,25,,,1,98,,13007,25,,,1,100,,13008,25,,,1,100,,13009,25,,,1,100,,13010,25,,,1
9201,'SUN',751,,13011,25,,,1,100,,13012,25,,,1,100,,13013,25,,,1,101,,13014,25,,,1,101,,13015,25,,,1,100,,13016,25,,,1,100,,13017,25,,,1,99,,13018,25,,,1,100,,13019,25,,,1,100,,13020,25,,,1,100,,13021,25,,,1,98,,13022,25,,,1,100,,13023,25,,,1,100,,13024,25,,,1,100,,13025,25,,,1
9201,'CCFWK',606,,13026,25,,,1,30,,13027,25,,,1,70,,13028,25,,,1,30,,13029,25,,,1,71,,13030,25,,,1,31,,13031,25,,,1,70,,13032,25,,,1,30,,13033,25,,,1,70,,13034,25,,,1,30,,13035,25,,,1,70,,13036,25,,,1,30,,13037,25,,,1,70,,13038,25,,,1,30,,13039,25,,,1,71,,13040,25,,,1,31,,13041,25,,,1,70,,13042,25,,,1,31,,13043,25,,,1,70,,13044,25,,,1,31,,13045,25,,,1,70,,13046,25,,,1,30,,13047,25,,,1,68,,13048,25,,,1,29,,13049,25,,,1,70,,13050,25,,,1,30,,13051,25,,,1,69,,13052,25,,,1,30,,13053,25,,,1,67,,13054,25,,,1,100,,13055,25,,,1,100,,13056,25,,,1
9201,'CCFFF',606,,13057,25,,,1,30,,13058,25,,,1,70,,13059,25,,,1,30,,13060,25,,,1,71,,13061,25,,,1,31,,13062,25,,,1,70,,13063,25,,,1,30,,13064,25,,,1,70,,13065,25,,,1,30,,13066,25,,,1,70,,13067,25,,,1,30,,13068,25,,,1,70,,13069,25,,,1,30,,13070,25,,,1,71,,13071,25,,,1,31,,13072,25,,,1,70,,13073,25,,,1,31,,13074,25,,,1,70,,13075,25,,,1,31,,13076,25,,,1,70,,13077,25,,,1,30,,13078,25,,,1,68,,13079,25,,,1,29,,13080,25,,,1,70,,13081,25,,,1,30,,13082,25,,,1,69,,13083,25,,,1,30,,13084,25,,,1,67,,13085,25,,,1,100,,13086,25,,,1,100,,13087,25,,,1
9201,'CCFSAT',751,,13088,25,,,1,100,,13089,25,,,1,100,,13090,25,,,1,101,,13091,25,,,1,101,,13092,25,,,1,100,,13093,25,,,1,100,,13094,25,,,1,99,,13095,25,,,1,100,,13096,25,,,1,100,,13097,25,,,1,100,,13098,25,,,1,98,,13099,25,,,1,100,,13100,25,,,1,100,,13101,25,,,1,100,,13102,25,,,1
9201,'CCFSUN',751,,13103,25,,,1,100,,13104,25,,,1,100,,13105,25,,,1,101,,13106,25,,,1,101,,13107,25,,,1,100,,13108,25,,,1,100,,13109,25,,,1,99,,13110,25,,,1,100,,13111,25,,,1,100,,13112,25,,,1,100,,13113,25,,,1,98,,13114,25,,,1,100,,13115,25,,,1,100,,13116,25,,,1,100,,13117,25,,,1
