3401,'WKDY',526,,6929,10,4,,1,30,,6930,10,4,,1,70,,6931,10,4,,1,30,,6932,10,4,,1,70,,6933,10,4,,1,30,,6934,10,4,,1,70,,6935,10,4,,1,30,,6936,10,4,,1,70,,6937,10,4,,1,30,,6938,10,4,,1,70,,6939,10,4,,1,30,,6940,10,4,,1,70,,6941,10,4,,1,30,,6942,10,4,,1,70,,6943,10,4,,1,30,,6944,10,4,,1,70,,6945,10,4,,1,30,,6946,10,4,,1,70,,6947,10,4,,1,30,,6948,10,4,,1,70,,6949,10,4,,1,30,,6950,10,4,,1,70,,6951,10,4,,1,30,,6952,10,4,,1,70,,6953,10,4,,1,30,,6954,10,4,,1,70,,6955,10,4,,1,30,,6956,10,4,,1,70,,6957,10,4,,1,30,,6958,10,4,,1,100,,6960,10,4,,1
3401,'SAT',804,,6968,10,4,,1,101,,6970,10,4,,1,100,,6972,10,4,,1,100,,6974,10,4,,1,100,,6976,10,4,,1,100,,6978,10,4,,1,100,,6980,10,4,,1,100,,6982,10,4,,1,100,,6984,10,4,,1,100,,6986,10,4,,1,100,,6988,10,4,,1,100,,6990,10,4,,1,100,,6992,10,4,,1,100,,6994,10,4,,1
3401,'SUN',804,,7002,10,4,,1,101,,7004,10,4,,1,100,,7006,10,4,,1,100,,7008,10,4,,1,100,,7010,10,4,,1,100,,7012,10,4,,1,100,,7014,10,4,,1,100,,7016,10,4,,1,100,,7018,10,4,,1,100,,7020,10,4,,1,100,,7022,10,4,,1,100,,7024,10,4,,1,100,,7026,10,4,,1,100,,7028,10,4,,1
3401,'CCFWK',526,,7035,10,4,,1,30,,7036,10,4,,1,70,,7037,10,4,,1,30,,7038,10,4,,1,70,,7039,10,4,,1,30,,7040,10,4,,1,70,,7041,10,4,,1,30,,7042,10,4,,1,70,,7043,10,4,,1,30,,7044,10,4,,1,70,,7045,10,4,,1,30,,7046,10,4,,1,70,,7047,10,4,,1,30,,7048,10,4,,1,70,,7049,10,4,,1,30,,7050,10,4,,1,70,,7051,10,4,,1,30,,7052,10,4,,1,70,,7053,10,4,,1,30,,7054,10,4,,1,70,,7055,10,4,,1,30,,7056,10,4,,1,70,,7057,10,4,,1,30,,7058,10,4,,1,70,,7059,10,4,,1,30,,7060,10,4,,1,70,,7061,10,4,,1,30,,7062,10,4,,1,70,,7063,10,4,,1,30,,7064,10,4,,1,100,,7066,10,4,,1
3401,'CCFFF',526,,7073,10,4,,1,30,,7074,10,4,,1,70,,7075,10,4,,1,30,,7076,10,4,,1,70,,7077,10,4,,1,30,,7078,10,4,,1,70,,7079,10,4,,1,30,,7080,10,4,,1,70,,7081,10,4,,1,30,,7082,10,4,,1,70,,7083,10,4,,1,30,,7084,10,4,,1,70,,7085,10,4,,1,30,,7086,10,4,,1,70,,7087,10,4,,1,30,,7088,10,4,,1,70,,7089,10,4,,1,30,,7090,10,4,,1,70,,7091,10,4,,1,30,,7092,10,4,,1,70,,7093,10,4,,1,30,,7094,10,4,,1,70,,7095,10,4,,1,30,,7096,10,4,,1,70,,7097,10,4,,1,30,,7098,10,4,,1,70,,7099,10,4,,1,30,,7100,10,4,,1,70,,7101,10,4,,1,30,,7102,10,4,,1,100,,7104,10,4,,1
3401,'CCFSAT',804,,7112,10,4,,1,101,,7114,10,4,,1,100,,7116,10,4,,1,100,,7118,10,4,,1,100,,7120,10,4,,1,100,,7122,10,4,,1,100,,7124,10,4,,1,100,,7126,10,4,,1,100,,7128,10,4,,1,100,,7130,10,4,,1,100,,7132,10,4,,1,100,,7134,10,4,,1,100,,7136,10,4,,1,100,,7138,10,4,,1
3401,'CCFSUN',804,,7146,10,4,,1,101,,7148,10,4,,1,100,,7150,10,4,,1,100,,7152,10,4,,1,100,,7154,10,4,,1,100,,7156,10,4,,1,100,,7158,10,4,,1,100,,7160,10,4,,1,100,,7162,10,4,,1,100,,7164,10,4,,1,100,,7166,10,4,,1,100,,7168,10,4,,1,100,,7170,10,4,,1,100,,7172,10,4,,1
9200,'WKDY',528,,12812,1,,,1,30,,12813,1,,,1,70,,12814,1,,,1,30,,12815,1,,,1,69,,12816,1,,,1,31,,12817,1,,,1,70,,12818,1,,,1,30,,12819,1,,,1,70,,12820,1,,,1,30,,12821,1,,,1,70,,12822,1,,,1,30,,12823,1,,,1,70,,12824,1,,,1,30,,12825,1,,,1,71,,12826,1,,,1,30,,12827,1,,,1,70,,12828,1,,,1,30,,12829,1,,,1,69,,12830,1,,,1,31,,12831,1,,,1,70,,12832,1,,,1,30,,12833,1,,,1,70,,12834,1,,,1,29,,12835,1,,,1,70,,12836,1,,,1,30,,12837,1,,,1,70,,12838,1,,,1,31,,12839,1,,,1,69,,12840,1,,,1,100,,12841,1,,,1,100,,12842,1,,,1
9200,'SAT',715,,12843,1,,,1,100,,12844,1,,,1,100,,12845,1,,,1,100,,12846,1,,,1,100,,12847,1,,,1,100,,12848,1,,,1,100,,12849,1,,,1,100,,12850,1,,,1,100,,12851,1,,,1,100,,12852,1,,,1,100,,12853,1,,,1,100,,12854,1,,,1,100,,12855,1,,,1,100,,12856,1,,,1,100,,12857,1,,,1
9200,'SUN',715,,12858,1,,,1,100,,12859,1,,,1,100,,12860,1,,,1,100,,12861,1,,,1,100,,12862,1,,,1,100,,12863,1,,,1,100,,12864,1,,,1,100,,12865,1,,,1,100,,12866,1,,,1,100,,12867,1,,,1,100,,12868,1,,,1,100,,12869,1,,,1,100,,12870,1,,,1,100,,12871,1,,,1,100,,12872,1,,,1
9200,'CCFWK',528,,12873,1,,,1,30,,12874,1,,,1,70,,12875,1,,,1,30,,12876,1,,,1,69,,12877,1,,,1,31,,12878,1,,,1,70,,12879,1,,,1,30,,12880,1,,,1,70,,12881,1,,,1,30,,12882,1,,,1,70,,12883,1,,,1,30,,12884,1,,,1,70,,12885,1,,,1,30,,12886,1,,,1,71,,12887,1,,,1,30,,12888,1,,,1,70,,12889,1,,,1,30,,12890,1,,,1,69,,12891,1,,,1,31,,12892,1,,,1,70,,12893,1,,,1,30,,12894,1,,,1,70,,12895,1,,,1,29,,12896,1,,,1,70,,12897,1,,,1,30,,12898,1,,,1,70,,12899,1,,,1,31,,12900,1,,,1,69,,12901,1,,,1,100,,12902,1,,,1,100,,12903,1,,,1
9200,'CCFFF',528,,12904,1,,,1,30,,12905,1,,,1,70,,12906,1,,,1,30,,12907,1,,,1,69,,12908,1,,,1,31,,12909,1,,,1,70,,12910,1,,,1,30,,12911,1,,,1,70,,12912,1,,,1,30,,12913,1,,,1,70,,12914,1,,,1,30,,12915,1,,,1,70,,12916,1,,,1,30,,12917,1,,,1,71,,12918,1,,,1,30,,12919,1,,,1,70,,12920,1,,,1,30,,12921,1,,,1,69,,12922,1,,,1,31,,12923,1,,,1,70,,12924,1,,,1,30,,12925,1,,,1,70,,12926,1,,,1,29,,12927,1,,,1,70,,12928,1,,,1,30,,12929,1,,,1,70,,12930,1,,,1,31,,12931,1,,,1,69,,12932,1,,,1,100,,12933,1,,,1,100,,12934,1,,,1
9200,'CCFSAT',715,,12935,1,,,1,100,,12936,1,,,1,100,,12937,1,,,1,100,,12938,1,,,1,100,,12939,1,,,1,100,,12940,1,,,1,100,,12941,1,,,1,100,,12942,1,,,1,100,,12943,1,,,1,100,,12944,1,,,1,100,,12945,1,,,1,100,,12946,1,,,1,100,,12947,1,,,1,100,,12948,1,,,1,100,,12949,1,,,1
9200,'CCFSUN',715,,12950,1,,,1,100,,12951,1,,,1,100,,12952,1,,,1,100,,12953,1,,,1,100,,12954,1,,,1,100,,12955,1,,,1,100,,12956,1,,,1,100,,12957,1,,,1,100,,12958,1,,,1,100,,12959,1,,,1,100,,12960,1,,,1,100,,12961,1,,,1,100,,12962,1,,,1,100,,12963,1,,,1,100,,12964,1,,,1
