8000,'WKDY',550,,12399,34,4,,1,71,,12430,34,4,,1,30,,12400,34,4,,1,71,,12401,34,4,,1,33,,12402,34,4,,1,70,,12403,34,4,,1,30,,12404,34,4,,1,70,,12405,34,4,,1,30,,12406,34,4,,1,70,,12407,34,4,,1,30,,12408,34,4,,1,70,,12409,34,4,,1,30,,12410,34,4,,1,70,,12411,34,4,,1,30,,12412,34,4,,1,70,,12413,34,4,,1,31,,12414,34,4,,1,70,,12415,34,4,,1,30,,12416,34,4,,1,72,,12417,34,4,,1,30,,12418,34,4,,1,70,,12419,34,4,,1,30,,12420,34,4,,1,63,,12421,34,4,,1,30,,12422,34,4,,1,70,,12423,34,4,,1,30,,12424,34,4,,1,70,,12425,34,4,,1,30,,12426,34,4,,1,70,,12427,34,4,,1,29,,12428,34,4,,1,70,,12429,34,4,,1
8000,'SAT',651,,12443,34,4,,1,100,,12431,34,4,,1,70,,12432,34,4,,1,31,,12433,34,4,,1,70,,12444,34,4,,1,30,,12434,34,4,,1,69,,12445,34,4,,1,31,,12435,34,4,,1,70,,12446,34,4,,1,30,,12436,34,4,,1,71,,12447,34,4,,1,30,,12437,34,4,,1,70,,12448,34,4,,1,30,,12438,34,4,,1,70,,12449,34,4,,1,30,,12439,34,4,,1,71,,12450,34,4,,1,30,,12440,34,4,,1,70,,12451,34,4,,1,30,,12441,34,4,,1,70,,12452,34,4,,1,30,,12442,34,4,,1,70,,12453,34,4,,1,29,,12454,34,4,,1,69,,12455,34,4,,1,30,,12456,34,4,,1,69,,12457,34,4,,1,100,,12458,34,4,,1
8000,'SUN',651,,12472,34,4,,1,100,,12459,34,4,,1,70,,12460,34,4,,1,31,,12461,34,4,,1,70,,12473,34,4,,1,30,,12462,34,4,,1,69,,12474,34,4,,1,31,,12463,34,4,,1,70,,12475,34,4,,1,30,,12464,34,4,,1,71,,12476,34,4,,1,30,,12465,34,4,,1,70,,12477,34,4,,1,30,,12466,34,4,,1,70,,12478,34,4,,1,30,,12467,34,4,,1,71,,12479,34,4,,1,30,,12468,34,4,,1,70,,12480,34,4,,1,30,,12469,34,4,,1,70,,12481,34,4,,1,30,,12470,34,4,,1,70,,12482,34,4,,1,29,,12471,34,4,,1,69,,12483,34,4,,1,30,,12485,34,4,,1,69,,12484,34,4,,1,100,,12486,34,4,,1
8000,'CCFWK',550,,12487,34,4,,1,71,,12518,34,4,,1,30,,12488,34,4,,1,71,,12489,34,4,,1,33,,12490,34,4,,1,70,,12491,34,4,,1,30,,12492,34,4,,1,70,,12493,34,4,,1,30,,12494,34,4,,1,70,,12495,34,4,,1,30,,12496,34,4,,1,70,,12497,34,4,,1,30,,12498,34,4,,1,70,,12499,34,4,,1,30,,12500,34,4,,1,70,,12501,34,4,,1,31,,12502,34,4,,1,70,,12503,34,4,,1,30,,12504,34,4,,1,72,,12505,34,4,,1,30,,12506,34,4,,1,70,,12507,34,4,,1,30,,12508,34,4,,1,63,,12509,34,4,,1,30,,12510,34,4,,1,70,,12511,34,4,,1,30,,12512,34,4,,1,70,,12513,34,4,,1,30,,12514,34,4,,1,70,,12515,34,4,,1,29,,12516,34,4,,1,70,,12517,34,4,,1
8000,'CCFFF',550,,12519,34,4,,1,71,,12550,34,4,,1,30,,12520,34,4,,1,71,,12521,34,4,,1,33,,12522,34,4,,1,70,,12523,34,4,,1,30,,12524,34,4,,1,70,,12525,34,4,,1,30,,12526,34,4,,1,70,,12527,34,4,,1,30,,12528,34,4,,1,70,,12529,34,4,,1,30,,12530,34,4,,1,70,,12531,34,4,,1,30,,12532,34,4,,1,70,,12533,34,4,,1,31,,12534,34,4,,1,70,,12535,34,4,,1,30,,12536,34,4,,1,72,,12537,34,4,,1,30,,12538,34,4,,1,70,,12539,34,4,,1,30,,12540,34,4,,1,63,,12541,34,4,,1,30,,12542,34,4,,1,70,,12543,34,4,,1,30,,12544,34,4,,1,70,,12545,34,4,,1,30,,12546,34,4,,1,70,,12547,34,4,,1,29,,12548,34,4,,1,70,,12549,34,4,,1
8000,'CCFSAT',651,,12563,34,4,,1,100,,12551,34,4,,1,70,,12552,34,4,,1,31,,12553,34,4,,1,70,,12564,34,4,,1,30,,12554,34,4,,1,69,,12565,34,4,,1,31,,12555,34,4,,1,70,,12566,34,4,,1,30,,12556,34,4,,1,71,,12567,34,4,,1,30,,12557,34,4,,1,70,,12568,34,4,,1,30,,12558,34,4,,1,70,,12569,34,4,,1,30,,12559,34,4,,1,71,,12570,34,4,,1,30,,12560,34,4,,1,70,,12571,34,4,,1,30,,12561,34,4,,1,70,,12572,34,4,,1,30,,12562,34,4,,1,70,,12573,34,4,,1,29,,12574,34,4,,1,69,,12575,34,4,,1,30,,12576,34,4,,1,69,,12577,34,4,,1,100,,12578,34,4,,1
8000,'CCFSUN',651,,12592,34,4,,1,100,,12579,34,4,,1,70,,12580,34,4,,1,31,,12581,34,4,,1,70,,12593,34,4,,1,30,,12582,34,4,,1,69,,12594,34,4,,1,31,,12583,34,4,,1,70,,12595,34,4,,1,30,,12584,34,4,,1,71,,12596,34,4,,1,30,,12585,34,4,,1,70,,12597,34,4,,1,30,,12586,34,4,,1,70,,12598,34,4,,1,30,,12587,34,4,,1,71,,12599,34,4,,1,30,,12588,34,4,,1,70,,12600,34,4,,1,30,,12589,34,4,,1,70,,12601,34,4,,1,30,,12590,34,4,,1,70,,12602,34,4,,1,29,,12591,34,4,,1,69,,12603,34,4,,1,30,,12605,34,4,,1,69,,12604,34,4,,1,100,,12606,34,4,,1
8001,'WKDY',558,,12607,1,,,1,70,,12608,1,,,1,30,,12609,1,,,1,70,,12610,1,,,1,30,,12611,1,,,1,70,,12612,1,,,1,30,,12613,1,,,1,70,,12614,1,,,1,30,,12615,1,,,1,70,,12616,1,,,1,30,,12617,1,,,1,70,,12618,1,,,1,30,,12619,1,,,1,70,,12620,1,,,1,30,,12621,1,,,1,70,,12622,1,,,1,30,,12623,1,,,1,70,,12624,1,,,1,30,,12625,1,,,1,72,,12626,1,,,1,27,,12627,1,,,1,70,,12628,1,,,1,30,,12629,1,,,1,70,,12630,1,,,1,31,,12631,1,,,1,70,,12632,1,,,1,30,,12633,1,,,1,70,,12634,1,,,1,30,,12635,1,,,1,70,,12636,1,,,1,30,,12637,1,,,1
8001,'SAT',658,,12651,1,,,1,100,,12638,1,,,1,70,,12639,1,,,1,30,,12640,1,,,1,70,,12652,1,,,1,30,,12641,1,,,1,70,,12653,1,,,1,30,,12642,1,,,1,70,,12654,1,,,1,30,,12643,1,,,1,70,,12655,1,,,1,30,,12644,1,,,1,70,,12656,1,,,1,30,,12645,1,,,1,70,,12657,1,,,1,30,,12646,1,,,1,70,,12658,1,,,1,30,,12647,1,,,1,70,,12659,1,,,1,30,,12648,1,,,1,70,,12660,1,,,1,30,,12649,1,,,1,70,,12661,1,,,1,30,,12650,1,,,1,70,,12662,1,,,1,30,,12665,1,,,1,70,,12663,1,,,1,100,,12664,1,,,1
8001,'SUN',658,,12679,1,,,1,100,,12666,1,,,1,70,,12667,1,,,1,30,,12668,1,,,1,70,,12680,1,,,1,30,,12669,1,,,1,70,,12681,1,,,1,30,,12670,1,,,1,70,,12682,1,,,1,30,,12671,1,,,1,70,,12683,1,,,1,30,,12672,1,,,1,70,,12684,1,,,1,30,,12673,1,,,1,70,,12685,1,,,1,30,,12674,1,,,1,70,,12686,1,,,1,30,,12675,1,,,1,70,,12687,1,,,1,30,,12676,1,,,1,70,,12688,1,,,1,30,,12677,1,,,1,70,,12689,1,,,1,30,,12678,1,,,1,70,,12690,1,,,1,30,,12693,1,,,1,70,,12691,1,,,1,100,,12692,1,,,1
8001,'CCFWK',558,,12694,1,,,1,70,,12695,1,,,1,30,,12696,1,,,1,70,,12697,1,,,1,30,,12698,1,,,1,70,,12699,1,,,1,30,,12700,1,,,1,70,,12701,1,,,1,30,,12702,1,,,1,70,,12703,1,,,1,30,,12704,1,,,1,70,,12705,1,,,1,30,,12706,1,,,1,70,,12707,1,,,1,30,,12708,1,,,1,70,,12709,1,,,1,30,,12710,1,,,1,70,,12711,1,,,1,30,,12712,1,,,1,72,,12713,1,,,1,27,,12714,1,,,1,70,,12715,1,,,1,30,,12716,1,,,1,70,,12717,1,,,1,31,,12718,1,,,1,70,,12719,1,,,1,30,,12720,1,,,1,70,,12721,1,,,1,30,,12722,1,,,1,70,,12723,1,,,1,30,,12724,1,,,1
8001,'CCFFF',558,,12725,1,,,1,70,,12726,1,,,1,30,,12727,1,,,1,70,,12728,1,,,1,30,,12729,1,,,1,70,,12730,1,,,1,30,,12731,1,,,1,70,,12732,1,,,1,30,,12733,1,,,1,70,,12734,1,,,1,30,,12735,1,,,1,70,,12736,1,,,1,30,,12737,1,,,1,70,,12738,1,,,1,30,,12739,1,,,1,70,,12740,1,,,1,30,,12741,1,,,1,70,,12742,1,,,1,30,,12743,1,,,1,72,,12744,1,,,1,27,,12745,1,,,1,70,,12746,1,,,1,30,,12747,1,,,1,70,,12748,1,,,1,31,,12749,1,,,1,70,,12750,1,,,1,30,,12751,1,,,1,70,,12752,1,,,1,30,,12753,1,,,1,70,,12754,1,,,1,30,,12755,1,,,1
8001,'CCFSAT',658,,12769,1,,,1,100,,12756,1,,,1,70,,12757,1,,,1,30,,12758,1,,,1,70,,12770,1,,,1,30,,12759,1,,,1,70,,12771,1,,,1,30,,12760,1,,,1,70,,12772,1,,,1,30,,12761,1,,,1,70,,12773,1,,,1,30,,12762,1,,,1,70,,12774,1,,,1,30,,12763,1,,,1,70,,12775,1,,,1,30,,12764,1,,,1,70,,12776,1,,,1,30,,12765,1,,,1,70,,12777,1,,,1,30,,12766,1,,,1,70,,12778,1,,,1,30,,12767,1,,,1,70,,12779,1,,,1,30,,12768,1,,,1,70,,12780,1,,,1,30,,12783,1,,,1,70,,12781,1,,,1,100,,12782,1,,,1
8001,'CCFSUN',658,,12797,1,,,1,100,,12784,1,,,1,70,,12785,1,,,1,30,,12786,1,,,1,70,,12798,1,,,1,30,,12787,1,,,1,70,,12799,1,,,1,30,,12788,1,,,1,70,,12800,1,,,1,30,,12789,1,,,1,70,,12801,1,,,1,30,,12790,1,,,1,70,,12802,1,,,1,30,,12791,1,,,1,70,,12803,1,,,1,30,,12792,1,,,1,70,,12804,1,,,1,30,,12793,1,,,1,70,,12805,1,,,1,30,,12794,1,,,1,70,,12806,1,,,1,30,,12795,1,,,1,70,,12807,1,,,1,30,,12796,1,,,1,70,,12808,1,,,1,30,,12811,1,,,1,70,,12809,1,,,1,100,,12810,1,,,1
16401,'WKDY',1516,,13339,5,4,,1
16401,'CCFWK',1516,,13361,5,4,,1
16401,'CCFFF',1516,,13383,5,4,,1
