201,'WKDY',647,,14,2,,,1,100,,15,2,,,1,100,,16,2,,,1,92,,17,2,,,1,107,,18,2,,,1,100,,19,2,,,1,100,,20,2,,,1,100,,21,2,,,1,102,,22,2,,,1,100,,23,2,,,1,99,,24,2,,,1,101,,25,2,,,1,96,,26,2,,,1
3000,'WKDY',552,,722,2,,,1,70,,723,2,,,1,23,,724,2,,,1,76,,725,2,,,1,30,,726,2,,,1,70,,727,2,,,1,30,,728,2,,,1,70,,729,2,,,1,29,,730,2,,,1,69,,731,2,,,1,30,,732,2,,,1,70,,733,2,,,1,30,,734,2,,,1,70,,735,2,,,1,31,,736,2,,,1,70,,737,2,,,1,29,,738,2,,,1,72,,739,2,,,1,32,,740,2,,,1,70,,741,2,,,1,31,,742,2,,,1,69,,743,2,,,1,30,,744,2,,,1,70,,745,2,,,1,27,,746,2,,,1,70,,747,2,,,1,27,,748,2,,,1,68,,749,2,,,1,29,,750,2,,,1,70,,751,2,,,1,29,,752,2,,,1,98,,753,2,,,1
3000,'SAT',639,,754,2,,,1,100,,755,2,,,1,73,,756,2,,,1,32,,757,2,,,1,70,,758,2,,,1,30,,759,2,,,1,70,,760,2,,,1,31,,761,2,,,1,70,,762,2,,,1,31,,763,2,,,1,70,,764,2,,,1,31,,765,2,,,1,70,,766,2,,,1,30,,767,2,,,1,70,,768,2,,,1,30,,769,2,,,1,70,,770,2,,,1,30,,771,2,,,1,70,,772,2,,,1,30,,773,2,,,1,70,,774,2,,,1,29,,775,2,,,1,99,,776,2,,,1,98,,777,2,,,1,100,,778,2,,,1
3000,'SUN',639,,779,2,,,1,100,,780,2,,,1,105,,781,2,,,1,100,,782,2,,,1,101,,783,2,,,1,101,,784,2,,,1,101,,785,2,,,1,100,,786,2,,,1,100,,787,2,,,1,100,,788,2,,,1,100,,789,2,,,1,99,,790,2,,,1,99,,791,2,,,1,98,,792,2,,,1,100,,793,2,,,1
3101,'WKDY',539,,928,2,,,1,71,,929,2,,,1,30,,930,2,,,1,70,,931,2,,,1,31,,932,2,,,1,72,,933,2,,,1,30,,934,2,,,1,68,,935,2,,,1,31,,936,2,,,1,70,,937,2,,,1,30,,938,2,,,1,70,,939,2,,,1,32,,940,2,,,1,70,,941,2,,,1,30,,942,2,,,1,70,,943,2,,,1,30,,944,2,,,1,70,,945,2,,,1,32,,946,2,,,1,70,,947,2,,,1,30,,948,2,,,1,70,,949,2,,,1,28,,950,2,,,1,68,,951,2,,,1,30,,952,2,,,1,70,,953,2,,,1,29,,954,2,,,1,70,,955,2,,,1,100,,956,2,,,1,97,,957,2,,,1
3101,'SAT',846,,958,2,,,1,80,,959,2,,,1,80,,960,2,,,1,40,,961,2,,,1,81,,962,2,,,1,80,,963,2,,,1,40,,964,2,,,1,80,,965,2,,,1,80,,966,2,,,1,40,,967,2,,,1,80,,968,2,,,1,80,,969,2,,,1,40,,970,2,,,1,80,,971,2,,,1,80,,972,2,,,1,39,,973,2,,,1,80,,974,2,,,1,80,,975,2,,,1
3101,'SUN',846,,976,2,,,1,100,,977,2,,,1,100,,978,2,,,1,101,,979,2,,,1,100,,980,2,,,1,100,,981,2,,,1,100,,982,2,,,1,100,,983,2,,,1,100,,984,2,,,1,99,,985,2,,,1,100,,986,2,,,1,100,,987,2,,,1
7101,'WKDY',551,,2989,5,,,1,66,,2990,5,,,1,30,,2991,5,,,1,70,,2992,5,,,1,15,,2993,5,,,1,15,,2994,5,,,1,55,,2995,5,,,1,16,,2996,5,,,1,15,,2997,5,,,1,15,,2998,5,,,1,55,,2999,5,,,1,16,,3000,5,,,1,15,,3001,5,,,1,16,,3002,5,,,1,55,,3003,5,,,1,15,,3004,5,,,1,16,,3005,5,,,1,15,,3006,5,,,1,55,,3007,5,,,1,15,,3008,5,,,1,16,,3009,5,,,1,15,,3010,5,,,1,59,,3011,5,,,1,8,,3012,5,,,1,15,,3013,5,,,1,15,,3014,5,,,1,56,,3015,5,,,1,15,,3016,5,,,1,15,,3017,5,,,1,15,,3018,5,,,1,56,,3019,5,,,1,15,,3020,5,,,1,17,,3021,5,,,1,15,,3022,5,,,1,55,,3023,5,,,1,16,,3024,5,,,1,15,,3025,5,,,1,15,,3026,5,,,1,55,,3027,5,,,1,15,,3028,5,,,1,15,,3029,5,,,1,15,,3030,5,,,1,55,,3031,5,,,1,15,,3032,5,,,1,15,,3033,5,,,1,14,,3034,5,,,1,54,,3035,5,,,1,15,,3036,5,,,1,28,,3037,5,,,1,68,,3038,5,,,1,30,,3039,5,,,1,70,,3040,5,,,1,29,,3041,5,,,1,69,,3042,5,,,1,29,,3043,5,,,1,69,,3044,5,,,1,30,,3045,5,,,1,100,,3046,5,,,1
7101,'SAT',648,,3047,5,,,1,60,,3048,5,,,1,21,,3049,5,,,1,20,,3050,5,,,1,60,,3051,5,,,1,21,,3052,5,,,1,20,,3053,5,,,1,60,,3054,5,,,1,21,,3055,5,,,1,20,,3056,5,,,1,60,,3057,5,,,1,21,,3058,5,,,1,20,,3059,5,,,1,61,,3060,5,,,1,20,,3061,5,,,1,20,,3062,5,,,1,61,,3063,5,,,1,22,,3064,5,,,1,21,,3065,5,,,1,60,,3066,5,,,1,20,,3067,5,,,1,21,,3068,5,,,1,60,,3069,5,,,1,21,,3070,5,,,1,20,,3071,5,,,1,60,,3072,5,,,1,20,,3073,5,,,1,20,,3074,5,,,1,60,,3075,5,,,1,19,,3076,5,,,1,20,,3077,5,,,1,60,,3078,5,,,1,19,,3079,5,,,1,20,,3080,5,,,1,60,,3081,5,,,1,19,,3082,5,,,1,20,,3083,5,,,1,59,,3084,5,,,1,20,,3085,5,,,1,20,,3086,5,,,1,59,,3087,5,,,1,20,,3088,5,,,1,20,,3089,5,,,1,58,,3090,5,,,1,20,,3091,5,,,1,20,,3092,5,,,1,70,,3093,5,,,1,29,,3094,5,,,1,70,,3095,5,,,1
7101,'SUN',648,,3096,5,,,1,70,,3097,5,,,1,31,,3098,5,,,1,71,,3099,5,,,1,30,,3100,5,,,1,70,,3101,5,,,1,31,,3102,5,,,1,70,,3103,5,,,1,31,,3104,5,,,1,71,,3105,5,,,1,30,,3106,5,,,1,74,,3107,5,,,1,30,,3108,5,,,1,70,,3109,5,,,1,31,,3110,5,,,1,70,,3111,5,,,1,31,,3112,5,,,1,70,,3113,5,,,1,30,,3114,5,,,1,70,,3115,5,,,1,29,,3116,5,,,1,70,,3117,5,,,1,29,,3118,5,,,1,69,,3119,5,,,1,30,,3120,5,,,1,69,,3121,5,,,1,30,,3122,5,,,1,69,,3123,5,,,1,30,,3124,5,,,1,70,,3125,5,,,1,30,,3126,5,,,1,58,,3127,5,,,1,30,,3128,5,,,1,69,,3129,5,,,1
10501,'WKDY',554,,3790,6,,,1,80,,3791,6,,,1,86,,3792,6,,,1,86,,3793,6,,,1,41,,3794,6,,,1,89,,3795,6,,,1,67,,3796,6,,,1,98,,3797,6,,,1,100,,3798,6,,,1,104,,3799,9,,,1,106,,3800,9,,,1,106,,3801,9,,,1,104,,3802,9,,,1,80,,3803,9,,,1,39,,3804,9,,,1,76,,3805,9,,,1,20,,3809,9,,,1,70,,3806,9,,,1,97,,3807,9,,,1,100,,3808,9,,,1
