7200,'WKDY',520,,11673,24,4,,1,90,,11674,24,4,,1,30,,11675,24,4,,1,70,,11676,24,4,,1,33,,11677,24,4,,1,70,,11678,24,4,,1,29,,11679,24,4,,1,70,,11680,24,4,,1,30,,11697,24,4,,1,70,,11681,24,4,,1,30,,11698,24,4,,1,70,,11682,24,4,,1,30,,11699,24,4,,1,70,,11683,24,4,,1,30,,11700,24,4,,1,70,,11684,24,4,,1,31,,11701,24,4,,1,70,,11685,24,4,,1,30,,11702,24,4,,1,70,,11686,24,4,,1,32,,11687,24,4,,1,70,,11688,24,4,,1,29,,11689,24,4,,1,70,,11690,24,4,,1,30,,11691,24,4,,1,68,,11692,24,4,,1,29,,11693,24,4,,1,70,,11694,24,4,,1,99,,11695,24,4,,1,110,,11696,24,4,,1
7200,'SAT',740,,11703,24,4,,1,100,,11704,24,4,,1,101,,11705,24,4,,1,100,,11706,24,4,,1,101,,11707,24,4,,1,100,,11708,24,4,,1,101,,11709,24,4,,1,100,,11710,24,4,,1,100,,11711,24,4,,1,100,,11712,24,4,,1,99,,11713,24,4,,1,100,,11714,24,4,,1,99,,11715,24,4,,1
7200,'SUN',740,,11716,24,4,,1,100,,11717,24,4,,1,101,,11718,24,4,,1,100,,11719,24,4,,1,101,,11720,24,4,,1,100,,11721,24,4,,1,101,,11722,24,4,,1,100,,11723,24,4,,1,100,,11724,24,4,,1,100,,11725,24,4,,1,99,,11726,24,4,,1,100,,11727,24,4,,1,99,,11728,24,4,,1
7200,'CCFWK',520,,11729,24,4,,1,90,,11730,24,4,,1,30,,11731,24,4,,1,70,,11732,24,4,,1,33,,11733,24,4,,1,70,,11734,24,4,,1,29,,11735,24,4,,1,70,,11736,24,4,,1,30,,11753,24,4,,1,70,,11737,24,4,,1,30,,11754,24,4,,1,70,,11738,24,4,,1,30,,11755,24,4,,1,70,,11739,24,4,,1,30,,11756,24,4,,1,70,,11740,24,4,,1,31,,11757,24,4,,1,70,,11741,24,4,,1,30,,11758,24,4,,1,70,,11742,24,4,,1,32,,11743,24,4,,1,70,,11744,24,4,,1,29,,11745,24,4,,1,70,,11746,24,4,,1,30,,11747,24,4,,1,68,,11748,24,4,,1,29,,11749,24,4,,1,70,,11750,24,4,,1,99,,11751,24,4,,1,110,,11752,24,4,,1
7200,'CCFFF',520,,11759,24,4,,1,90,,11760,24,4,,1,30,,11761,24,4,,1,70,,11762,24,4,,1,33,,11763,24,4,,1,70,,11764,24,4,,1,29,,11765,24,4,,1,70,,11766,24,4,,1,30,,11783,24,4,,1,70,,11767,24,4,,1,30,,11784,24,4,,1,70,,11768,24,4,,1,30,,11785,24,4,,1,70,,11769,24,4,,1,30,,11786,24,4,,1,70,,11770,24,4,,1,31,,11787,24,4,,1,70,,11771,24,4,,1,30,,11788,24,4,,1,70,,11772,24,4,,1,32,,11773,24,4,,1,70,,11774,24,4,,1,29,,11775,24,4,,1,70,,11776,24,4,,1,30,,11777,24,4,,1,68,,11778,24,4,,1,29,,11779,24,4,,1,70,,11780,24,4,,1,99,,11781,24,4,,1,110,,11782,24,4,,1
7200,'CCFSAT',740,,11789,24,4,,1,100,,11790,24,4,,1,101,,11791,24,4,,1,100,,11792,24,4,,1,101,,11793,24,4,,1,100,,11794,24,4,,1,101,,11795,24,4,,1,100,,11796,24,4,,1,100,,11797,24,4,,1,100,,11798,24,4,,1,99,,11799,24,4,,1,100,,11800,24,4,,1,99,,11801,24,4,,1
7200,'CCFSUN',740,,11802,24,4,,1,100,,11803,24,4,,1,101,,11804,24,4,,1,100,,11805,24,4,,1,101,,11806,24,4,,1,100,,11807,24,4,,1,101,,11808,24,4,,1,100,,11809,24,4,,1,100,,11810,24,4,,1,100,,11811,24,4,,1,99,,11812,24,4,,1,100,,11813,24,4,,1,99,,11814,24,4,,1
7201,'WKDY',520,,11531,1,,,1,90,,11532,1,,,1,30,,11533,1,,,1,70,,11534,1,,,1,33,,11535,1,,,1,70,,11536,1,,,1,29,,11537,1,,,1,70,,11538,1,,,1,30,,11555,1,,,1,70,,11539,1,,,1,30,,11556,1,,,1,70,,11540,1,,,1,30,,11557,1,,,1,70,,11541,1,,,1,30,,11558,1,,,1,70,,11542,1,,,1,31,,11559,1,,,1,70,,11543,1,,,1,30,,11560,1,,,1,70,,11544,1,,,1,32,,11545,1,,,1,70,,11546,1,,,1,29,,11547,1,,,1,70,,11548,1,,,1,30,,11549,1,,,1,68,,11550,1,,,1,29,,11551,1,,,1,70,,11552,1,,,1,99,,11553,1,,,1,110,,11554,1,,,1
7201,'SAT',740,,11561,1,,,1,100,,11562,1,,,1,101,,11563,1,,,1,100,,11564,1,,,1,101,,11565,1,,,1,100,,11566,1,,,1,101,,11567,1,,,1,100,,11568,1,,,1,100,,11569,1,,,1,100,,11570,1,,,1,99,,11571,1,,,1,100,,11572,1,,,1,99,,11573,1,,,1
7201,'SUN',740,,11574,1,,,1,100,,11575,1,,,1,101,,11576,1,,,1,100,,11577,1,,,1,101,,11578,1,,,1,100,,11579,1,,,1,101,,11580,1,,,1,100,,11581,1,,,1,100,,11582,1,,,1,100,,11583,1,,,1,99,,11584,1,,,1,100,,11585,1,,,1,99,,11586,1,,,1
7201,'CCFWK',520,,11587,1,,,1,90,,11588,1,,,1,30,,11589,1,,,1,70,,11590,1,,,1,33,,11591,1,,,1,70,,11592,1,,,1,29,,11593,1,,,1,70,,11594,1,,,1,30,,11611,1,,,1,70,,11595,1,,,1,30,,11612,1,,,1,70,,11596,1,,,1,30,,11613,1,,,1,70,,11597,1,,,1,30,,11614,1,,,1,70,,11598,1,,,1,31,,11615,1,,,1,70,,11599,1,,,1,30,,11616,1,,,1,70,,11600,1,,,1,32,,11601,1,,,1,70,,11602,1,,,1,29,,11603,1,,,1,70,,11604,1,,,1,30,,11605,1,,,1,68,,11606,1,,,1,29,,11607,1,,,1,70,,11608,1,,,1,99,,11609,1,,,1,110,,11610,1,,,1
7201,'CCFFF',520,,11617,1,,,1,90,,11618,1,,,1,30,,11619,1,,,1,70,,11620,1,,,1,33,,11621,1,,,1,70,,11622,1,,,1,29,,11623,1,,,1,70,,11624,1,,,1,30,,11641,1,,,1,70,,11625,1,,,1,30,,11642,1,,,1,70,,11626,1,,,1,30,,11643,1,,,1,70,,11627,1,,,1,30,,11644,1,,,1,70,,11628,1,,,1,31,,11645,1,,,1,70,,11629,1,,,1,30,,11646,1,,,1,70,,11630,1,,,1,32,,11631,1,,,1,70,,11632,1,,,1,29,,11633,1,,,1,70,,11634,1,,,1,30,,11635,1,,,1,68,,11636,1,,,1,29,,11637,1,,,1,70,,11638,1,,,1,99,,11639,1,,,1,110,,11640,1,,,1
7201,'CCFSAT',740,,11647,1,,,1,100,,11648,1,,,1,101,,11649,1,,,1,100,,11650,1,,,1,101,,11651,1,,,1,100,,11652,1,,,1,101,,11653,1,,,1,100,,11654,1,,,1,100,,11655,1,,,1,100,,11656,1,,,1,99,,11657,1,,,1,100,,11658,1,,,1,99,,11659,1,,,1
7201,'CCFSUN',740,,11660,1,,,1,100,,11661,1,,,1,101,,11662,1,,,1,100,,11663,1,,,1,101,,11664,1,,,1,100,,11665,1,,,1,101,,11666,1,,,1,100,,11667,1,,,1,100,,11668,1,,,1,100,,11669,1,,,1,99,,11670,1,,,1,100,,11671,1,,,1,99,,11672,1,,,1
