700,'WKDY',610,,4506,27,,,1,111,,4507,27,,,1,32,,4508,27,,,1,67,,4509,27,,,1,29,,4510,27,,,1,71,,4511,27,,,1,28,,4512,27,,,1,70,,4513,27,,,1,30,,4514,27,,,1,70,,4515,27,,,1,30,,4516,27,,,1,72,,4517,27,,,1,31,,4518,27,,,1,70,,4519,27,,,1,31,,4520,27,,,1,70,,4521,27,,,1,33,,4522,27,,,1,71,,4523,27,,,1,30,,4524,27,,,1,70,,4525,27,,,1,30,,4526,27,,,1,70,,4527,27,,,1,29,,4528,27,,,1,67,,4529,27,,,1,28,,4530,27,,,1,69,,4531,27,,,1,27,,4532,27,,,1,100,,4533,27,,,1,100,,4534,27,,,1
700,'SAT',715,,4546,27,,,1,100,,4547,27,,,1,100,,4535,27,,,1,102,,4536,27,,,1,102,,4537,27,,,1,100,,4538,27,,,1,101,,4539,27,,,1,100,,4540,27,,,1,100,,4541,27,,,1,100,,4542,27,,,1,100,,4543,27,,,1,99,,4544,27,,,1,99,,4545,27,,,1,100,,4548,27,,,1,100,,4549,27,,,1
700,'SUN',715,,4561,27,,,1,100,,4562,27,,,1,100,,4550,27,,,1,102,,4551,27,,,1,102,,4552,27,,,1,100,,4553,27,,,1,101,,4554,27,,,1,100,,4555,27,,,1,100,,4556,27,,,1,100,,4557,27,,,1,100,,4558,27,,,1,99,,4559,27,,,1,99,,4560,27,,,1,100,,4563,27,,,1,100,,4564,27,,,1
700,'CCFWK',610,,4565,27,,,1,111,,4566,27,,,1,32,,4567,27,,,1,67,,4568,27,,,1,29,,4569,27,,,1,71,,4570,27,,,1,28,,4571,27,,,1,70,,4572,27,,,1,30,,4573,27,,,1,70,,4574,27,,,1,30,,4575,27,,,1,72,,4576,27,,,1,31,,4577,27,,,1,70,,4578,27,,,1,31,,4579,27,,,1,70,,4580,27,,,1,33,,4581,27,,,1,71,,4582,27,,,1,30,,4583,27,,,1,70,,4584,27,,,1,30,,4585,27,,,1,70,,4586,27,,,1,29,,4587,27,,,1,67,,4588,27,,,1,28,,4589,27,,,1,69,,4590,27,,,1,27,,4591,27,,,1,100,,4592,27,,,1,100,,4593,27,,,1
700,'CCFFF',610,,4594,27,,,1,111,,4595,27,,,1,32,,4596,27,,,1,67,,4597,27,,,1,29,,4598,27,,,1,71,,4599,27,,,1,28,,4600,27,,,1,70,,4601,27,,,1,30,,4602,27,,,1,70,,4603,27,,,1,30,,4604,27,,,1,72,,4605,27,,,1,31,,4606,27,,,1,70,,4607,27,,,1,31,,4608,27,,,1,70,,4609,27,,,1,33,,4610,27,,,1,71,,4611,27,,,1,30,,4612,27,,,1,70,,4613,27,,,1,30,,4614,27,,,1,70,,4615,27,,,1,29,,4616,27,,,1,67,,4617,27,,,1,28,,4618,27,,,1,69,,4619,27,,,1,27,,4620,27,,,1,100,,4621,27,,,1,100,,4622,27,,,1
700,'CCFSAT',715,,4634,27,,,1,100,,4635,27,,,1,100,,4623,27,,,1,102,,4624,27,,,1,102,,4625,27,,,1,100,,4626,27,,,1,101,,4627,27,,,1,100,,4628,27,,,1,100,,4629,27,,,1,100,,4630,27,,,1,100,,4631,27,,,1,99,,4632,27,,,1,99,,4633,27,,,1,100,,4636,27,,,1,100,,4637,27,,,1
700,'CCFSUN',715,,4649,27,,,1,100,,4650,27,,,1,100,,4638,27,,,1,102,,4639,27,,,1,102,,4640,27,,,1,100,,4641,27,,,1,101,,4642,27,,,1,100,,4643,27,,,1,100,,4644,27,,,1,100,,4645,27,,,1,100,,4646,27,,,1,99,,4647,27,,,1,99,,4648,27,,,1,100,,4651,27,,,1,100,,4652,27,,,1
4700,'WKDY',536,,7212,6,,,1,679,,7213,6,,,1,606,,7214,6,,,1
4700,'CCFWK',536,,7215,6,,,1,679,,7216,6,,,1,606,,7217,6,,,1
4700,'CCFFF',536,,7218,6,,,1,679,,7219,6,,,1,606,,7220,6,,,1
