1201,'WKDY',621,,5038,5,,,1,30,,5039,5,,,1,68,,5040,5,,,1,30,,5041,5,,,1,70,,5042,5,,,1,30,,5043,5,,,1,70,,5044,5,,,1,30,,5045,5,,,1,70,,5046,5,,,1,30,,5047,5,,,1,70,,5048,5,,,1,30,,5049,5,,,1,70,,5050,5,,,1,30,,5051,5,,,1,70,,5052,5,,,1,30,,5053,5,,,1,70,,5054,5,,,1,30,,5055,5,,,1,71,,5056,5,,,1,30,,5057,5,,,1,70,,5058,5,,,1,30,,5059,5,,,1,70,,5060,5,,,1,30,,5061,5,,,1,69,,5062,5,,,1,30,,5063,5,,,1,70,,5064,5,,,1,30,,5065,5,,,1,70,,5066,5,,,1,30,,5067,5,,,1,70,,5068,5,,,1,30,,5069,5,,,1
1201,'SAT',711,,5070,5,,,1,100,,5071,5,,,1,100,,5072,5,,,1,100,,5073,5,,,1,101,,5074,5,,,1,100,,5075,5,,,1,100,,5076,5,,,1,100,,5077,5,,,1,100,,5078,5,,,1,100,,5079,5,,,1,99,,5080,5,,,1,100,,5081,5,,,1,100,,5082,5,,,1,100,,5083,5,,,1,100,,5084,5,,,1,100,,5085,5,,,1
1201,'SUN',711,,5086,5,,,1,100,,5087,5,,,1,100,,5088,5,,,1,100,,5089,5,,,1,101,,5090,5,,,1,100,,5091,5,,,1,100,,5092,5,,,1,100,,5093,5,,,1,100,,5094,5,,,1,100,,5095,5,,,1,99,,5096,5,,,1,100,,5097,5,,,1,100,,5098,5,,,1,100,,5099,5,,,1,100,,5100,5,,,1,100,,5101,5,,,1
1201,'CCFWK',621,,5102,5,,,1,30,,5103,5,,,1,68,,5104,5,,,1,30,,5105,5,,,1,70,,5106,5,,,1,30,,5107,5,,,1,70,,5108,5,,,1,30,,5109,5,,,1,70,,5110,5,,,1,30,,5111,5,,,1,70,,5112,5,,,1,30,,5113,5,,,1,70,,5114,5,,,1,30,,5115,5,,,1,70,,5116,5,,,1,30,,5117,5,,,1,70,,5118,5,,,1,30,,5119,5,,,1,71,,5120,5,,,1,30,,5121,5,,,1,70,,5122,5,,,1,30,,5123,5,,,1,70,,5124,5,,,1,30,,5125,5,,,1,69,,5126,5,,,1,30,,5127,5,,,1,70,,5128,5,,,1,30,,5129,5,,,1,70,,5130,5,,,1,30,,5131,5,,,1,70,,5132,5,,,1,30,,5133,5,,,1
1201,'CCFFF',621,,5134,5,,,1,30,,5135,5,,,1,68,,5136,5,,,1,30,,5137,5,,,1,70,,5138,5,,,1,30,,5139,5,,,1,70,,5140,5,,,1,30,,5141,5,,,1,70,,5142,5,,,1,30,,5143,5,,,1,70,,5144,5,,,1,30,,5145,5,,,1,70,,5146,5,,,1,30,,5147,5,,,1,70,,5148,5,,,1,30,,5149,5,,,1,70,,5150,5,,,1,30,,5151,5,,,1,71,,5152,5,,,1,30,,5153,5,,,1,70,,5154,5,,,1,30,,5155,5,,,1,70,,5156,5,,,1,30,,5157,5,,,1,69,,5158,5,,,1,30,,5159,5,,,1,70,,5160,5,,,1,30,,5161,5,,,1,70,,5162,5,,,1,30,,5163,5,,,1,70,,5164,5,,,1,30,,5165,5,,,1
1201,'CCFSAT',711,,5166,5,,,1,100,,5167,5,,,1,100,,5168,5,,,1,100,,5169,5,,,1,101,,5170,5,,,1,100,,5171,5,,,1,100,,5172,5,,,1,100,,5173,5,,,1,100,,5174,5,,,1,100,,5175,5,,,1,99,,5176,5,,,1,100,,5177,5,,,1,100,,5178,5,,,1,100,,5179,5,,,1,100,,5180,5,,,1,100,,5181,5,,,1
1201,'CCFSUN',711,,5182,5,,,1,100,,5183,5,,,1,100,,5184,5,,,1,100,,5185,5,,,1,101,,5186,5,,,1,100,,5187,5,,,1,100,,5188,5,,,1,100,,5189,5,,,1,100,,5190,5,,,1,100,,5191,5,,,1,99,,5192,5,,,1,100,,5193,5,,,1,100,,5194,5,,,1,100,,5195,5,,,1,100,,5196,5,,,1,100,,5197,5,,,1
8000,'WKDY',602,,12607,6,,,1,30,,12608,6,,,1,70,,12609,6,,,1,30,,12610,6,,,1,70,,12611,6,,,1,30,,12612,6,,,1,70,,12613,6,,,1,30,,12614,6,,,1,70,,12615,6,,,1,30,,12616,6,,,1,70,,12617,6,,,1,30,,12618,6,,,1,70,,12619,6,,,1,30,,12620,6,,,1,70,,12621,6,,,1,30,,12622,6,,,1,70,,12623,6,,,1,30,,12624,6,,,1,70,,12625,6,,,1,33,,12626,6,,,1,67,,12627,6,,,1,29,,12628,6,,,1,70,,12629,6,,,1,30,,12630,6,,,1,71,,12631,6,,,1,30,,12632,6,,,1,70,,12633,6,,,1,30,,12634,6,,,1,70,,12635,6,,,1,30,,12636,6,,,1,70,,12637,6,,,1
8000,'SAT',702,,12651,6,,,1,100,,12638,6,,,1,30,,12639,6,,,1,70,,12640,6,,,1,30,,12652,6,,,1,70,,12641,6,,,1,30,,12653,6,,,1,70,,12642,6,,,1,30,,12654,6,,,1,70,,12643,6,,,1,30,,12655,6,,,1,70,,12644,6,,,1,30,,12656,6,,,1,70,,12645,6,,,1,30,,12657,6,,,1,70,,12646,6,,,1,30,,12658,6,,,1,70,,12647,6,,,1,30,,12659,6,,,1,70,,12648,6,,,1,30,,12660,6,,,1,70,,12649,6,,,1,30,,12661,6,,,1,70,,12650,6,,,1,30,,12662,6,,,1,70,,12665,6,,,1,30,,12663,6,,,1,100,,12664,6,,,1
8000,'SUN',702,,12679,6,,,1,100,,12666,6,,,1,30,,12667,6,,,1,70,,12668,6,,,1,30,,12680,6,,,1,70,,12669,6,,,1,30,,12681,6,,,1,70,,12670,6,,,1,30,,12682,6,,,1,70,,12671,6,,,1,30,,12683,6,,,1,70,,12672,6,,,1,30,,12684,6,,,1,70,,12673,6,,,1,30,,12685,6,,,1,70,,12674,6,,,1,30,,12686,6,,,1,70,,12675,6,,,1,30,,12687,6,,,1,70,,12676,6,,,1,30,,12688,6,,,1,70,,12677,6,,,1,30,,12689,6,,,1,70,,12678,6,,,1,30,,12690,6,,,1,70,,12693,6,,,1,30,,12691,6,,,1,100,,12692,6,,,1
8000,'CCFWK',602,,12694,6,,,1,30,,12695,6,,,1,70,,12696,6,,,1,30,,12697,6,,,1,70,,12698,6,,,1,30,,12699,6,,,1,70,,12700,6,,,1,30,,12701,6,,,1,70,,12702,6,,,1,30,,12703,6,,,1,70,,12704,6,,,1,30,,12705,6,,,1,70,,12706,6,,,1,30,,12707,6,,,1,70,,12708,6,,,1,30,,12709,6,,,1,70,,12710,6,,,1,30,,12711,6,,,1,70,,12712,6,,,1,33,,12713,6,,,1,67,,12714,6,,,1,29,,12715,6,,,1,70,,12716,6,,,1,30,,12717,6,,,1,71,,12718,6,,,1,30,,12719,6,,,1,70,,12720,6,,,1,30,,12721,6,,,1,70,,12722,6,,,1,30,,12723,6,,,1,70,,12724,6,,,1
8000,'CCFFF',602,,12725,6,,,1,30,,12726,6,,,1,70,,12727,6,,,1,30,,12728,6,,,1,70,,12729,6,,,1,30,,12730,6,,,1,70,,12731,6,,,1,30,,12732,6,,,1,70,,12733,6,,,1,30,,12734,6,,,1,70,,12735,6,,,1,30,,12736,6,,,1,70,,12737,6,,,1,30,,12738,6,,,1,70,,12739,6,,,1,30,,12740,6,,,1,70,,12741,6,,,1,30,,12742,6,,,1,70,,12743,6,,,1,33,,12744,6,,,1,67,,12745,6,,,1,29,,12746,6,,,1,70,,12747,6,,,1,30,,12748,6,,,1,71,,12749,6,,,1,30,,12750,6,,,1,70,,12751,6,,,1,30,,12752,6,,,1,70,,12753,6,,,1,30,,12754,6,,,1,70,,12755,6,,,1
8000,'CCFSAT',702,,12769,6,,,1,100,,12756,6,,,1,30,,12757,6,,,1,70,,12758,6,,,1,30,,12770,6,,,1,70,,12759,6,,,1,30,,12771,6,,,1,70,,12760,6,,,1,30,,12772,6,,,1,70,,12761,6,,,1,30,,12773,6,,,1,70,,12762,6,,,1,30,,12774,6,,,1,70,,12763,6,,,1,30,,12775,6,,,1,70,,12764,6,,,1,30,,12776,6,,,1,70,,12765,6,,,1,30,,12777,6,,,1,70,,12766,6,,,1,30,,12778,6,,,1,70,,12767,6,,,1,30,,12779,6,,,1,70,,12768,6,,,1,30,,12780,6,,,1,70,,12783,6,,,1,30,,12781,6,,,1,100,,12782,6,,,1
8000,'CCFSUN',702,,12797,6,,,1,100,,12784,6,,,1,30,,12785,6,,,1,70,,12786,6,,,1,30,,12798,6,,,1,70,,12787,6,,,1,30,,12799,6,,,1,70,,12788,6,,,1,30,,12800,6,,,1,70,,12789,6,,,1,30,,12801,6,,,1,70,,12790,6,,,1,30,,12802,6,,,1,70,,12791,6,,,1,30,,12803,6,,,1,70,,12792,6,,,1,30,,12804,6,,,1,70,,12793,6,,,1,30,,12805,6,,,1,70,,12794,6,,,1,30,,12806,6,,,1,70,,12795,6,,,1,30,,12807,6,,,1,70,,12796,6,,,1,30,,12808,6,,,1,70,,12811,6,,,1,30,,12809,6,,,1,100,,12810,6,,,1
