7200,'WKDY',523,,11531,5,,,1,91,,11532,5,,,1,30,,11533,5,,,1,70,,11534,5,,,1,34,,11535,5,,,1,69,,11536,5,,,1,29,,11537,5,,,1,70,,11538,5,,,1,30,,11555,5,,,1,70,,11539,5,,,1,31,,11556,5,,,1,70,,11540,5,,,1,30,,11557,5,,,1,70,,11541,5,,,1,30,,11558,5,,,1,70,,11542,5,,,1,31,,11559,5,,,1,70,,11543,5,,,1,30,,11560,5,,,1,70,,11544,5,,,1,32,,11545,5,,,1,70,,11546,5,,,1,29,,11547,5,,,1,70,,11548,5,,,1,30,,11549,5,,,1,67,,11550,5,,,1,29,,11551,5,,,1,70,,11552,5,,,1,99,,11553,5,,,1,110,,11554,5,,,1
7200,'SAT',744,,11561,5,,,1,100,,11562,5,,,1,101,,11563,5,,,1,100,,11564,5,,,1,101,,11565,5,,,1,101,,11566,5,,,1,101,,11567,5,,,1,100,,11568,5,,,1,100,,11569,5,,,1,100,,11570,5,,,1,98,,11571,5,,,1,100,,11572,5,,,1,99,,11573,5,,,1
7200,'SUN',744,,11574,5,,,1,100,,11575,5,,,1,101,,11576,5,,,1,100,,11577,5,,,1,101,,11578,5,,,1,101,,11579,5,,,1,101,,11580,5,,,1,100,,11581,5,,,1,100,,11582,5,,,1,100,,11583,5,,,1,98,,11584,5,,,1,100,,11585,5,,,1,99,,11586,5,,,1
7200,'CCFWK',523,,11587,5,,,1,91,,11588,5,,,1,30,,11589,5,,,1,70,,11590,5,,,1,34,,11591,5,,,1,69,,11592,5,,,1,29,,11593,5,,,1,70,,11594,5,,,1,30,,11611,5,,,1,70,,11595,5,,,1,31,,11612,5,,,1,70,,11596,5,,,1,30,,11613,5,,,1,70,,11597,5,,,1,30,,11614,5,,,1,70,,11598,5,,,1,31,,11615,5,,,1,70,,11599,5,,,1,30,,11616,5,,,1,70,,11600,5,,,1,32,,11601,5,,,1,70,,11602,5,,,1,29,,11603,5,,,1,70,,11604,5,,,1,30,,11605,5,,,1,67,,11606,5,,,1,29,,11607,5,,,1,70,,11608,5,,,1,99,,11609,5,,,1,110,,11610,5,,,1
7200,'CCFFF',523,,11617,5,,,1,91,,11618,5,,,1,30,,11619,5,,,1,70,,11620,5,,,1,34,,11621,5,,,1,69,,11622,5,,,1,29,,11623,5,,,1,70,,11624,5,,,1,30,,11641,5,,,1,70,,11625,5,,,1,31,,11642,5,,,1,70,,11626,5,,,1,30,,11643,5,,,1,70,,11627,5,,,1,30,,11644,5,,,1,70,,11628,5,,,1,31,,11645,5,,,1,70,,11629,5,,,1,30,,11646,5,,,1,70,,11630,5,,,1,32,,11631,5,,,1,70,,11632,5,,,1,29,,11633,5,,,1,70,,11634,5,,,1,30,,11635,5,,,1,67,,11636,5,,,1,29,,11637,5,,,1,70,,11638,5,,,1,99,,11639,5,,,1,110,,11640,5,,,1
7200,'CCFSAT',744,,11647,5,,,1,100,,11648,5,,,1,101,,11649,5,,,1,100,,11650,5,,,1,101,,11651,5,,,1,101,,11652,5,,,1,101,,11653,5,,,1,100,,11654,5,,,1,100,,11655,5,,,1,100,,11656,5,,,1,98,,11657,5,,,1,100,,11658,5,,,1,99,,11659,5,,,1
7200,'CCFSUN',744,,11660,5,,,1,100,,11661,5,,,1,101,,11662,5,,,1,100,,11663,5,,,1,101,,11664,5,,,1,101,,11665,5,,,1,101,,11666,5,,,1,100,,11667,5,,,1,100,,11668,5,,,1,100,,11669,5,,,1,98,,11670,5,,,1,100,,11671,5,,,1,99,,11672,5,,,1
7400,'WKDY',455,,11815,17,,,1,100,,11816,17,,,1,71,,11844,17,,,1,30,,11817,17,,,1,71,,11845,17,,,1,30,,11818,17,,,1,70,,11819,17,,,1,30,,11820,17,,,1,70,,11821,17,,,1,30,,11822,17,,,1,70,,11823,17,,,1,30,,11824,17,,,1,71,,11825,17,,,1,30,,11826,17,,,1,70,,11827,17,,,1,30,,11828,17,,,1,70,,11829,17,,,1,30,,11830,17,,,1,70,,11831,17,,,1,30,,11832,17,,,1,70,,11833,17,,,1,31,,11834,17,,,1,71,,11835,17,,,1,70,,11836,17,,,1,29,,11837,17,,,1,30,,11838,17,,,1,69,,11839,17,,,1,30,,11840,17,,,1,68,,11841,17,,,1,30,,11842,17,,,1,70,,11846,17,,,1,30,,11847,17,,,1,70,,11843,17,,,1
7400,'SAT',731,,11848,17,,,1,101,,11849,17,,,1,101,,11850,17,,,1,100,,11851,17,,,1,101,,11852,17,,,1,100,,11853,17,,,1,100,,11854,17,,,1,100,,11855,17,,,1,100,,11856,17,,,1,100,,11857,17,,,1,100,,11858,17,,,1,100,,11859,17,,,1,99,,11860,17,,,1,100,,11861,17,,,1
7400,'SUN',731,,11862,17,,,1,101,,11863,17,,,1,101,,11864,17,,,1,100,,11865,17,,,1,101,,11866,17,,,1,100,,11867,17,,,1,100,,11868,17,,,1,100,,11869,17,,,1,100,,11870,17,,,1,100,,11871,17,,,1,100,,11872,17,,,1,100,,11873,17,,,1,99,,11874,17,,,1,100,,11875,17,,,1
7400,'CCFWK',455,,11876,17,,,1,100,,11877,17,,,1,71,,11905,17,,,1,30,,11878,17,,,1,71,,11906,17,,,1,30,,11879,17,,,1,70,,11880,17,,,1,30,,11881,17,,,1,70,,11882,17,,,1,30,,11883,17,,,1,70,,11884,17,,,1,30,,11885,17,,,1,71,,11886,17,,,1,30,,11887,17,,,1,70,,11888,17,,,1,30,,11889,17,,,1,70,,11890,17,,,1,30,,11891,17,,,1,70,,11892,17,,,1,30,,11893,17,,,1,70,,11894,17,,,1,31,,11895,17,,,1,71,,11896,17,,,1,70,,11897,17,,,1,29,,11898,17,,,1,30,,11899,17,,,1,69,,11900,17,,,1,30,,11901,17,,,1,68,,11902,17,,,1,30,,11903,17,,,1,70,,11907,17,,,1,30,,11908,17,,,1,70,,11904,17,,,1
7400,'CCFFF',455,,11909,17,,,1,100,,11910,17,,,1,71,,11938,17,,,1,30,,11911,17,,,1,71,,11939,17,,,1,30,,11912,17,,,1,70,,11913,17,,,1,30,,11914,17,,,1,70,,11915,17,,,1,30,,11916,17,,,1,70,,11917,17,,,1,30,,11918,17,,,1,71,,11919,17,,,1,30,,11920,17,,,1,70,,11921,17,,,1,30,,11922,17,,,1,70,,11923,17,,,1,30,,11924,17,,,1,70,,11925,17,,,1,30,,11926,17,,,1,70,,11927,17,,,1,31,,11928,17,,,1,71,,11929,17,,,1,70,,11930,17,,,1,29,,11931,17,,,1,30,,11932,17,,,1,69,,11933,17,,,1,30,,11934,17,,,1,68,,11935,17,,,1,30,,11936,17,,,1,70,,11940,17,,,1,30,,11941,17,,,1,70,,11937,17,,,1
7400,'CCFSAT',731,,11942,17,,,1,101,,11943,17,,,1,101,,11944,17,,,1,100,,11945,17,,,1,101,,11946,17,,,1,100,,11947,17,,,1,100,,11948,17,,,1,100,,11949,17,,,1,100,,11950,17,,,1,100,,11951,17,,,1,100,,11952,17,,,1,100,,11953,17,,,1,99,,11954,17,,,1,100,,11955,17,,,1
7400,'CCFSUN',731,,11956,17,,,1,101,,11957,17,,,1,101,,11958,17,,,1,100,,11959,17,,,1,101,,11960,17,,,1,100,,11961,17,,,1,100,,11962,17,,,1,100,,11963,17,,,1,100,,11964,17,,,1,100,,11965,17,,,1,100,,11966,17,,,1,100,,11967,17,,,1,99,,11968,17,,,1,100,,11969,17,,,1
