200,'WKDY',638,,3878,29,,,1,100,,3879,29,,,1,100,,3880,29,,,1,92,,3881,29,,,1,107,,3882,29,,,1,100,,3883,29,,,1,100,,3884,29,,,1,100,,3885,29,,,1,102,,3886,29,,,1,100,,3887,29,,,1,99,,3888,29,,,1,101,,3889,29,,,1,97,,3890,29,,,1
200,'CCFWK',638,,3891,29,,,1,100,,3892,29,,,1,100,,3893,29,,,1,92,,3894,29,,,1,107,,3895,29,,,1,100,,3896,29,,,1,100,,3897,29,,,1,100,,3898,29,,,1,102,,3899,29,,,1,100,,3900,29,,,1,99,,3901,29,,,1,101,,3902,29,,,1,97,,3903,29,,,1
200,'CCFFF',638,,3904,29,,,1,100,,3905,29,,,1,100,,3906,29,,,1,92,,3907,29,,,1,107,,3908,29,,,1,100,,3909,29,,,1,100,,3910,29,,,1,100,,3911,29,,,1,102,,3912,29,,,1,100,,3913,29,,,1,99,,3914,29,,,1,101,,3915,29,,,1,97,,3916,29,,,1
600,'WKDY',553,,3956,6,0,14 15 3 16 17,1,70,,3957,6,0,14 15 3 16 17,1,31,,3958,6,0,14 15 3 16 17,1,70,,3959,6,0,14 15 3 16 17,1,30,,3960,6,0,14 15 3 16 17,1,70,,3961,6,0,14 15 3 16 17,1,30,,3962,6,0,14 15 3 16 17,1,70,,3963,6,0,14 15 3 16 17,1,30,,3964,6,0,14 15 3 16 17,1,70,,3965,6,0,14 15 3 16 17,1,30,,3966,6,0,14 15 3 16 17,1,70,,3967,6,0,14 15 3 16 17,1,30,,3968,6,0,14 15 3 16 17,1,70,,3969,6,0,14 15 3 16 17,1,30,,3970,6,0,14 15 3 16 17,1,70,,3971,6,0,14 15 3 16 17,1,30,,3972,6,0,14 15 3 16 17,1,70,,3973,6,0,14 15 3 16 17,1,31,,3974,6,0,14 15 3 16 17,1,70,,3975,6,0,14 15 3 16 17,1,30,,3976,6,0,14 15 3 16 17,1,69,,3977,6,0,14 15 3 16 17,1,30,,3978,6,0,14 15 3 16 17,1,70,,3979,6,0,14 15 3 16 17,1,30,,3980,6,0,14 15 3 16 17,1,70,,3981,6,0,14 15 3 16 17,1,30,,3982,6,0,14 15 3 16 17,1,70,,3983,6,0,14 15 3 16 17,1,30,,3984,6,0,14 15 3 16 17,1,69,,3985,6,0,14 15 3 16 17,1,100,,3986,6,0,14 15 3 16 17,1
600,'SAT',823,,4017,6,0,14 15 3 16 17,1,101,,4018,6,0,14 15 3 16 17,1,100,,4019,6,0,14 15 3 16 17,1,100,,4020,6,0,14 15 3 16 17,1,100,,4021,6,0,14 15 3 16 17,1,100,,4022,6,0,14 15 3 16 17,1,100,,4023,6,0,14 15 3 16 17,1,100,,4024,6,0,14 15 3 16 17,1,100,,4025,6,0,14 15 3 16 17,1,100,,4026,6,0,14 15 3 16 17,1,100,,4027,6,0,14 15 3 16 17,1,100,,4028,6,0,14 15 3 16 17,1
600,'SUN',823,,4040,6,0,14 15 3 16 17,1,101,,4041,6,0,14 15 3 16 17,1,100,,4042,6,0,14 15 3 16 17,1,100,,4043,6,0,14 15 3 16 17,1,100,,4044,6,0,14 15 3 16 17,1,100,,4045,6,0,14 15 3 16 17,1,100,,4046,6,0,14 15 3 16 17,1,100,,4047,6,0,14 15 3 16 17,1,100,,4048,6,0,14 15 3 16 17,1,100,,4049,6,0,14 15 3 16 17,1,100,,4050,6,0,14 15 3 16 17,1,100,,4051,6,0,14 15 3 16 17,1
600,'CCFWK',553,,4063,6,0,14 15 3 16 17,1,70,,4064,6,0,14 15 3 16 17,1,31,,4065,6,0,14 15 3 16 17,1,70,,4066,6,0,14 15 3 16 17,1,30,,4067,6,0,14 15 3 16 17,1,70,,4068,6,0,14 15 3 16 17,1,30,,4069,6,0,14 15 3 16 17,1,70,,4070,6,0,14 15 3 16 17,1,30,,4071,6,0,14 15 3 16 17,1,70,,4072,6,0,14 15 3 16 17,1,30,,4073,6,0,14 15 3 16 17,1,70,,4074,6,0,14 15 3 16 17,1,30,,4075,6,0,14 15 3 16 17,1,70,,4076,6,0,14 15 3 16 17,1,30,,4077,6,0,14 15 3 16 17,1,70,,4078,6,0,14 15 3 16 17,1,30,,4079,6,0,14 15 3 16 17,1,70,,4080,6,0,14 15 3 16 17,1,31,,4081,6,0,14 15 3 16 17,1,70,,4082,6,0,14 15 3 16 17,1,30,,4083,6,0,14 15 3 16 17,1,69,,4084,6,0,14 15 3 16 17,1,30,,4085,6,0,14 15 3 16 17,1,70,,4086,6,0,14 15 3 16 17,1,30,,4087,6,0,14 15 3 16 17,1,70,,4088,6,0,14 15 3 16 17,1,30,,4089,6,0,14 15 3 16 17,1,70,,4090,6,0,14 15 3 16 17,1,30,,4091,6,0,14 15 3 16 17,1,69,,4092,6,0,14 15 3 16 17,1,100,,4093,6,0,14 15 3 16 17,1
600,'CCFFF',553,,4124,6,0,14 15 3 16 17,1,70,,4125,6,0,14 15 3 16 17,1,31,,4126,6,0,14 15 3 16 17,1,70,,4127,6,0,14 15 3 16 17,1,30,,4128,6,0,14 15 3 16 17,1,70,,4129,6,0,14 15 3 16 17,1,30,,4130,6,0,14 15 3 16 17,1,70,,4131,6,0,14 15 3 16 17,1,30,,4132,6,0,14 15 3 16 17,1,70,,4133,6,0,14 15 3 16 17,1,30,,4134,6,0,14 15 3 16 17,1,70,,4135,6,0,14 15 3 16 17,1,30,,4136,6,0,14 15 3 16 17,1,70,,4137,6,0,14 15 3 16 17,1,30,,4138,6,0,14 15 3 16 17,1,70,,4139,6,0,14 15 3 16 17,1,30,,4140,6,0,14 15 3 16 17,1,70,,4141,6,0,14 15 3 16 17,1,31,,4142,6,0,14 15 3 16 17,1,70,,4143,6,0,14 15 3 16 17,1,30,,4144,6,0,14 15 3 16 17,1,69,,4145,6,0,14 15 3 16 17,1,30,,4146,6,0,14 15 3 16 17,1,70,,4147,6,0,14 15 3 16 17,1,30,,4148,6,0,14 15 3 16 17,1,70,,4149,6,0,14 15 3 16 17,1,30,,4150,6,0,14 15 3 16 17,1,70,,4151,6,0,14 15 3 16 17,1,30,,4152,6,0,14 15 3 16 17,1,69,,4153,6,0,14 15 3 16 17,1,100,,4154,6,0,14 15 3 16 17,1
600,'CCFSAT',823,,4185,6,0,14 15 3 16 17,1,101,,4186,6,0,14 15 3 16 17,1,100,,4187,6,0,14 15 3 16 17,1,100,,4188,6,0,14 15 3 16 17,1,100,,4189,6,0,14 15 3 16 17,1,100,,4190,6,0,14 15 3 16 17,1,100,,4191,6,0,14 15 3 16 17,1,100,,4192,6,0,14 15 3 16 17,1,100,,4193,6,0,14 15 3 16 17,1,100,,4194,6,0,14 15 3 16 17,1,100,,4195,6,0,14 15 3 16 17,1,100,,4196,6,0,14 15 3 16 17,1
600,'CCFSUN',823,,4208,6,0,14 15 3 16 17,1,101,,4209,6,0,14 15 3 16 17,1,100,,4210,6,0,14 15 3 16 17,1,100,,4211,6,0,14 15 3 16 17,1,100,,4212,6,0,14 15 3 16 17,1,100,,4213,6,0,14 15 3 16 17,1,100,,4214,6,0,14 15 3 16 17,1,100,,4215,6,0,14 15 3 16 17,1,100,,4216,6,0,14 15 3 16 17,1,100,,4217,6,0,14 15 3 16 17,1,100,,4218,6,0,14 15 3 16 17,1,100,,4219,6,0,14 15 3 16 17,1
