1200,'WKDY',549,,4878,22,,,1,70,,4879,22,,,1,31,,4880,22,,,1,70,,4881,22,,,1,30,,4882,22,,,1,70,,4883,22,,,1,30,,4884,22,,,1,70,,4885,22,,,1,30,,4886,22,,,1,70,,4887,22,,,1,30,,4888,22,,,1,70,,4889,22,,,1,32,,4890,22,,,1,70,,4891,22,,,1,30,,4892,22,,,1,70,,4893,22,,,1,30,,4894,22,,,1,70,,4895,22,,,1,31,,4896,22,,,1,70,,4897,22,,,1,30,,4898,22,,,1,70,,4899,22,,,1,30,,4900,22,,,1,70,,4901,22,,,1,30,,4902,22,,,1,70,,4903,22,,,1,29,,4904,22,,,1,70,,4905,22,,,1,30,,4906,22,,,1,68,,4907,22,,,1,28,,4908,22,,,1,70,,4909,22,,,1
1200,'SAT',639,,4910,22,,,1,100,,4911,22,,,1,100,,4912,22,,,1,102,,4913,22,,,1,100,,4914,22,,,1,101,,4915,22,,,1,100,,4916,22,,,1,100,,4917,22,,,1,100,,4918,22,,,1,100,,4919,22,,,1,100,,4920,22,,,1,99,,4921,22,,,1,100,,4922,22,,,1,98,,4923,22,,,1,100,,4924,22,,,1,100,,4925,22,,,1
1200,'SUN',639,,4926,22,,,1,100,,4927,22,,,1,100,,4928,22,,,1,102,,4929,22,,,1,100,,4930,22,,,1,101,,4931,22,,,1,100,,4932,22,,,1,100,,4933,22,,,1,100,,4934,22,,,1,100,,4935,22,,,1,100,,4936,22,,,1,99,,4937,22,,,1,100,,4938,22,,,1,98,,4939,22,,,1,100,,4940,22,,,1,100,,4941,22,,,1
1200,'CCFWK',549,,4942,22,,,1,70,,4943,22,,,1,31,,4944,22,,,1,70,,4945,22,,,1,30,,4946,22,,,1,70,,4947,22,,,1,30,,4948,22,,,1,70,,4949,22,,,1,30,,4950,22,,,1,70,,4951,22,,,1,30,,4952,22,,,1,70,,4953,22,,,1,32,,4954,22,,,1,70,,4955,22,,,1,30,,4956,22,,,1,70,,4957,22,,,1,30,,4958,22,,,1,70,,4959,22,,,1,31,,4960,22,,,1,70,,4961,22,,,1,30,,4962,22,,,1,70,,4963,22,,,1,30,,4964,22,,,1,70,,4965,22,,,1,30,,4966,22,,,1,70,,4967,22,,,1,29,,4968,22,,,1,70,,4969,22,,,1,30,,4970,22,,,1,68,,4971,22,,,1,28,,4972,22,,,1,70,,4973,22,,,1
1200,'CCFFF',549,,4974,22,,,1,70,,4975,22,,,1,31,,4976,22,,,1,70,,4977,22,,,1,30,,4978,22,,,1,70,,4979,22,,,1,30,,4980,22,,,1,70,,4981,22,,,1,30,,4982,22,,,1,70,,4983,22,,,1,30,,4984,22,,,1,70,,4985,22,,,1,32,,4986,22,,,1,70,,4987,22,,,1,30,,4988,22,,,1,70,,4989,22,,,1,30,,4990,22,,,1,70,,4991,22,,,1,31,,4992,22,,,1,70,,4993,22,,,1,30,,4994,22,,,1,70,,4995,22,,,1,30,,4996,22,,,1,70,,4997,22,,,1,30,,4998,22,,,1,70,,4999,22,,,1,29,,5000,22,,,1,70,,5001,22,,,1,30,,5002,22,,,1,68,,5003,22,,,1,28,,5004,22,,,1,70,,5005,22,,,1
1200,'CCFSAT',639,,5006,22,,,1,100,,5007,22,,,1,100,,5008,22,,,1,102,,5009,22,,,1,100,,5010,22,,,1,101,,5011,22,,,1,100,,5012,22,,,1,100,,5013,22,,,1,100,,5014,22,,,1,100,,5015,22,,,1,100,,5016,22,,,1,99,,5017,22,,,1,100,,5018,22,,,1,98,,5019,22,,,1,100,,5020,22,,,1,100,,5021,22,,,1
1200,'CCFSUN',639,,5022,22,,,1,100,,5023,22,,,1,100,,5024,22,,,1,102,,5025,22,,,1,100,,5026,22,,,1,101,,5027,22,,,1,100,,5028,22,,,1,100,,5029,22,,,1,100,,5030,22,,,1,100,,5031,22,,,1,100,,5032,22,,,1,99,,5033,22,,,1,100,,5034,22,,,1,98,,5035,22,,,1,100,,5036,22,,,1,100,,5037,22,,,1
8000,'WKDY',545,,12399,29,,,1,71,,12430,29,,,1,30,,12400,29,,,1,71,,12401,29,,,1,32,,12402,29,,,1,70,,12403,29,,,1,30,,12404,29,,,1,70,,12405,29,,,1,30,,12406,29,,,1,70,,12407,29,,,1,30,,12408,29,,,1,70,,12409,29,,,1,30,,12410,29,,,1,70,,12411,29,,,1,30,,12412,29,,,1,70,,12413,29,,,1,31,,12414,29,,,1,70,,12415,29,,,1,30,,12416,29,,,1,72,,12417,29,,,1,30,,12418,29,,,1,70,,12419,29,,,1,30,,12420,29,,,1,64,,12421,29,,,1,30,,12422,29,,,1,70,,12423,29,,,1,30,,12424,29,,,1,70,,12425,29,,,1,30,,12426,29,,,1,70,,12427,29,,,1,29,,12428,29,,,1,70,,12429,29,,,1
8000,'SAT',646,,12443,29,,,1,100,,12431,29,,,1,70,,12432,29,,,1,30,,12433,29,,,1,70,,12444,29,,,1,30,,12434,29,,,1,70,,12445,29,,,1,31,,12435,29,,,1,70,,12446,29,,,1,30,,12436,29,,,1,71,,12447,29,,,1,30,,12437,29,,,1,70,,12448,29,,,1,30,,12438,29,,,1,70,,12449,29,,,1,30,,12439,29,,,1,70,,12450,29,,,1,30,,12440,29,,,1,70,,12451,29,,,1,30,,12441,29,,,1,70,,12452,29,,,1,30,,12442,29,,,1,70,,12453,29,,,1,29,,12454,29,,,1,69,,12455,29,,,1,30,,12456,29,,,1,70,,12457,29,,,1,100,,12458,29,,,1
8000,'SUN',646,,12472,29,,,1,100,,12459,29,,,1,70,,12460,29,,,1,30,,12461,29,,,1,70,,12473,29,,,1,30,,12462,29,,,1,70,,12474,29,,,1,31,,12463,29,,,1,70,,12475,29,,,1,30,,12464,29,,,1,71,,12476,29,,,1,30,,12465,29,,,1,70,,12477,29,,,1,30,,12466,29,,,1,70,,12478,29,,,1,30,,12467,29,,,1,70,,12479,29,,,1,30,,12468,29,,,1,70,,12480,29,,,1,30,,12469,29,,,1,70,,12481,29,,,1,30,,12470,29,,,1,70,,12482,29,,,1,29,,12471,29,,,1,69,,12483,29,,,1,30,,12485,29,,,1,70,,12484,29,,,1,100,,12486,29,,,1
8000,'CCFWK',545,,12487,29,,,1,71,,12518,29,,,1,30,,12488,29,,,1,71,,12489,29,,,1,32,,12490,29,,,1,70,,12491,29,,,1,30,,12492,29,,,1,70,,12493,29,,,1,30,,12494,29,,,1,70,,12495,29,,,1,30,,12496,29,,,1,70,,12497,29,,,1,30,,12498,29,,,1,70,,12499,29,,,1,30,,12500,29,,,1,70,,12501,29,,,1,31,,12502,29,,,1,70,,12503,29,,,1,30,,12504,29,,,1,72,,12505,29,,,1,30,,12506,29,,,1,70,,12507,29,,,1,30,,12508,29,,,1,64,,12509,29,,,1,30,,12510,29,,,1,70,,12511,29,,,1,30,,12512,29,,,1,70,,12513,29,,,1,30,,12514,29,,,1,70,,12515,29,,,1,29,,12516,29,,,1,70,,12517,29,,,1
8000,'CCFFF',545,,12519,29,,,1,71,,12550,29,,,1,30,,12520,29,,,1,71,,12521,29,,,1,32,,12522,29,,,1,70,,12523,29,,,1,30,,12524,29,,,1,70,,12525,29,,,1,30,,12526,29,,,1,70,,12527,29,,,1,30,,12528,29,,,1,70,,12529,29,,,1,30,,12530,29,,,1,70,,12531,29,,,1,30,,12532,29,,,1,70,,12533,29,,,1,31,,12534,29,,,1,70,,12535,29,,,1,30,,12536,29,,,1,72,,12537,29,,,1,30,,12538,29,,,1,70,,12539,29,,,1,30,,12540,29,,,1,64,,12541,29,,,1,30,,12542,29,,,1,70,,12543,29,,,1,30,,12544,29,,,1,70,,12545,29,,,1,30,,12546,29,,,1,70,,12547,29,,,1,29,,12548,29,,,1,70,,12549,29,,,1
8000,'CCFSAT',646,,12563,29,,,1,100,,12551,29,,,1,70,,12552,29,,,1,30,,12553,29,,,1,70,,12564,29,,,1,30,,12554,29,,,1,70,,12565,29,,,1,31,,12555,29,,,1,70,,12566,29,,,1,30,,12556,29,,,1,71,,12567,29,,,1,30,,12557,29,,,1,70,,12568,29,,,1,30,,12558,29,,,1,70,,12569,29,,,1,30,,12559,29,,,1,70,,12570,29,,,1,30,,12560,29,,,1,70,,12571,29,,,1,30,,12561,29,,,1,70,,12572,29,,,1,30,,12562,29,,,1,70,,12573,29,,,1,29,,12574,29,,,1,69,,12575,29,,,1,30,,12576,29,,,1,70,,12577,29,,,1,100,,12578,29,,,1
8000,'CCFSUN',646,,12592,29,,,1,100,,12579,29,,,1,70,,12580,29,,,1,30,,12581,29,,,1,70,,12593,29,,,1,30,,12582,29,,,1,70,,12594,29,,,1,31,,12583,29,,,1,70,,12595,29,,,1,30,,12584,29,,,1,71,,12596,29,,,1,30,,12585,29,,,1,70,,12597,29,,,1,30,,12586,29,,,1,70,,12598,29,,,1,30,,12587,29,,,1,70,,12599,29,,,1,30,,12588,29,,,1,70,,12600,29,,,1,30,,12589,29,,,1,70,,12601,29,,,1,30,,12590,29,,,1,70,,12602,29,,,1,29,,12591,29,,,1,69,,12603,29,,,1,30,,12605,29,,,1,70,,12604,29,,,1,100,,12606,29,,,1
