4100,'WKDY',652,,7188,5,,,1,70,,7192,5,,,1,81,,7189,5,0,10 11 12,1,948,,7190,5,0,10 11 12,1,68,,7191,5,0,10 11 12,1
4100,'CCFWK',652,,7193,5,,,1,70,,7197,5,,,1,81,,7194,5,0,10 11 12,1,948,,7195,5,0,10 11 12,1,68,,7196,5,0,10 11 12,1
4100,'CCFFF',652,,7198,5,,,1,70,,7202,5,,,1,81,,7199,5,0,10 11 12,1,948,,7200,5,0,10 11 12,1,68,,7201,5,0,10 11 12,1
9201,'WKDY',552,,12965,5,,,1,70,,12966,5,,,1,30,,12967,5,,,1,70,,12968,5,,,1,31,,12969,5,,,1,71,,12970,5,,,1,30,,12971,5,,,1,70,,12972,5,,,1,30,,12973,5,,,1,70,,12974,5,,,1,30,,12975,5,,,1,70,,12976,5,,,1,30,,12977,5,,,1,70,,12978,5,,,1,31,,12979,5,,,1,71,,12980,5,,,1,30,,12981,5,,,1,70,,12982,5,,,1,30,,12983,5,,,1,71,,12984,5,,,1,30,,12985,5,,,1,70,,12986,5,,,1,29,,12987,5,,,1,69,,12988,5,,,1,30,,12989,5,,,1,70,,12990,5,,,1,30,,12991,5,,,1,70,,12992,5,,,1,27,,12993,5,,,1,100,,12994,5,,,1,100,,12995,5,,,1
9201,'SAT',738,,12996,5,,,1,100,,12997,5,,,1,100,,12998,5,,,1,101,,12999,5,,,1,101,,13000,5,,,1,100,,13001,5,,,1,100,,13002,5,,,1,99,,13003,5,,,1,100,,13004,5,,,1,100,,13005,5,,,1,100,,13006,5,,,1,98,,13007,5,,,1,100,,13008,5,,,1,100,,13009,5,,,1,100,,13010,5,,,1
9201,'SUN',738,,13011,5,,,1,100,,13012,5,,,1,100,,13013,5,,,1,101,,13014,5,,,1,101,,13015,5,,,1,100,,13016,5,,,1,100,,13017,5,,,1,99,,13018,5,,,1,100,,13019,5,,,1,100,,13020,5,,,1,100,,13021,5,,,1,98,,13022,5,,,1,100,,13023,5,,,1,100,,13024,5,,,1,100,,13025,5,,,1
9201,'CCFWK',552,,13026,5,,,1,70,,13027,5,,,1,30,,13028,5,,,1,70,,13029,5,,,1,31,,13030,5,,,1,71,,13031,5,,,1,30,,13032,5,,,1,70,,13033,5,,,1,30,,13034,5,,,1,70,,13035,5,,,1,30,,13036,5,,,1,70,,13037,5,,,1,30,,13038,5,,,1,70,,13039,5,,,1,31,,13040,5,,,1,71,,13041,5,,,1,30,,13042,5,,,1,70,,13043,5,,,1,30,,13044,5,,,1,71,,13045,5,,,1,30,,13046,5,,,1,70,,13047,5,,,1,29,,13048,5,,,1,69,,13049,5,,,1,30,,13050,5,,,1,70,,13051,5,,,1,30,,13052,5,,,1,70,,13053,5,,,1,27,,13054,5,,,1,100,,13055,5,,,1,100,,13056,5,,,1
9201,'CCFFF',552,,13057,5,,,1,70,,13058,5,,,1,30,,13059,5,,,1,70,,13060,5,,,1,31,,13061,5,,,1,71,,13062,5,,,1,30,,13063,5,,,1,70,,13064,5,,,1,30,,13065,5,,,1,70,,13066,5,,,1,30,,13067,5,,,1,70,,13068,5,,,1,30,,13069,5,,,1,70,,13070,5,,,1,31,,13071,5,,,1,71,,13072,5,,,1,30,,13073,5,,,1,70,,13074,5,,,1,30,,13075,5,,,1,71,,13076,5,,,1,30,,13077,5,,,1,70,,13078,5,,,1,29,,13079,5,,,1,69,,13080,5,,,1,30,,13081,5,,,1,70,,13082,5,,,1,30,,13083,5,,,1,70,,13084,5,,,1,27,,13085,5,,,1,100,,13086,5,,,1,100,,13087,5,,,1
9201,'CCFSAT',738,,13088,5,,,1,100,,13089,5,,,1,100,,13090,5,,,1,101,,13091,5,,,1,101,,13092,5,,,1,100,,13093,5,,,1,100,,13094,5,,,1,99,,13095,5,,,1,100,,13096,5,,,1,100,,13097,5,,,1,100,,13098,5,,,1,98,,13099,5,,,1,100,,13100,5,,,1,100,,13101,5,,,1,100,,13102,5,,,1
9201,'CCFSUN',738,,13103,5,,,1,100,,13104,5,,,1,100,,13105,5,,,1,101,,13106,5,,,1,101,,13107,5,,,1,100,,13108,5,,,1,100,,13109,5,,,1,99,,13110,5,,,1,100,,13111,5,,,1,100,,13112,5,,,1,100,,13113,5,,,1,98,,13114,5,,,1,100,,13115,5,,,1,100,,13116,5,,,1,100,,13117,5,,,1
