700,'WKDY',644,,241,27,,,1,62,,270,27,,,1,95,,242,27,,,1,31,,243,27,,,1,27,,244,27,,,1,69,,245,27,,,1,31,,246,27,,,1,68,,247,27,,,1,30,,248,27,,,1,70,,249,27,,,1,30,,250,27,,,1,70,,251,27,,,1,32,,252,27,,,1,71,,253,27,,,1,74,,254,27,,,1,31,,255,27,,,1,70,,256,27,,,1,31,,257,27,,,1,71,,258,27,,,1,30,,259,27,,,1,70,,260,27,,,1,26,,261,27,,,1,70,,262,27,,,1,29,,263,27,,,1,27,,264,27,,,1,68,,265,27,,,1,29,,266,27,,,1,67,,267,27,,,1,100,,268,27,,,1,100,,269,27,,,1
700,'SAT',748,,282,27,,,1,100,,283,27,,,1,102,,271,27,,,1,105,,272,27,,,1,103,,273,27,,,1,100,,274,27,,,1,101,,275,27,,,1,100,,276,27,,,1,99,,277,27,,,1,98,,278,27,,,1,99,,279,27,,,1,99,,280,27,,,1,97,,281,27,,,1,100,,284,27,,,1,100,,285,27,,,1
700,'SUN',748,,297,27,,,1,100,,298,27,,,1,102,,286,27,,,1,105,,287,27,,,1,103,,288,27,,,1,100,,289,27,,,1,101,,290,27,,,1,100,,291,27,,,1,99,,292,27,,,1,98,,293,27,,,1,99,,294,27,,,1,99,,295,27,,,1,97,,296,27,,,1,100,,299,27,,,1,100,,300,27,,,1
1200,'WKDY',644,,385,28,,,1,70,,386,28,,,1,31,,387,28,,,1,71,,388,28,,,1,30,,389,28,,,1,70,,390,28,,,1,30,,391,28,,,1,70,,392,28,,,1,30,,393,28,,,1,70,,394,28,,,1,30,,395,28,,,1,70,,396,28,,,1,30,,397,28,,,1,70,,398,28,,,1,30,,399,28,,,1,70,,400,28,,,1,30,,401,28,,,1,70,,402,28,,,1,33,,403,28,,,1,70,,404,28,,,1,30,,405,28,,,1,70,,406,28,,,1,30,,407,28,,,1,70,,408,28,,,1,26,,409,28,,,1,70,,410,28,,,1,30,,411,28,,,1,68,,412,28,,,1,30,,413,28,,,1,68,,414,28,,,1,30,,415,28,,,1,70,,416,28,,,1
1200,'SAT',735,,417,28,,,1,100,,418,28,,,1,101,,419,28,,,1,100,,420,28,,,1,101,,421,28,,,1,100,,422,28,,,1,100,,423,28,,,1,100,,424,28,,,1,100,,425,28,,,1,100,,426,28,,,1,99,,427,28,,,1,100,,428,28,,,1,99,,429,28,,,1,100,,430,28,,,1,100,,431,28,,,1,100,,432,28,,,1
1200,'SUN',735,,433,28,,,1,100,,434,28,,,1,101,,435,28,,,1,100,,436,28,,,1,101,,437,28,,,1,100,,438,28,,,1,100,,439,28,,,1,100,,440,28,,,1,100,,441,28,,,1,100,,442,28,,,1,99,,443,28,,,1,100,,444,28,,,1,99,,445,28,,,1,100,,446,28,,,1,100,,447,28,,,1,100,,448,28,,,1
7200,'WKDY',539,,3130,29,,,1,92,,3131,29,,,1,71,,3132,29,,,1,29,,3133,29,,,1,74,,3134,29,,,1,29,,3135,29,,,1,69,,3136,29,,,1,30,,3137,29,,,1,70,,3154,29,,,1,30,,3138,29,,,1,72,,3155,29,,,1,30,,3139,29,,,1,70,,3156,29,,,1,30,,3140,29,,,1,71,,3157,29,,,1,29,,3141,29,,,1,71,,3158,29,,,1,31,,3142,29,,,1,72,,3159,29,,,1,30,,3143,29,,,1,73,,3144,29,,,1,29,,3145,29,,,1,65,,3146,29,,,1,30,,3147,29,,,1,70,,3148,29,,,1,26,,3149,29,,,1,69,,3150,29,,,1,30,,3151,29,,,1,99,,3152,29,,,1,110,,3153,29,,,1
7200,'SAT',800,,3160,29,,,1,102,,3161,29,,,1,101,,3162,29,,,1,100,,3163,29,,,1,102,,3164,29,,,1,100,,3165,29,,,1,102,,3166,29,,,1,99,,3167,29,,,1,100,,3168,29,,,1,100,,3169,29,,,1,98,,3170,29,,,1,100,,3171,29,,,1,99,,3172,29,,,1
7200,'SUN',800,,3173,29,,,1,102,,3174,29,,,1,101,,3175,29,,,1,100,,3176,29,,,1,102,,3177,29,,,1,101,,3178,29,,,1,101,,3179,29,,,1,99,,3180,29,,,1,100,,3181,29,,,1,100,,3182,29,,,1,98,,3183,29,,,1,100,,3184,29,,,1,99,,3185,29,,,1
7400,'WKDY',537,,3242,26,,,1,100,,3243,26,,,1,70,,3271,26,,,1,30,,3244,26,,,1,71,,3272,26,,,1,29,,3245,26,,,1,69,,3246,26,,,1,30,,3247,26,,,1,70,,3248,26,,,1,30,,3249,26,,,1,70,,3250,26,,,1,31,,3251,26,,,1,71,,3252,26,,,1,30,,3253,26,,,1,71,,3254,26,,,1,30,,3255,26,,,1,70,,3256,26,,,1,30,,3257,26,,,1,69,,3258,26,,,1,30,,3259,26,,,1,70,,3260,26,,,1,30,,3261,26,,,1,70,,3262,26,,,1,30,,3263,26,,,1,70,,3264,26,,,1,30,,3265,26,,,1,70,,3266,26,,,1,28,,3267,26,,,1,71,,3269,26,,,1,30,,3273,26,,,1,70,,3268,26,,,1,99,,3270,26,,,1
7400,'SAT',816,,3274,26,,,1,100,,3275,26,,,1,99,,3276,26,,,1,100,,3277,26,,,1,100,,3278,26,,,1,100,,3279,26,,,1,100,,3280,26,,,1,100,,3281,26,,,1,100,,3282,26,,,1,100,,3283,26,,,1,100,,3284,26,,,1,100,,3285,26,,,1,100,,3286,26,,,1,101,,3287,26,,,1
7400,'SUN',816,,3288,26,,,1,100,,3289,26,,,1,99,,3290,26,,,1,100,,3291,26,,,1,100,,3292,26,,,1,100,,3293,26,,,1,100,,3294,26,,,1,100,,3295,26,,,1,100,,3296,26,,,1,100,,3297,26,,,1,100,,3298,26,,,1,100,,3299,26,,,1,100,,3300,26,,,1,101,,3301,26,,,1
8001,'WKDY',629,,3560,35,,,1,71,,3561,35,,,1,31,,3562,35,,,1,71,,3563,35,,,1,30,,3564,35,,,1,70,,3565,35,,,1,29,,3566,35,,,1,70,,3567,35,,,1,30,,3568,35,,,1,71,,3569,35,,,1,30,,3570,35,,,1,70,,3571,35,,,1,30,,3572,35,,,1,71,,3573,35,,,1,30,,3574,35,,,1,71,,3575,35,,,1,30,,3576,35,,,1,70,,3577,35,,,1,34,,3578,35,,,1,73,,3579,35,,,1,30,,3580,35,,,1,69,,3581,35,,,1,29,,3582,35,,,1,66,,3583,35,,,1,27,,3584,35,,,1,69,,3585,35,,,1,29,,3586,35,,,1,29,,3587,35,,,1,70,,3588,35,,,1,30,,3589,35,,,1,68,,3590,35,,,1
8001,'SAT',727,,3604,35,,,1,101,,3591,35,,,1,30,,3592,35,,,1,70,,3593,35,,,1,30,,3605,35,,,1,70,,3594,35,,,1,72,,3606,35,,,1,30,,3595,35,,,1,70,,3607,35,,,1,30,,3596,35,,,1,71,,3608,35,,,1,30,,3597,35,,,1,70,,3609,35,,,1,30,,3598,35,,,1,70,,3610,35,,,1,30,,3599,35,,,1,70,,3611,35,,,1,30,,3600,35,,,1,70,,3612,35,,,1,30,,3601,35,,,1,69,,3613,35,,,1,30,,3602,35,,,1,70,,3614,35,,,1,30,,3603,35,,,1,70,,3615,35,,,1,28,,3618,35,,,1,72,,3616,35,,,1,100,,3617,35,,,1
8001,'SUN',727,,3632,35,,,1,101,,3619,35,,,1,30,,3620,35,,,1,70,,3621,35,,,1,30,,3633,35,,,1,70,,3622,35,,,1,72,,3634,35,,,1,30,,3623,35,,,1,70,,3635,35,,,1,30,,3624,35,,,1,71,,3636,35,,,1,30,,3625,35,,,1,70,,3637,35,,,1,30,,3626,35,,,1,70,,3638,35,,,1,30,,3627,35,,,1,70,,3639,35,,,1,30,,3628,35,,,1,70,,3640,35,,,1,30,,3629,35,,,1,69,,3641,35,,,1,30,,3630,35,,,1,70,,3642,35,,,1,30,,3631,35,,,1,70,,3643,35,,,1,30,,3646,35,,,1,70,,3644,35,,,1,57,,3645,35,,,1
