700,'WKDY',608,,4506,24,,,1,111,,4507,24,,,1,31,,4508,24,,,1,68,,4509,24,,,1,29,,4510,24,,,1,71,,4511,24,,,1,28,,4512,24,,,1,70,,4513,24,,,1,30,,4514,24,,,1,70,,4515,24,,,1,30,,4516,24,,,1,72,,4517,24,,,1,31,,4518,24,,,1,70,,4519,24,,,1,30,,4520,24,,,1,70,,4521,24,,,1,33,,4522,24,,,1,71,,4523,24,,,1,30,,4524,24,,,1,70,,4525,24,,,1,30,,4526,24,,,1,70,,4527,24,,,1,30,,4528,24,,,1,67,,4529,24,,,1,28,,4530,24,,,1,69,,4531,24,,,1,27,,4532,24,,,1,100,,4533,24,,,1,100,,4534,24,,,1
700,'SAT',713,,4546,24,,,1,100,,4547,24,,,1,100,,4535,24,,,1,102,,4536,24,,,1,102,,4537,24,,,1,100,,4538,24,,,1,101,,4539,24,,,1,100,,4540,24,,,1,100,,4541,24,,,1,100,,4542,24,,,1,100,,4543,24,,,1,99,,4544,24,,,1,99,,4545,24,,,1,100,,4548,24,,,1,100,,4549,24,,,1
700,'SUN',713,,4561,24,,,1,100,,4562,24,,,1,100,,4550,24,,,1,102,,4551,24,,,1,102,,4552,24,,,1,100,,4553,24,,,1,101,,4554,24,,,1,100,,4555,24,,,1,100,,4556,24,,,1,100,,4557,24,,,1,100,,4558,24,,,1,99,,4559,24,,,1,99,,4560,24,,,1,100,,4563,24,,,1,100,,4564,24,,,1
700,'CCFWK',608,,4565,24,,,1,111,,4566,24,,,1,31,,4567,24,,,1,68,,4568,24,,,1,29,,4569,24,,,1,71,,4570,24,,,1,28,,4571,24,,,1,70,,4572,24,,,1,30,,4573,24,,,1,70,,4574,24,,,1,30,,4575,24,,,1,72,,4576,24,,,1,31,,4577,24,,,1,70,,4578,24,,,1,30,,4579,24,,,1,70,,4580,24,,,1,33,,4581,24,,,1,71,,4582,24,,,1,30,,4583,24,,,1,70,,4584,24,,,1,30,,4585,24,,,1,70,,4586,24,,,1,30,,4587,24,,,1,67,,4588,24,,,1,28,,4589,24,,,1,69,,4590,24,,,1,27,,4591,24,,,1,100,,4592,24,,,1,100,,4593,24,,,1
700,'CCFFF',608,,4594,24,,,1,111,,4595,24,,,1,31,,4596,24,,,1,68,,4597,24,,,1,29,,4598,24,,,1,71,,4599,24,,,1,28,,4600,24,,,1,70,,4601,24,,,1,30,,4602,24,,,1,70,,4603,24,,,1,30,,4604,24,,,1,72,,4605,24,,,1,31,,4606,24,,,1,70,,4607,24,,,1,30,,4608,24,,,1,70,,4609,24,,,1,33,,4610,24,,,1,71,,4611,24,,,1,30,,4612,24,,,1,70,,4613,24,,,1,30,,4614,24,,,1,70,,4615,24,,,1,30,,4616,24,,,1,67,,4617,24,,,1,28,,4618,24,,,1,69,,4619,24,,,1,27,,4620,24,,,1,100,,4621,24,,,1,100,,4622,24,,,1
700,'CCFSAT',713,,4634,24,,,1,100,,4635,24,,,1,100,,4623,24,,,1,102,,4624,24,,,1,102,,4625,24,,,1,100,,4626,24,,,1,101,,4627,24,,,1,100,,4628,24,,,1,100,,4629,24,,,1,100,,4630,24,,,1,100,,4631,24,,,1,99,,4632,24,,,1,99,,4633,24,,,1,100,,4636,24,,,1,100,,4637,24,,,1
700,'CCFSUN',713,,4649,24,,,1,100,,4650,24,,,1,100,,4638,24,,,1,102,,4639,24,,,1,102,,4640,24,,,1,100,,4641,24,,,1,101,,4642,24,,,1,100,,4643,24,,,1,100,,4644,24,,,1,100,,4645,24,,,1,100,,4646,24,,,1,99,,4647,24,,,1,99,,4648,24,,,1,100,,4651,24,,,1,100,,4652,24,,,1
4700,'WKDY',535,,7212,3,,,1,679,,7213,3,,,1,606,,7214,3,,,1
4700,'CCFWK',535,,7215,3,,,1,679,,7216,3,,,1,606,,7217,3,,,1
4700,'CCFFF',535,,7218,3,,,1,679,,7219,3,,,1,606,,7220,3,,,1
