3001,'WKDY',606,,5724,8,,,1,30,,5725,8,,,1,70,,5726,8,,,1,30,,5727,8,,,1,71,,5728,8,,,1,30,,5729,8,,,1,70,,5730,8,,,1,30,,5731,8,,,1,70,,5732,8,,,1,30,,5733,8,,,1,70,,5734,8,,,1,30,,5735,8,,,1,70,,5736,8,,,1,30,,5737,8,,,1,70,,5738,8,,,1,30,,5739,8,,,1,71,,5740,8,,,1,30,,5741,8,,,1,70,,5742,8,,,1,30,,5743,8,,,1,70,,5744,8,,,1,30,,5745,8,,,1,69,,5746,8,,,1,30,,5747,8,,,1,70,,5748,8,,,1,30,,5749,8,,,1,69,,5750,8,,,1,30,,5751,8,,,1,70,,5752,8,,,1,100,,5753,8,,,1
3001,'SAT',735,,5756,8,,,1,71,,5757,8,,,1,30,,5758,8,,,1,70,,5759,8,,,1,30,,5760,8,,,1,70,,5761,8,,,1,30,,5762,8,,,1,70,,5763,8,,,1,30,,5764,8,,,1,71,,5765,8,,,1,30,,5766,8,,,1,70,,5767,8,,,1,30,,5768,8,,,1,70,,5769,8,,,1,30,,5770,8,,,1,70,,5771,8,,,1,30,,5772,8,,,1,70,,5773,8,,,1,30,,5774,8,,,1,70,,5775,8,,,1,99,,5776,8,,,1,100,,5777,8,,,1,100,,5778,8,,,1
3001,'SUN',806,,5781,8,,,1,100,,5782,8,,,1,100,,5783,8,,,1,100,,5784,8,,,1,101,,5785,8,,,1,100,,5786,8,,,1,100,,5787,8,,,1,100,,5788,8,,,1,100,,5789,8,,,1,100,,5790,8,,,1,99,,5791,8,,,1,100,,5792,8,,,1,100,,5793,8,,,1
3001,'CCFWK',606,,5796,8,,,1,30,,5797,8,,,1,70,,5798,8,,,1,30,,5799,8,,,1,71,,5800,8,,,1,30,,5801,8,,,1,70,,5802,8,,,1,30,,5803,8,,,1,70,,5804,8,,,1,30,,5805,8,,,1,70,,5806,8,,,1,30,,5807,8,,,1,70,,5808,8,,,1,30,,5809,8,,,1,70,,5810,8,,,1,30,,5811,8,,,1,71,,5812,8,,,1,30,,5813,8,,,1,70,,5814,8,,,1,30,,5815,8,,,1,70,,5816,8,,,1,30,,5817,8,,,1,69,,5818,8,,,1,30,,5819,8,,,1,70,,5820,8,,,1,30,,5821,8,,,1,69,,5822,8,,,1,30,,5823,8,,,1,70,,5824,8,,,1,100,,5825,8,,,1
3001,'CCFFF',606,,5828,8,,,1,30,,5829,8,,,1,70,,5830,8,,,1,30,,5831,8,,,1,71,,5832,8,,,1,30,,5833,8,,,1,70,,5834,8,,,1,30,,5835,8,,,1,70,,5836,8,,,1,30,,5837,8,,,1,70,,5838,8,,,1,30,,5839,8,,,1,70,,5840,8,,,1,30,,5841,8,,,1,70,,5842,8,,,1,30,,5843,8,,,1,71,,5844,8,,,1,30,,5845,8,,,1,70,,5846,8,,,1,30,,5847,8,,,1,70,,5848,8,,,1,30,,5849,8,,,1,69,,5850,8,,,1,30,,5851,8,,,1,70,,5852,8,,,1,30,,5853,8,,,1,69,,5854,8,,,1,30,,5855,8,,,1,70,,5856,8,,,1,100,,5857,8,,,1
3001,'CCFSAT',735,,5860,8,,,1,71,,5861,8,,,1,30,,5862,8,,,1,70,,5863,8,,,1,30,,5864,8,,,1,70,,5865,8,,,1,30,,5866,8,,,1,70,,5867,8,,,1,30,,5868,8,,,1,71,,5869,8,,,1,30,,5870,8,,,1,70,,5871,8,,,1,30,,5872,8,,,1,70,,5873,8,,,1,30,,5874,8,,,1,70,,5875,8,,,1,30,,5876,8,,,1,70,,5877,8,,,1,30,,5878,8,,,1,70,,5879,8,,,1,99,,5880,8,,,1,100,,5881,8,,,1,100,,5882,8,,,1
3001,'CCFSUN',806,,5885,8,,,1,100,,5886,8,,,1,100,,5887,8,,,1,100,,5888,8,,,1,101,,5889,8,,,1,100,,5890,8,,,1,100,,5891,8,,,1,100,,5892,8,,,1,100,,5893,8,,,1,100,,5894,8,,,1,99,,5895,8,,,1,100,,5896,8,,,1,100,,5897,8,,,1
7400,'WKDY',519,,11970,4,,,1,99,,11971,4,,,1,30,,11999,4,,,1,69,,11972,4,,,1,31,,12000,4,,,1,69,,11973,4,,,1,29,,11974,4,,,1,70,,11975,4,,,1,30,,11976,4,,,1,70,,11977,4,,,1,30,,11978,4,,,1,70,,11979,4,,,1,31,,11980,4,,,1,70,,11981,4,,,1,31,,11982,4,,,1,70,,11983,4,,,1,30,,11984,4,,,1,69,,11985,4,,,1,29,,11986,4,,,1,70,,11987,4,,,1,29,,11988,4,,,1,70,,11989,4,,,1,30,,11990,4,,,1,70,,11991,4,,,1,32,,11992,4,,,1,71,,11993,4,,,1,31,,11994,4,,,1,69,,11995,4,,,1,31,,11997,4,,,1,70,,12001,4,,,1,30,,11996,4,,,1,99,,11998,4,,,1
7400,'SAT',758,,12002,4,,,1,99,,12003,4,,,1,99,,12004,4,,,1,99,,12005,4,,,1,99,,12006,4,,,1,100,,12007,4,,,1,100,,12008,4,,,1,100,,12009,4,,,1,100,,12010,4,,,1,100,,12011,4,,,1,101,,12012,4,,,1,100,,12013,4,,,1,100,,12014,4,,,1,102,,12015,4,,,1
7400,'SUN',758,,12016,4,,,1,99,,12017,4,,,1,99,,12018,4,,,1,99,,12019,4,,,1,99,,12020,4,,,1,100,,12021,4,,,1,100,,12022,4,,,1,100,,12023,4,,,1,100,,12024,4,,,1,100,,12025,4,,,1,101,,12026,4,,,1,100,,12027,4,,,1,100,,12028,4,,,1,102,,12029,4,,,1
7400,'CCFWK',519,,12030,4,,,1,99,,12031,4,,,1,30,,12059,4,,,1,69,,12032,4,,,1,31,,12060,4,,,1,69,,12033,4,,,1,29,,12034,4,,,1,70,,12035,4,,,1,30,,12036,4,,,1,70,,12037,4,,,1,30,,12038,4,,,1,70,,12039,4,,,1,31,,12040,4,,,1,70,,12041,4,,,1,31,,12042,4,,,1,70,,12043,4,,,1,30,,12044,4,,,1,69,,12045,4,,,1,29,,12046,4,,,1,70,,12047,4,,,1,29,,12048,4,,,1,70,,12049,4,,,1,30,,12050,4,,,1,70,,12051,4,,,1,32,,12052,4,,,1,71,,12053,4,,,1,31,,12054,4,,,1,69,,12055,4,,,1,31,,12057,4,,,1,70,,12061,4,,,1,30,,12056,4,,,1,99,,12058,4,,,1
7400,'CCFFF',519,,12062,4,,,1,99,,12063,4,,,1,30,,12091,4,,,1,69,,12064,4,,,1,31,,12092,4,,,1,69,,12065,4,,,1,29,,12066,4,,,1,70,,12067,4,,,1,30,,12068,4,,,1,70,,12069,4,,,1,30,,12070,4,,,1,70,,12071,4,,,1,31,,12072,4,,,1,70,,12073,4,,,1,31,,12074,4,,,1,70,,12075,4,,,1,30,,12076,4,,,1,69,,12077,4,,,1,29,,12078,4,,,1,70,,12079,4,,,1,29,,12080,4,,,1,70,,12081,4,,,1,30,,12082,4,,,1,70,,12083,4,,,1,32,,12084,4,,,1,71,,12085,4,,,1,31,,12086,4,,,1,69,,12087,4,,,1,31,,12089,4,,,1,70,,12093,4,,,1,30,,12088,4,,,1,99,,12090,4,,,1
7400,'CCFSAT',758,,12094,4,,,1,99,,12095,4,,,1,99,,12096,4,,,1,99,,12097,4,,,1,99,,12098,4,,,1,100,,12099,4,,,1,100,,12100,4,,,1,100,,12101,4,,,1,100,,12102,4,,,1,100,,12103,4,,,1,101,,12104,4,,,1,100,,12105,4,,,1,100,,12106,4,,,1,102,,12107,4,,,1
7400,'CCFSUN',758,,12108,4,,,1,99,,12109,4,,,1,99,,12110,4,,,1,99,,12111,4,,,1,99,,12112,4,,,1,100,,12113,4,,,1,100,,12114,4,,,1,100,,12115,4,,,1,100,,12116,4,,,1,100,,12117,4,,,1,101,,12118,4,,,1,100,,12119,4,,,1,100,,12120,4,,,1,102,,12121,4,,,1
