1201,'WKDY',624,,5038,8,,,1,30,,5039,8,,,1,69,,5040,8,,,1,30,,5041,8,,,1,70,,5042,8,,,1,30,,5043,8,,,1,70,,5044,8,,,1,30,,5045,8,,,1,70,,5046,8,,,1,30,,5047,8,,,1,70,,5048,8,,,1,30,,5049,8,,,1,70,,5050,8,,,1,30,,5051,8,,,1,70,,5052,8,,,1,30,,5053,8,,,1,70,,5054,8,,,1,30,,5055,8,,,1,70,,5056,8,,,1,30,,5057,8,,,1,70,,5058,8,,,1,30,,5059,8,,,1,70,,5060,8,,,1,30,,5061,8,,,1,70,,5062,8,,,1,30,,5063,8,,,1,70,,5064,8,,,1,29,,5065,8,,,1,70,,5066,8,,,1,30,,5067,8,,,1,70,,5068,8,,,1,30,,5069,8,,,1
1201,'SAT',714,,5070,8,,,1,100,,5071,8,,,1,100,,5072,8,,,1,100,,5073,8,,,1,101,,5074,8,,,1,100,,5075,8,,,1,100,,5076,8,,,1,100,,5077,8,,,1,100,,5078,8,,,1,100,,5079,8,,,1,99,,5080,8,,,1,100,,5081,8,,,1,100,,5082,8,,,1,100,,5083,8,,,1,100,,5084,8,,,1,100,,5085,8,,,1
1201,'SUN',714,,5086,8,,,1,100,,5087,8,,,1,100,,5088,8,,,1,100,,5089,8,,,1,101,,5090,8,,,1,100,,5091,8,,,1,100,,5092,8,,,1,100,,5093,8,,,1,100,,5094,8,,,1,100,,5095,8,,,1,99,,5096,8,,,1,100,,5097,8,,,1,100,,5098,8,,,1,100,,5099,8,,,1,100,,5100,8,,,1,100,,5101,8,,,1
1201,'CCFWK',624,,5102,8,,,1,30,,5103,8,,,1,69,,5104,8,,,1,30,,5105,8,,,1,70,,5106,8,,,1,30,,5107,8,,,1,70,,5108,8,,,1,30,,5109,8,,,1,70,,5110,8,,,1,30,,5111,8,,,1,70,,5112,8,,,1,30,,5113,8,,,1,70,,5114,8,,,1,30,,5115,8,,,1,70,,5116,8,,,1,30,,5117,8,,,1,70,,5118,8,,,1,30,,5119,8,,,1,70,,5120,8,,,1,30,,5121,8,,,1,70,,5122,8,,,1,30,,5123,8,,,1,70,,5124,8,,,1,30,,5125,8,,,1,70,,5126,8,,,1,30,,5127,8,,,1,70,,5128,8,,,1,29,,5129,8,,,1,70,,5130,8,,,1,30,,5131,8,,,1,70,,5132,8,,,1,30,,5133,8,,,1
1201,'CCFFF',624,,5134,8,,,1,30,,5135,8,,,1,69,,5136,8,,,1,30,,5137,8,,,1,70,,5138,8,,,1,30,,5139,8,,,1,70,,5140,8,,,1,30,,5141,8,,,1,70,,5142,8,,,1,30,,5143,8,,,1,70,,5144,8,,,1,30,,5145,8,,,1,70,,5146,8,,,1,30,,5147,8,,,1,70,,5148,8,,,1,30,,5149,8,,,1,70,,5150,8,,,1,30,,5151,8,,,1,70,,5152,8,,,1,30,,5153,8,,,1,70,,5154,8,,,1,30,,5155,8,,,1,70,,5156,8,,,1,30,,5157,8,,,1,70,,5158,8,,,1,30,,5159,8,,,1,70,,5160,8,,,1,29,,5161,8,,,1,70,,5162,8,,,1,30,,5163,8,,,1,70,,5164,8,,,1,30,,5165,8,,,1
1201,'CCFSAT',714,,5166,8,,,1,100,,5167,8,,,1,100,,5168,8,,,1,100,,5169,8,,,1,101,,5170,8,,,1,100,,5171,8,,,1,100,,5172,8,,,1,100,,5173,8,,,1,100,,5174,8,,,1,100,,5175,8,,,1,99,,5176,8,,,1,100,,5177,8,,,1,100,,5178,8,,,1,100,,5179,8,,,1,100,,5180,8,,,1,100,,5181,8,,,1
1201,'CCFSUN',714,,5182,8,,,1,100,,5183,8,,,1,100,,5184,8,,,1,100,,5185,8,,,1,101,,5186,8,,,1,100,,5187,8,,,1,100,,5188,8,,,1,100,,5189,8,,,1,100,,5190,8,,,1,100,,5191,8,,,1,99,,5192,8,,,1,100,,5193,8,,,1,100,,5194,8,,,1,100,,5195,8,,,1,100,,5196,8,,,1,100,,5197,8,,,1
8000,'WKDY',606,,12607,9,,,1,30,,12608,9,,,1,70,,12609,9,,,1,30,,12610,9,,,1,70,,12611,9,,,1,30,,12612,9,,,1,70,,12613,9,,,1,30,,12614,9,,,1,70,,12615,9,,,1,30,,12616,9,,,1,70,,12617,9,,,1,30,,12618,9,,,1,70,,12619,9,,,1,30,,12620,9,,,1,70,,12621,9,,,1,30,,12622,9,,,1,70,,12623,9,,,1,30,,12624,9,,,1,70,,12625,9,,,1,33,,12626,9,,,1,67,,12627,9,,,1,29,,12628,9,,,1,70,,12629,9,,,1,30,,12630,9,,,1,71,,12631,9,,,1,30,,12632,9,,,1,70,,12633,9,,,1,30,,12634,9,,,1,70,,12635,9,,,1,30,,12636,9,,,1,69,,12637,9,,,1
8000,'SAT',706,,12651,9,,,1,100,,12638,9,,,1,30,,12639,9,,,1,70,,12640,9,,,1,29,,12652,9,,,1,70,,12641,9,,,1,31,,12653,9,,,1,70,,12642,9,,,1,30,,12654,9,,,1,70,,12643,9,,,1,30,,12655,9,,,1,70,,12644,9,,,1,30,,12656,9,,,1,70,,12645,9,,,1,30,,12657,9,,,1,70,,12646,9,,,1,30,,12658,9,,,1,70,,12647,9,,,1,30,,12659,9,,,1,70,,12648,9,,,1,30,,12660,9,,,1,70,,12649,9,,,1,30,,12661,9,,,1,70,,12650,9,,,1,30,,12662,9,,,1,70,,12665,9,,,1,30,,12663,9,,,1,100,,12664,9,,,1
8000,'SUN',706,,12679,9,,,1,100,,12666,9,,,1,30,,12667,9,,,1,70,,12668,9,,,1,29,,12680,9,,,1,70,,12669,9,,,1,31,,12681,9,,,1,70,,12670,9,,,1,30,,12682,9,,,1,70,,12671,9,,,1,30,,12683,9,,,1,70,,12672,9,,,1,30,,12684,9,,,1,70,,12673,9,,,1,30,,12685,9,,,1,70,,12674,9,,,1,30,,12686,9,,,1,70,,12675,9,,,1,30,,12687,9,,,1,70,,12676,9,,,1,30,,12688,9,,,1,70,,12677,9,,,1,30,,12689,9,,,1,70,,12678,9,,,1,30,,12690,9,,,1,70,,12693,9,,,1,30,,12691,9,,,1,100,,12692,9,,,1
8000,'CCFWK',606,,12694,9,,,1,30,,12695,9,,,1,70,,12696,9,,,1,30,,12697,9,,,1,70,,12698,9,,,1,30,,12699,9,,,1,70,,12700,9,,,1,30,,12701,9,,,1,70,,12702,9,,,1,30,,12703,9,,,1,70,,12704,9,,,1,30,,12705,9,,,1,70,,12706,9,,,1,30,,12707,9,,,1,70,,12708,9,,,1,30,,12709,9,,,1,70,,12710,9,,,1,30,,12711,9,,,1,70,,12712,9,,,1,33,,12713,9,,,1,67,,12714,9,,,1,29,,12715,9,,,1,70,,12716,9,,,1,30,,12717,9,,,1,71,,12718,9,,,1,30,,12719,9,,,1,70,,12720,9,,,1,30,,12721,9,,,1,70,,12722,9,,,1,30,,12723,9,,,1,69,,12724,9,,,1
8000,'CCFFF',606,,12725,9,,,1,30,,12726,9,,,1,70,,12727,9,,,1,30,,12728,9,,,1,70,,12729,9,,,1,30,,12730,9,,,1,70,,12731,9,,,1,30,,12732,9,,,1,70,,12733,9,,,1,30,,12734,9,,,1,70,,12735,9,,,1,30,,12736,9,,,1,70,,12737,9,,,1,30,,12738,9,,,1,70,,12739,9,,,1,30,,12740,9,,,1,70,,12741,9,,,1,30,,12742,9,,,1,70,,12743,9,,,1,33,,12744,9,,,1,67,,12745,9,,,1,29,,12746,9,,,1,70,,12747,9,,,1,30,,12748,9,,,1,71,,12749,9,,,1,30,,12750,9,,,1,70,,12751,9,,,1,30,,12752,9,,,1,70,,12753,9,,,1,30,,12754,9,,,1,69,,12755,9,,,1
8000,'CCFSAT',706,,12769,9,,,1,100,,12756,9,,,1,30,,12757,9,,,1,70,,12758,9,,,1,29,,12770,9,,,1,70,,12759,9,,,1,31,,12771,9,,,1,70,,12760,9,,,1,30,,12772,9,,,1,70,,12761,9,,,1,30,,12773,9,,,1,70,,12762,9,,,1,30,,12774,9,,,1,70,,12763,9,,,1,30,,12775,9,,,1,70,,12764,9,,,1,30,,12776,9,,,1,70,,12765,9,,,1,30,,12777,9,,,1,70,,12766,9,,,1,30,,12778,9,,,1,70,,12767,9,,,1,30,,12779,9,,,1,70,,12768,9,,,1,30,,12780,9,,,1,70,,12783,9,,,1,30,,12781,9,,,1,100,,12782,9,,,1
8000,'CCFSUN',706,,12797,9,,,1,100,,12784,9,,,1,30,,12785,9,,,1,70,,12786,9,,,1,29,,12798,9,,,1,70,,12787,9,,,1,31,,12799,9,,,1,70,,12788,9,,,1,30,,12800,9,,,1,70,,12789,9,,,1,30,,12801,9,,,1,70,,12790,9,,,1,30,,12802,9,,,1,70,,12791,9,,,1,30,,12803,9,,,1,70,,12792,9,,,1,30,,12804,9,,,1,70,,12793,9,,,1,30,,12805,9,,,1,70,,12794,9,,,1,30,,12806,9,,,1,70,,12795,9,,,1,30,,12807,9,,,1,70,,12796,9,,,1,30,,12808,9,,,1,70,,12811,9,,,1,30,,12809,9,,,1,100,,12810,9,,,1
