8000,'WKDY',526,,12399,6,,,1,30,,12430,6,,,1,70,,12400,6,,,1,30,,12401,6,,,1,71,,12402,6,,,1,30,,12403,6,,,1,70,,12404,6,,,1,30,,12405,6,,,1,70,,12406,6,,,1,30,,12407,6,,,1,70,,12408,6,,,1,30,,12409,6,,,1,70,,12410,6,,,1,30,,12411,6,,,1,70,,12412,6,,,1,30,,12413,6,,,1,70,,12414,6,,,1,30,,12415,6,,,1,70,,12416,6,,,1,30,,12417,6,,,1,70,,12418,6,,,1,31,,12419,6,,,1,70,,12420,6,,,1,26,,12421,6,,,1,70,,12422,6,,,1,30,,12423,6,,,1,70,,12424,6,,,1,32,,12425,6,,,1,70,,12426,6,,,1,30,,12427,6,,,1,70,,12428,6,,,1,30,,12429,6,,,1
8000,'SAT',626,,12443,6,,,1,100,,12431,6,,,1,30,,12432,6,,,1,70,,12433,6,,,1,30,,12444,6,,,1,70,,12434,6,,,1,30,,12445,6,,,1,71,,12435,6,,,1,30,,12446,6,,,1,70,,12436,6,,,1,30,,12447,6,,,1,70,,12437,6,,,1,30,,12448,6,,,1,70,,12438,6,,,1,30,,12449,6,,,1,70,,12439,6,,,1,30,,12450,6,,,1,70,,12440,6,,,1,30,,12451,6,,,1,70,,12441,6,,,1,30,,12452,6,,,1,70,,12442,6,,,1,30,,12453,6,,,1,70,,12454,6,,,1,29,,12455,6,,,1,70,,12456,6,,,1,30,,12457,6,,,1,100,,12458,6,,,1
8000,'SUN',626,,12472,6,,,1,100,,12459,6,,,1,30,,12460,6,,,1,70,,12461,6,,,1,30,,12473,6,,,1,70,,12462,6,,,1,30,,12474,6,,,1,71,,12463,6,,,1,30,,12475,6,,,1,70,,12464,6,,,1,30,,12476,6,,,1,70,,12465,6,,,1,30,,12477,6,,,1,70,,12466,6,,,1,30,,12478,6,,,1,70,,12467,6,,,1,30,,12479,6,,,1,70,,12468,6,,,1,30,,12480,6,,,1,70,,12469,6,,,1,30,,12481,6,,,1,70,,12470,6,,,1,30,,12482,6,,,1,70,,12471,6,,,1,29,,12483,6,,,1,70,,12485,6,,,1,30,,12484,6,,,1,100,,12486,6,,,1
8000,'CCFWK',526,,12487,6,,,1,30,,12518,6,,,1,70,,12488,6,,,1,30,,12489,6,,,1,71,,12490,6,,,1,30,,12491,6,,,1,70,,12492,6,,,1,30,,12493,6,,,1,70,,12494,6,,,1,30,,12495,6,,,1,70,,12496,6,,,1,30,,12497,6,,,1,70,,12498,6,,,1,30,,12499,6,,,1,70,,12500,6,,,1,30,,12501,6,,,1,70,,12502,6,,,1,30,,12503,6,,,1,70,,12504,6,,,1,30,,12505,6,,,1,70,,12506,6,,,1,31,,12507,6,,,1,70,,12508,6,,,1,26,,12509,6,,,1,70,,12510,6,,,1,30,,12511,6,,,1,70,,12512,6,,,1,32,,12513,6,,,1,70,,12514,6,,,1,30,,12515,6,,,1,70,,12516,6,,,1,30,,12517,6,,,1
8000,'CCFFF',526,,12519,6,,,1,30,,12550,6,,,1,70,,12520,6,,,1,30,,12521,6,,,1,71,,12522,6,,,1,30,,12523,6,,,1,70,,12524,6,,,1,30,,12525,6,,,1,70,,12526,6,,,1,30,,12527,6,,,1,70,,12528,6,,,1,30,,12529,6,,,1,70,,12530,6,,,1,30,,12531,6,,,1,70,,12532,6,,,1,30,,12533,6,,,1,70,,12534,6,,,1,30,,12535,6,,,1,70,,12536,6,,,1,30,,12537,6,,,1,70,,12538,6,,,1,31,,12539,6,,,1,70,,12540,6,,,1,26,,12541,6,,,1,70,,12542,6,,,1,30,,12543,6,,,1,70,,12544,6,,,1,32,,12545,6,,,1,70,,12546,6,,,1,30,,12547,6,,,1,70,,12548,6,,,1,30,,12549,6,,,1
8000,'CCFSAT',626,,12563,6,,,1,100,,12551,6,,,1,30,,12552,6,,,1,70,,12553,6,,,1,30,,12564,6,,,1,70,,12554,6,,,1,30,,12565,6,,,1,71,,12555,6,,,1,30,,12566,6,,,1,70,,12556,6,,,1,30,,12567,6,,,1,70,,12557,6,,,1,30,,12568,6,,,1,70,,12558,6,,,1,30,,12569,6,,,1,70,,12559,6,,,1,30,,12570,6,,,1,70,,12560,6,,,1,30,,12571,6,,,1,70,,12561,6,,,1,30,,12572,6,,,1,70,,12562,6,,,1,30,,12573,6,,,1,70,,12574,6,,,1,29,,12575,6,,,1,70,,12576,6,,,1,30,,12577,6,,,1,100,,12578,6,,,1
8000,'CCFSUN',626,,12592,6,,,1,100,,12579,6,,,1,30,,12580,6,,,1,70,,12581,6,,,1,30,,12593,6,,,1,70,,12582,6,,,1,30,,12594,6,,,1,71,,12583,6,,,1,30,,12595,6,,,1,70,,12584,6,,,1,30,,12596,6,,,1,70,,12585,6,,,1,30,,12597,6,,,1,70,,12586,6,,,1,30,,12598,6,,,1,70,,12587,6,,,1,30,,12599,6,,,1,70,,12588,6,,,1,30,,12600,6,,,1,70,,12589,6,,,1,30,,12601,6,,,1,70,,12590,6,,,1,30,,12602,6,,,1,70,,12591,6,,,1,29,,12603,6,,,1,70,,12605,6,,,1,30,,12604,6,,,1,100,,12606,6,,,1
8001,'WKDY',620,,12607,28,,,1,30,,12608,28,,,1,71,,12609,28,,,1,31,,12610,28,,,1,70,,12611,28,,,1,30,,12612,28,,,1,69,,12613,28,,,1,30,,12614,28,,,1,70,,12615,28,,,1,31,,12616,28,,,1,70,,12617,28,,,1,30,,12618,28,,,1,70,,12619,28,,,1,30,,12620,28,,,1,70,,12621,28,,,1,31,,12622,28,,,1,70,,12623,28,,,1,30,,12624,28,,,1,73,,12625,28,,,1,33,,12626,28,,,1,67,,12627,28,,,1,29,,12628,28,,,1,69,,12629,28,,,1,28,,12630,28,,,1,69,,12631,28,,,1,30,,12632,28,,,1,69,,12633,28,,,1,29,,12634,28,,,1,70,,12635,28,,,1,30,,12636,28,,,1,69,,12637,28,,,1
8001,'SAT',719,,12651,28,,,1,100,,12638,28,,,1,30,,12639,28,,,1,70,,12640,28,,,1,30,,12652,28,,,1,70,,12641,28,,,1,31,,12653,28,,,1,70,,12642,28,,,1,30,,12654,28,,,1,70,,12643,28,,,1,31,,12655,28,,,1,70,,12644,28,,,1,30,,12656,28,,,1,70,,12645,28,,,1,30,,12657,28,,,1,70,,12646,28,,,1,30,,12658,28,,,1,70,,12647,28,,,1,30,,12659,28,,,1,70,,12648,28,,,1,29,,12660,28,,,1,70,,12649,28,,,1,30,,12661,28,,,1,70,,12650,28,,,1,30,,12662,28,,,1,69,,12665,28,,,1,31,,12663,28,,,1,100,,12664,28,,,1
8001,'SUN',719,,12679,28,,,1,100,,12666,28,,,1,30,,12667,28,,,1,70,,12668,28,,,1,30,,12680,28,,,1,70,,12669,28,,,1,31,,12681,28,,,1,70,,12670,28,,,1,30,,12682,28,,,1,70,,12671,28,,,1,31,,12683,28,,,1,70,,12672,28,,,1,30,,12684,28,,,1,70,,12673,28,,,1,30,,12685,28,,,1,70,,12674,28,,,1,30,,12686,28,,,1,70,,12675,28,,,1,30,,12687,28,,,1,70,,12676,28,,,1,29,,12688,28,,,1,70,,12677,28,,,1,30,,12689,28,,,1,70,,12678,28,,,1,30,,12690,28,,,1,69,,12693,28,,,1,31,,12691,28,,,1,99,,12692,28,,,1
8001,'CCFWK',620,,12694,28,,,1,30,,12695,28,,,1,71,,12696,28,,,1,31,,12697,28,,,1,70,,12698,28,,,1,30,,12699,28,,,1,69,,12700,28,,,1,30,,12701,28,,,1,70,,12702,28,,,1,31,,12703,28,,,1,70,,12704,28,,,1,30,,12705,28,,,1,70,,12706,28,,,1,30,,12707,28,,,1,70,,12708,28,,,1,31,,12709,28,,,1,70,,12710,28,,,1,30,,12711,28,,,1,73,,12712,28,,,1,33,,12713,28,,,1,67,,12714,28,,,1,29,,12715,28,,,1,69,,12716,28,,,1,28,,12717,28,,,1,69,,12718,28,,,1,30,,12719,28,,,1,69,,12720,28,,,1,29,,12721,28,,,1,70,,12722,28,,,1,30,,12723,28,,,1,69,,12724,28,,,1
8001,'CCFFF',620,,12725,28,,,1,30,,12726,28,,,1,71,,12727,28,,,1,31,,12728,28,,,1,70,,12729,28,,,1,30,,12730,28,,,1,69,,12731,28,,,1,30,,12732,28,,,1,70,,12733,28,,,1,31,,12734,28,,,1,70,,12735,28,,,1,30,,12736,28,,,1,70,,12737,28,,,1,30,,12738,28,,,1,70,,12739,28,,,1,31,,12740,28,,,1,70,,12741,28,,,1,30,,12742,28,,,1,73,,12743,28,,,1,33,,12744,28,,,1,67,,12745,28,,,1,29,,12746,28,,,1,69,,12747,28,,,1,28,,12748,28,,,1,69,,12749,28,,,1,30,,12750,28,,,1,69,,12751,28,,,1,29,,12752,28,,,1,70,,12753,28,,,1,30,,12754,28,,,1,69,,12755,28,,,1
8001,'CCFSAT',719,,12769,28,,,1,100,,12756,28,,,1,30,,12757,28,,,1,70,,12758,28,,,1,30,,12770,28,,,1,70,,12759,28,,,1,31,,12771,28,,,1,70,,12760,28,,,1,30,,12772,28,,,1,70,,12761,28,,,1,31,,12773,28,,,1,70,,12762,28,,,1,30,,12774,28,,,1,70,,12763,28,,,1,30,,12775,28,,,1,70,,12764,28,,,1,30,,12776,28,,,1,70,,12765,28,,,1,30,,12777,28,,,1,70,,12766,28,,,1,29,,12778,28,,,1,70,,12767,28,,,1,30,,12779,28,,,1,70,,12768,28,,,1,30,,12780,28,,,1,69,,12783,28,,,1,31,,12781,28,,,1,100,,12782,28,,,1
8001,'CCFSUN',719,,12797,28,,,1,100,,12784,28,,,1,30,,12785,28,,,1,70,,12786,28,,,1,30,,12798,28,,,1,70,,12787,28,,,1,31,,12799,28,,,1,70,,12788,28,,,1,30,,12800,28,,,1,70,,12789,28,,,1,31,,12801,28,,,1,70,,12790,28,,,1,30,,12802,28,,,1,70,,12791,28,,,1,30,,12803,28,,,1,70,,12792,28,,,1,30,,12804,28,,,1,70,,12793,28,,,1,30,,12805,28,,,1,70,,12794,28,,,1,29,,12806,28,,,1,70,,12795,28,,,1,30,,12807,28,,,1,70,,12796,28,,,1,30,,12808,28,,,1,70,,12811,28,,,1,30,,12809,28,,,1,99,,12810,28,,,1
