3000,'WKDY',600,,5724,1,,,1,30,,5725,1,,,1,70,,5726,1,,,1,30,,5727,1,,,1,70,,5728,1,,,1,30,,5729,1,,,1,70,,5730,1,,,1,30,,5731,1,,,1,70,,5732,1,,,1,30,,5733,1,,,1,70,,5734,1,,,1,30,,5735,1,,,1,70,,5736,1,,,1,30,,5737,1,,,1,70,,5738,1,,,1,30,,5739,1,,,1,70,,5740,1,,,1,30,,5741,1,,,1,70,,5742,1,,,1,30,,5743,1,,,1,70,,5744,1,,,1,30,,5745,1,,,1,70,,5746,1,,,1,30,,5747,1,,,1,70,,5748,1,,,1,30,,5749,1,,,1,70,,5750,1,,,1,30,,5751,1,,,1,70,,5752,1,,,1,100,,5753,1,,,1
3000,'SAT',730,,5756,1,,,1,70,,5757,1,,,1,30,,5758,1,,,1,70,,5759,1,,,1,30,,5760,1,,,1,70,,5761,1,,,1,30,,5762,1,,,1,70,,5763,1,,,1,30,,5764,1,,,1,70,,5765,1,,,1,30,,5766,1,,,1,70,,5767,1,,,1,30,,5768,1,,,1,70,,5769,1,,,1,30,,5770,1,,,1,70,,5771,1,,,1,30,,5772,1,,,1,70,,5773,1,,,1,30,,5774,1,,,1,70,,5775,1,,,1,100,,5776,1,,,1,100,,5777,1,,,1,100,,5778,1,,,1
3000,'SUN',800,,5781,1,,,1,100,,5782,1,,,1,100,,5783,1,,,1,100,,5784,1,,,1,100,,5785,1,,,1,100,,5786,1,,,1,100,,5787,1,,,1,100,,5788,1,,,1,100,,5789,1,,,1,100,,5790,1,,,1,100,,5791,1,,,1,100,,5792,1,,,1,100,,5793,1,,,1
3000,'CCFWK',600,,5796,1,,,1,30,,5797,1,,,1,70,,5798,1,,,1,30,,5799,1,,,1,70,,5800,1,,,1,30,,5801,1,,,1,70,,5802,1,,,1,30,,5803,1,,,1,70,,5804,1,,,1,30,,5805,1,,,1,70,,5806,1,,,1,30,,5807,1,,,1,70,,5808,1,,,1,30,,5809,1,,,1,70,,5810,1,,,1,30,,5811,1,,,1,70,,5812,1,,,1,30,,5813,1,,,1,70,,5814,1,,,1,30,,5815,1,,,1,70,,5816,1,,,1,30,,5817,1,,,1,70,,5818,1,,,1,30,,5819,1,,,1,70,,5820,1,,,1,30,,5821,1,,,1,70,,5822,1,,,1,30,,5823,1,,,1,70,,5824,1,,,1,100,,5825,1,,,1
3000,'CCFFF',600,,5828,1,,,1,30,,5829,1,,,1,70,,5830,1,,,1,30,,5831,1,,,1,70,,5832,1,,,1,30,,5833,1,,,1,70,,5834,1,,,1,30,,5835,1,,,1,70,,5836,1,,,1,30,,5837,1,,,1,70,,5838,1,,,1,30,,5839,1,,,1,70,,5840,1,,,1,30,,5841,1,,,1,70,,5842,1,,,1,30,,5843,1,,,1,70,,5844,1,,,1,30,,5845,1,,,1,70,,5846,1,,,1,30,,5847,1,,,1,70,,5848,1,,,1,30,,5849,1,,,1,70,,5850,1,,,1,30,,5851,1,,,1,70,,5852,1,,,1,30,,5853,1,,,1,70,,5854,1,,,1,30,,5855,1,,,1,70,,5856,1,,,1,100,,5857,1,,,1
3000,'CCFSAT',730,,5860,1,,,1,70,,5861,1,,,1,30,,5862,1,,,1,70,,5863,1,,,1,30,,5864,1,,,1,70,,5865,1,,,1,30,,5866,1,,,1,70,,5867,1,,,1,30,,5868,1,,,1,70,,5869,1,,,1,30,,5870,1,,,1,70,,5871,1,,,1,30,,5872,1,,,1,70,,5873,1,,,1,30,,5874,1,,,1,70,,5875,1,,,1,30,,5876,1,,,1,70,,5877,1,,,1,30,,5878,1,,,1,70,,5879,1,,,1,100,,5880,1,,,1,100,,5881,1,,,1,100,,5882,1,,,1
3000,'CCFSUN',800,,5885,1,,,1,100,,5886,1,,,1,100,,5887,1,,,1,100,,5888,1,,,1,100,,5889,1,,,1,100,,5890,1,,,1,100,,5891,1,,,1,100,,5892,1,,,1,100,,5893,1,,,1,100,,5894,1,,,1,100,,5895,1,,,1,100,,5896,1,,,1,100,,5897,1,,,1
3001,'WKDY',540,,5898,33,4,,1,96,,5899,51,4,,1,70,,5900,51,4,,1,25,,5901,51,4,,1,78,,5902,51,4,,1,30,,5903,51,4,,1,69,,5904,51,4,,1,30,,5905,51,4,,1,71,,5906,51,4,,1,29,,5907,51,4,,1,69,,5908,51,4,,1,33,,5909,51,4,,1,70,,5910,51,4,,1,30,,5911,51,4,,1,71,,5912,51,4,,1,31,,5913,51,4,,1,70,,5914,51,4,,1,28,,5915,51,4,,1,72,,5916,51,4,,1,34,,5917,51,4,,1,70,,5918,51,4,,1,31,,5919,51,4,,1,69,,5920,51,4,,1,29,,5921,51,4,,1,67,,5922,51,4,,1,25,,5923,51,4,,1,69,,5924,51,4,,1,27,,5925,51,4,,1,68,,5926,51,4,,1,29,,5927,51,4,,1,29,,5928,51,4,,1,67,,5929,51,4,,1,96,,5930,51,4,,1
3001,'SAT',1731,,5950,51,4,,1,293,,5954,51,4,,1,100,,5955,51,4,,1
3001,'SUN',716,,5956,51,4,,1,100,,5957,51,4,,1,106,,5958,51,4,,1,105,,5959,51,4,,1,101,,5960,51,4,,1,102,,5961,51,4,,1,101,,5962,51,4,,1,100,,5963,51,4,,1,99,,5964,51,4,,1,100,,5965,51,4,,1,100,,5966,51,4,,1,96,,5967,51,4,,1,99,,5968,51,4,,1,98,,5969,51,4,,1,100,,5970,51,4,,1
3001,'CCFWK',540,,5971,33,4,,1,96,,5972,51,4,,1,70,,5973,51,4,,1,25,,5974,51,4,,1,78,,5975,51,4,,1,30,,5976,51,4,,1,69,,5977,51,4,,1,30,,5978,51,4,,1,71,,5979,51,4,,1,29,,5980,51,4,,1,69,,5981,51,4,,1,33,,5982,51,4,,1,70,,5983,51,4,,1,30,,5984,51,4,,1,71,,5985,51,4,,1,31,,5986,51,4,,1,70,,5987,51,4,,1,28,,5988,51,4,,1,72,,5989,51,4,,1,34,,5990,51,4,,1,70,,5991,51,4,,1,31,,5992,51,4,,1,69,,5993,51,4,,1,29,,5994,51,4,,1,67,,5995,51,4,,1,25,,5996,51,4,,1,69,,5997,51,4,,1,27,,5998,51,4,,1,68,,5999,51,4,,1,29,,6000,51,4,,1,29,,6001,51,4,,1,67,,6002,51,4,,1,96,,6003,51,4,,1
3001,'CCFFF',540,,6004,33,4,,1,96,,6005,51,4,,1,70,,6006,51,4,,1,25,,6007,51,4,,1,78,,6008,51,4,,1,30,,6009,51,4,,1,69,,6010,51,4,,1,30,,6011,51,4,,1,71,,6012,51,4,,1,29,,6013,51,4,,1,69,,6014,51,4,,1,33,,6015,51,4,,1,70,,6016,51,4,,1,30,,6017,51,4,,1,71,,6018,51,4,,1,31,,6019,51,4,,1,70,,6020,51,4,,1,28,,6021,51,4,,1,72,,6022,51,4,,1,34,,6023,51,4,,1,70,,6024,51,4,,1,31,,6025,51,4,,1,69,,6026,51,4,,1,29,,6027,51,4,,1,67,,6028,51,4,,1,25,,6029,51,4,,1,69,,6030,51,4,,1,27,,6031,51,4,,1,68,,6032,51,4,,1,29,,6033,51,4,,1,29,,6034,51,4,,1,67,,6035,51,4,,1,96,,6036,51,4,,1
3001,'CCFSAT',1731,,6056,51,4,,1,293,,6060,51,4,,1,100,,6061,51,4,,1
3001,'CCFSUN',716,,6062,51,4,,1,100,,6063,51,4,,1,106,,6064,51,4,,1,105,,6065,51,4,,1,101,,6066,51,4,,1,102,,6067,51,4,,1,101,,6068,51,4,,1,100,,6069,51,4,,1,99,,6070,51,4,,1,100,,6071,51,4,,1,100,,6072,51,4,,1,96,,6073,51,4,,1,99,,6074,51,4,,1,98,,6075,51,4,,1,100,,6076,51,4,,1
6501,'SAT',720,,10552,2,4,,1,100,,10554,2,4,,1,30,,10555,2,4,,1,70,,10556,2,4,,1,30,,10557,2,4,,1,70,,10558,2,4,,1,30,,10559,2,4,,1,71,,10560,2,4,,1,31,,10561,2,4,,1,71,,10562,2,4,,1,30,,10563,2,4,,1,71,,10564,2,4,,1,30,,10565,2,4,,1,70,,10566,2,4,,1,30,,10567,2,4,,1,68,,10568,2,4,,1,30,,10569,2,4,,1,70,,10570,2,4,,1,29,,10571,2,4,,1,100,,10573,2,4,,1,99,,10575,2,4,,1,100,,10577,2,4,,1
6501,'CCFSAT',720,,10732,2,4,,1,100,,10734,2,4,,1,30,,10735,2,4,,1,70,,10736,2,4,,1,30,,10737,2,4,,1,70,,10738,2,4,,1,30,,10739,2,4,,1,71,,10740,2,4,,1,31,,10741,2,4,,1,71,,10742,2,4,,1,30,,10743,2,4,,1,71,,10744,2,4,,1,30,,10745,2,4,,1,70,,10746,2,4,,1,30,,10747,2,4,,1,68,,10748,2,4,,1,30,,10749,2,4,,1,70,,10750,2,4,,1,29,,10751,2,4,,1,100,,10753,2,4,,1,99,,10755,2,4,,1,100,,10757,2,4,,1
