3001,'WKDY',617,,5724,21,,,1,31,,5725,21,,,1,70,,5726,21,,,1,30,,5727,21,,,1,71,,5728,21,,,1,30,,5729,21,,,1,70,,5730,21,,,1,30,,5731,21,,,1,70,,5732,21,,,1,30,,5733,21,,,1,70,,5734,21,,,1,30,,5735,21,,,1,70,,5736,21,,,1,30,,5737,21,,,1,70,,5738,21,,,1,31,,5739,21,,,1,71,,5740,21,,,1,30,,5741,21,,,1,70,,5742,21,,,1,30,,5743,21,,,1,70,,5744,21,,,1,30,,5745,21,,,1,69,,5746,21,,,1,30,,5747,21,,,1,69,,5748,21,,,1,29,,5749,21,,,1,69,,5750,21,,,1,30,,5751,21,,,1,69,,5752,21,,,1,100,,5753,21,,,1
3001,'SAT',745,,5756,21,,,1,72,,5757,21,,,1,30,,5758,21,,,1,70,,5759,21,,,1,30,,5760,21,,,1,70,,5761,21,,,1,30,,5762,21,,,1,71,,5763,21,,,1,30,,5764,21,,,1,71,,5765,21,,,1,30,,5766,21,,,1,70,,5767,21,,,1,30,,5768,21,,,1,70,,5769,21,,,1,30,,5770,21,,,1,70,,5771,21,,,1,30,,5772,21,,,1,70,,5773,21,,,1,30,,5774,21,,,1,70,,5775,21,,,1,99,,5776,21,,,1,98,,5777,21,,,1,100,,5778,21,,,1
3001,'SUN',817,,5781,21,,,1,100,,5782,21,,,1,100,,5783,21,,,1,101,,5784,21,,,1,101,,5785,21,,,1,100,,5786,21,,,1,100,,5787,21,,,1,100,,5788,21,,,1,100,,5789,21,,,1,100,,5790,21,,,1,99,,5791,21,,,1,98,,5792,21,,,1,100,,5793,21,,,1
3001,'CCFWK',617,,5796,21,,,1,31,,5797,21,,,1,70,,5798,21,,,1,30,,5799,21,,,1,71,,5800,21,,,1,30,,5801,21,,,1,70,,5802,21,,,1,30,,5803,21,,,1,70,,5804,21,,,1,30,,5805,21,,,1,70,,5806,21,,,1,30,,5807,21,,,1,70,,5808,21,,,1,30,,5809,21,,,1,70,,5810,21,,,1,31,,5811,21,,,1,71,,5812,21,,,1,30,,5813,21,,,1,70,,5814,21,,,1,30,,5815,21,,,1,70,,5816,21,,,1,30,,5817,21,,,1,69,,5818,21,,,1,30,,5819,21,,,1,69,,5820,21,,,1,29,,5821,21,,,1,69,,5822,21,,,1,30,,5823,21,,,1,69,,5824,21,,,1,100,,5825,21,,,1
3001,'CCFFF',617,,5828,21,,,1,31,,5829,21,,,1,70,,5830,21,,,1,30,,5831,21,,,1,71,,5832,21,,,1,30,,5833,21,,,1,70,,5834,21,,,1,30,,5835,21,,,1,70,,5836,21,,,1,30,,5837,21,,,1,70,,5838,21,,,1,30,,5839,21,,,1,70,,5840,21,,,1,30,,5841,21,,,1,70,,5842,21,,,1,31,,5843,21,,,1,71,,5844,21,,,1,30,,5845,21,,,1,70,,5846,21,,,1,30,,5847,21,,,1,70,,5848,21,,,1,30,,5849,21,,,1,69,,5850,21,,,1,30,,5851,21,,,1,69,,5852,21,,,1,29,,5853,21,,,1,69,,5854,21,,,1,30,,5855,21,,,1,69,,5856,21,,,1,100,,5857,21,,,1
3001,'CCFSAT',745,,5860,21,,,1,72,,5861,21,,,1,30,,5862,21,,,1,70,,5863,21,,,1,30,,5864,21,,,1,70,,5865,21,,,1,30,,5866,21,,,1,71,,5867,21,,,1,30,,5868,21,,,1,71,,5869,21,,,1,30,,5870,21,,,1,70,,5871,21,,,1,30,,5872,21,,,1,70,,5873,21,,,1,30,,5874,21,,,1,70,,5875,21,,,1,30,,5876,21,,,1,70,,5877,21,,,1,30,,5878,21,,,1,70,,5879,21,,,1,99,,5880,21,,,1,98,,5881,21,,,1,100,,5882,21,,,1
3001,'CCFSUN',817,,5885,21,,,1,100,,5886,21,,,1,100,,5887,21,,,1,101,,5888,21,,,1,101,,5889,21,,,1,100,,5890,21,,,1,100,,5891,21,,,1,100,,5892,21,,,1,100,,5893,21,,,1,100,,5894,21,,,1,99,,5895,21,,,1,98,,5896,21,,,1,100,,5897,21,,,1
8000,'WKDY',614,,12607,20,,,1,30,,12608,20,,,1,71,,12609,20,,,1,31,,12610,20,,,1,70,,12611,20,,,1,30,,12612,20,,,1,69,,12613,20,,,1,30,,12614,20,,,1,70,,12615,20,,,1,31,,12616,20,,,1,70,,12617,20,,,1,30,,12618,20,,,1,70,,12619,20,,,1,30,,12620,20,,,1,70,,12621,20,,,1,30,,12622,20,,,1,70,,12623,20,,,1,30,,12624,20,,,1,72,,12625,20,,,1,33,,12626,20,,,1,67,,12627,20,,,1,29,,12628,20,,,1,69,,12629,20,,,1,29,,12630,20,,,1,70,,12631,20,,,1,30,,12632,20,,,1,70,,12633,20,,,1,29,,12634,20,,,1,70,,12635,20,,,1,30,,12636,20,,,1,69,,12637,20,,,1
8000,'SAT',714,,12651,20,,,1,100,,12638,20,,,1,30,,12639,20,,,1,70,,12640,20,,,1,30,,12652,20,,,1,70,,12641,20,,,1,31,,12653,20,,,1,70,,12642,20,,,1,30,,12654,20,,,1,70,,12643,20,,,1,30,,12655,20,,,1,70,,12644,20,,,1,30,,12656,20,,,1,70,,12645,20,,,1,30,,12657,20,,,1,70,,12646,20,,,1,30,,12658,20,,,1,70,,12647,20,,,1,30,,12659,20,,,1,70,,12648,20,,,1,30,,12660,20,,,1,70,,12649,20,,,1,30,,12661,20,,,1,70,,12650,20,,,1,30,,12662,20,,,1,69,,12665,20,,,1,31,,12663,20,,,1,100,,12664,20,,,1
8000,'SUN',714,,12679,20,,,1,100,,12666,20,,,1,30,,12667,20,,,1,70,,12668,20,,,1,30,,12680,20,,,1,70,,12669,20,,,1,31,,12681,20,,,1,70,,12670,20,,,1,30,,12682,20,,,1,70,,12671,20,,,1,30,,12683,20,,,1,70,,12672,20,,,1,30,,12684,20,,,1,70,,12673,20,,,1,30,,12685,20,,,1,70,,12674,20,,,1,30,,12686,20,,,1,70,,12675,20,,,1,30,,12687,20,,,1,70,,12676,20,,,1,30,,12688,20,,,1,70,,12677,20,,,1,30,,12689,20,,,1,70,,12678,20,,,1,30,,12690,20,,,1,69,,12693,20,,,1,31,,12691,20,,,1,99,,12692,20,,,1
8000,'CCFWK',614,,12694,20,,,1,30,,12695,20,,,1,71,,12696,20,,,1,31,,12697,20,,,1,70,,12698,20,,,1,30,,12699,20,,,1,69,,12700,20,,,1,30,,12701,20,,,1,70,,12702,20,,,1,31,,12703,20,,,1,70,,12704,20,,,1,30,,12705,20,,,1,70,,12706,20,,,1,30,,12707,20,,,1,70,,12708,20,,,1,30,,12709,20,,,1,70,,12710,20,,,1,30,,12711,20,,,1,72,,12712,20,,,1,33,,12713,20,,,1,67,,12714,20,,,1,29,,12715,20,,,1,69,,12716,20,,,1,29,,12717,20,,,1,70,,12718,20,,,1,30,,12719,20,,,1,70,,12720,20,,,1,29,,12721,20,,,1,70,,12722,20,,,1,30,,12723,20,,,1,69,,12724,20,,,1
8000,'CCFFF',614,,12725,20,,,1,30,,12726,20,,,1,71,,12727,20,,,1,31,,12728,20,,,1,70,,12729,20,,,1,30,,12730,20,,,1,69,,12731,20,,,1,30,,12732,20,,,1,70,,12733,20,,,1,31,,12734,20,,,1,70,,12735,20,,,1,30,,12736,20,,,1,70,,12737,20,,,1,30,,12738,20,,,1,70,,12739,20,,,1,30,,12740,20,,,1,70,,12741,20,,,1,30,,12742,20,,,1,72,,12743,20,,,1,33,,12744,20,,,1,67,,12745,20,,,1,29,,12746,20,,,1,69,,12747,20,,,1,29,,12748,20,,,1,70,,12749,20,,,1,30,,12750,20,,,1,70,,12751,20,,,1,29,,12752,20,,,1,70,,12753,20,,,1,30,,12754,20,,,1,69,,12755,20,,,1
8000,'CCFSAT',714,,12769,20,,,1,100,,12756,20,,,1,30,,12757,20,,,1,70,,12758,20,,,1,30,,12770,20,,,1,70,,12759,20,,,1,31,,12771,20,,,1,70,,12760,20,,,1,30,,12772,20,,,1,70,,12761,20,,,1,30,,12773,20,,,1,70,,12762,20,,,1,30,,12774,20,,,1,70,,12763,20,,,1,30,,12775,20,,,1,70,,12764,20,,,1,30,,12776,20,,,1,70,,12765,20,,,1,30,,12777,20,,,1,70,,12766,20,,,1,30,,12778,20,,,1,70,,12767,20,,,1,30,,12779,20,,,1,70,,12768,20,,,1,30,,12780,20,,,1,69,,12783,20,,,1,31,,12781,20,,,1,100,,12782,20,,,1
8000,'CCFSUN',714,,12797,20,,,1,100,,12784,20,,,1,30,,12785,20,,,1,70,,12786,20,,,1,30,,12798,20,,,1,70,,12787,20,,,1,31,,12799,20,,,1,70,,12788,20,,,1,30,,12800,20,,,1,70,,12789,20,,,1,30,,12801,20,,,1,70,,12790,20,,,1,30,,12802,20,,,1,70,,12791,20,,,1,30,,12803,20,,,1,70,,12792,20,,,1,30,,12804,20,,,1,70,,12793,20,,,1,30,,12805,20,,,1,70,,12794,20,,,1,30,,12806,20,,,1,70,,12795,20,,,1,30,,12807,20,,,1,70,,12796,20,,,1,30,,12808,20,,,1,70,,12811,20,,,1,30,,12809,20,,,1,99,,12810,20,,,1
