3100,'WKDY',526,,6077,1,,,1,30,,6078,1,,,1,70,,6079,1,,,1,28,,6080,1,,,1,70,,6081,1,,,1,29,,6082,1,,,1,70,,6083,1,,,1,29,,6084,1,,,1,71,,6085,1,,,1,30,,6086,1,,,1,69,,6087,1,,,1,30,,6088,1,,,1,69,,6089,1,,,1,30,,6090,1,,,1,68,,6091,1,,,1,29,,6092,1,,,1,70,,6093,1,,,1,30,,6094,1,,,1,68,,6095,1,,,1,30,,6096,1,,,1,71,,6097,1,,,1,30,,6098,1,,,1,70,,6099,1,,,1,31,,6100,1,,,1,73,,6101,1,,,1,33,,6102,1,,,1,71,,6103,1,,,1,30,,6104,1,,,1,100,,6105,1,,,1,101,,6106,1,,,1
3100,'SAT',735,,6107,1,,,1,79,,6108,1,,,1,39,,6109,1,,,1,79,,6110,1,,,1,79,,6111,1,,,1,39,,6112,1,,,1,78,,6113,1,,,1,79,,6114,1,,,1,40,,6115,1,,,1,80,,6116,1,,,1,80,,6117,1,,,1,40,,6118,1,,,1,80,,6119,1,,,1,82,,6120,1,,,1,40,,6121,1,,,1,81,,6122,1,,,1,82,,6123,1,,,1,42,,6124,1,,,1,80,,6125,1,,,1
3100,'SUN',734,,6126,1,,,1,100,,6127,1,,,1,98,,6128,1,,,1,100,,6129,1,,,1,96,,6130,1,,,1,99,,6131,1,,,1,100,,6132,1,,,1,100,,6133,1,,,1,100,,6134,1,,,1,101,,6135,1,,,1,102,,6136,1,,,1,102,,6137,1,,,1,102,,6138,1,,,1
3100,'CCFWK',526,,6139,1,,,1,30,,6140,1,,,1,70,,6141,1,,,1,28,,6142,1,,,1,70,,6143,1,,,1,29,,6144,1,,,1,70,,6145,1,,,1,29,,6146,1,,,1,71,,6147,1,,,1,30,,6148,1,,,1,69,,6149,1,,,1,30,,6150,1,,,1,69,,6151,1,,,1,30,,6152,1,,,1,68,,6153,1,,,1,29,,6154,1,,,1,70,,6155,1,,,1,30,,6156,1,,,1,68,,6157,1,,,1,30,,6158,1,,,1,71,,6159,1,,,1,30,,6160,1,,,1,70,,6161,1,,,1,31,,6162,1,,,1,73,,6163,1,,,1,33,,6164,1,,,1,71,,6165,1,,,1,30,,6166,1,,,1,100,,6167,1,,,1,101,,6168,1,,,1
3100,'CCFFF',526,,6169,1,,,1,30,,6170,1,,,1,70,,6171,1,,,1,28,,6172,1,,,1,70,,6173,1,,,1,29,,6174,1,,,1,70,,6175,1,,,1,29,,6176,1,,,1,71,,6177,1,,,1,30,,6178,1,,,1,69,,6179,1,,,1,30,,6180,1,,,1,69,,6181,1,,,1,30,,6182,1,,,1,68,,6183,1,,,1,29,,6184,1,,,1,70,,6185,1,,,1,30,,6186,1,,,1,68,,6187,1,,,1,30,,6188,1,,,1,71,,6189,1,,,1,30,,6190,1,,,1,70,,6191,1,,,1,31,,6192,1,,,1,73,,6193,1,,,1,33,,6194,1,,,1,71,,6195,1,,,1,30,,6196,1,,,1,100,,6197,1,,,1,101,,6198,1,,,1
3100,'CCFSAT',735,,6199,1,,,1,79,,6200,1,,,1,39,,6201,1,,,1,79,,6202,1,,,1,79,,6203,1,,,1,39,,6204,1,,,1,78,,6205,1,,,1,79,,6206,1,,,1,40,,6207,1,,,1,80,,6208,1,,,1,80,,6209,1,,,1,40,,6210,1,,,1,80,,6211,1,,,1,82,,6212,1,,,1,40,,6213,1,,,1,81,,6214,1,,,1,82,,6215,1,,,1,42,,6216,1,,,1,80,,6217,1,,,1
3100,'CCFSUN',734,,6218,1,,,1,100,,6219,1,,,1,98,,6220,1,,,1,100,,6221,1,,,1,96,,6222,1,,,1,99,,6223,1,,,1,100,,6224,1,,,1,100,,6225,1,,,1,100,,6226,1,,,1,101,,6227,1,,,1,102,,6228,1,,,1,102,,6229,1,,,1,102,,6230,1,,,1
3101,'WKDY',556,,6231,22,4,,1,71,,6232,22,4,,1,31,,6233,22,4,,1,70,,6234,22,4,,1,72,,6235,22,4,,1,32,,6236,22,4,,1,70,,6237,22,4,,1,28,,6238,22,4,,1,70,,6239,22,4,,1,30,,6240,22,4,,1,70,,6241,22,4,,1,31,,6242,22,4,,1,72,,6243,22,4,,1,30,,6244,22,4,,1,70,,6245,22,4,,1,30,,6246,22,4,,1,70,,6247,22,4,,1,31,,6248,22,4,,1,73,,6249,22,4,,1,30,,6250,22,4,,1,70,,6251,22,4,,1,29,,6252,22,4,,1,68,,6253,22,4,,1,27,,6254,22,4,,1,70,,6255,22,4,,1,29,,6256,22,4,,1,29,,6257,22,4,,1,169,,6259,22,4,,1,97,,6260,22,4,,1
3101,'SAT',902,,6261,22,4,,1,40,,6262,22,4,,1,80,,6263,22,4,,1,80,,6264,22,4,,1,41,,6265,22,4,,1,80,,6266,22,4,,1,81,,6267,22,4,,1,40,,6268,22,4,,1,80,,6269,22,4,,1,79,,6270,22,4,,1,40,,6271,22,4,,1,80,,6272,22,4,,1,80,,6273,22,4,,1,40,,6274,22,4,,1,80,,6275,22,4,,1,79,,6276,22,4,,1,40,,6277,22,4,,1,80,,6278,22,4,,1
3101,'SUN',902,,6279,22,4,,1,100,,6280,22,4,,1,101,,6281,22,4,,1,101,,6282,22,4,,1,99,,6283,22,4,,1,100,,6284,22,4,,1,100,,6285,22,4,,1,100,,6286,22,4,,1,100,,6287,22,4,,1,99,,6288,22,4,,1,100,,6289,22,4,,1,100,,6290,22,4,,1
3101,'CCFWK',556,,6291,22,4,,1,71,,6292,22,4,,1,31,,6293,22,4,,1,70,,6294,22,4,,1,72,,6295,22,4,,1,32,,6296,22,4,,1,70,,6297,22,4,,1,28,,6298,22,4,,1,70,,6299,22,4,,1,30,,6300,22,4,,1,70,,6301,22,4,,1,31,,6302,22,4,,1,72,,6303,22,4,,1,30,,6304,22,4,,1,70,,6305,22,4,,1,30,,6306,22,4,,1,70,,6307,22,4,,1,31,,6308,22,4,,1,73,,6309,22,4,,1,30,,6310,22,4,,1,70,,6311,22,4,,1,29,,6312,22,4,,1,68,,6313,22,4,,1,27,,6314,22,4,,1,70,,6315,22,4,,1,29,,6316,22,4,,1,29,,6317,22,4,,1,169,,6319,22,4,,1,97,,6320,22,4,,1
3101,'CCFFF',556,,6321,22,4,,1,71,,6322,22,4,,1,31,,6323,22,4,,1,70,,6324,22,4,,1,72,,6325,22,4,,1,32,,6326,22,4,,1,70,,6327,22,4,,1,28,,6328,22,4,,1,70,,6329,22,4,,1,30,,6330,22,4,,1,70,,6331,22,4,,1,31,,6332,22,4,,1,72,,6333,22,4,,1,30,,6334,22,4,,1,70,,6335,22,4,,1,30,,6336,22,4,,1,70,,6337,22,4,,1,31,,6338,22,4,,1,73,,6339,22,4,,1,30,,6340,22,4,,1,70,,6341,22,4,,1,29,,6342,22,4,,1,68,,6343,22,4,,1,27,,6344,22,4,,1,70,,6345,22,4,,1,29,,6346,22,4,,1,29,,6347,22,4,,1,169,,6349,22,4,,1,97,,6350,22,4,,1
3101,'CCFSAT',902,,6351,22,4,,1,40,,6352,22,4,,1,80,,6353,22,4,,1,80,,6354,22,4,,1,41,,6355,22,4,,1,80,,6356,22,4,,1,81,,6357,22,4,,1,40,,6358,22,4,,1,80,,6359,22,4,,1,79,,6360,22,4,,1,40,,6361,22,4,,1,80,,6362,22,4,,1,80,,6363,22,4,,1,40,,6364,22,4,,1,80,,6365,22,4,,1,79,,6366,22,4,,1,40,,6367,22,4,,1,80,,6368,22,4,,1
3101,'CCFSUN',902,,6369,22,4,,1,100,,6370,22,4,,1,101,,6371,22,4,,1,101,,6372,22,4,,1,99,,6373,22,4,,1,100,,6374,22,4,,1,100,,6375,22,4,,1,100,,6376,22,4,,1,100,,6377,22,4,,1,99,,6378,22,4,,1,100,,6379,22,4,,1,100,,6380,22,4,,1
