2501,'WKDY',546,,5450,13,,,1,70,,5451,13,,,1,30,,5452,13,,,1,71,,5453,13,,,1,30,,5454,13,,,1,70,,5455,13,,,1,31,,5456,13,,,1,70,,5457,13,,,1,29,,5458,13,,,1,70,,5459,13,,,1,30,,5460,13,,,1,70,,5461,13,,,1,31,,5462,13,,,1,70,,5463,13,,,1,30,,5464,13,,,1,70,,5465,13,,,1,30,,5466,13,,,1,70,,5467,13,,,1,31,,5468,13,,,1,70,,5469,13,,,1,30,,5470,13,,,1,70,,5471,13,,,1,30,,5472,13,,,1,70,,5473,13,,,1,29,,5474,13,,,1,70,,5475,13,,,1,100,,5476,13,,,1,98,,5477,13,,,1
2501,'SAT',717,,5489,13,,,1,100,,5478,13,,,1,101,,5479,13,,,1,100,,5480,13,,,1,100,,5481,13,,,1,100,,5482,13,,,1,100,,5483,13,,,1,100,,5484,13,,,1,100,,5485,13,,,1,100,,5486,13,,,1,100,,5487,13,,,1,99,,5488,13,,,1,100,,5490,13,,,1
2501,'SUN',717,,5502,13,,,1,100,,5491,13,,,1,101,,5492,13,,,1,100,,5493,13,,,1,100,,5494,13,,,1,100,,5495,13,,,1,100,,5496,13,,,1,100,,5497,13,,,1,100,,5498,13,,,1,100,,5499,13,,,1,100,,5500,13,,,1,99,,5501,13,,,1,100,,5503,13,,,1
2501,'CCFWK',546,,5504,13,,,1,70,,5505,13,,,1,30,,5506,13,,,1,71,,5507,13,,,1,30,,5508,13,,,1,70,,5509,13,,,1,31,,5510,13,,,1,70,,5511,13,,,1,29,,5512,13,,,1,70,,5513,13,,,1,30,,5514,13,,,1,70,,5515,13,,,1,31,,5516,13,,,1,70,,5517,13,,,1,30,,5518,13,,,1,70,,5519,13,,,1,30,,5520,13,,,1,70,,5521,13,,,1,31,,5522,13,,,1,70,,5523,13,,,1,30,,5524,13,,,1,70,,5525,13,,,1,30,,5526,13,,,1,70,,5527,13,,,1,29,,5528,13,,,1,70,,5529,13,,,1,100,,5530,13,,,1,98,,5531,13,,,1
2501,'CCFFF',546,,5532,13,,,1,70,,5533,13,,,1,30,,5534,13,,,1,71,,5535,13,,,1,30,,5536,13,,,1,70,,5537,13,,,1,31,,5538,13,,,1,70,,5539,13,,,1,29,,5540,13,,,1,70,,5541,13,,,1,30,,5542,13,,,1,70,,5543,13,,,1,31,,5544,13,,,1,70,,5545,13,,,1,30,,5546,13,,,1,70,,5547,13,,,1,30,,5548,13,,,1,70,,5549,13,,,1,31,,5550,13,,,1,70,,5551,13,,,1,30,,5552,13,,,1,70,,5553,13,,,1,30,,5554,13,,,1,70,,5555,13,,,1,29,,5556,13,,,1,70,,5557,13,,,1,100,,5558,13,,,1,98,,5559,13,,,1
2501,'CCFSAT',717,,5571,13,,,1,100,,5560,13,,,1,101,,5561,13,,,1,100,,5562,13,,,1,100,,5563,13,,,1,100,,5564,13,,,1,100,,5565,13,,,1,100,,5566,13,,,1,100,,5567,13,,,1,100,,5568,13,,,1,100,,5569,13,,,1,99,,5570,13,,,1,100,,5572,13,,,1
2501,'CCFSUN',717,,5584,13,,,1,100,,5573,13,,,1,101,,5574,13,,,1,100,,5575,13,,,1,100,,5576,13,,,1,100,,5577,13,,,1,100,,5578,13,,,1,100,,5579,13,,,1,100,,5580,13,,,1,100,,5581,13,,,1,100,,5582,13,,,1,99,,5583,13,,,1,100,,5585,13,,,1
7801,'WKDY',529,,12122,16,,,1,96,,12123,16,,,1,30,,12124,16,,,1,71,,12125,16,,,1,30,,12126,16,,,1,70,,12127,16,,,1,30,,12128,16,,,1,70,,12129,16,,,1,30,,12147,16,,,1,70,,12130,16,,,1,30,,12148,16,,,1,70,,12131,16,,,1,31,,12149,16,,,1,70,,12132,16,,,1,32,,12150,16,,,1,70,,12133,16,,,1,30,,12145,16,,,1,70,,12134,16,,,1,30,,12146,16,,,1,70,,12135,16,,,1,72,,12136,16,,,1,33,,12137,16,,,1,70,,12138,16,,,1,30,,12139,16,,,1,68,,12140,16,,,1,25,,12141,16,,,1,99,,12142,16,,,1,99,,12143,16,,,1,100,,12144,16,,,1
7801,'SAT',826,,12151,16,,,1,100,,12152,16,,,1,100,,12153,16,,,1,101,,12154,16,,,1,100,,12155,16,,,1,100,,12156,16,,,1,100,,12157,16,,,1,100,,12158,16,,,1,100,,12159,16,,,1,100,,12160,16,,,1,100,,12161,16,,,1,99,,12162,16,,,1
7801,'SUN',826,,12163,16,,,1,100,,12164,16,,,1,100,,12165,16,,,1,101,,12166,16,,,1,100,,12167,16,,,1,100,,12168,16,,,1,100,,12169,16,,,1,100,,12170,16,,,1,100,,12171,16,,,1,100,,12172,16,,,1,100,,12173,16,,,1,99,,12174,16,,,1
7801,'CCFWK',529,,12175,16,,,1,96,,12176,16,,,1,30,,12177,16,,,1,71,,12178,16,,,1,30,,12179,16,,,1,70,,12180,16,,,1,30,,12181,16,,,1,70,,12182,16,,,1,30,,12200,16,,,1,70,,12183,16,,,1,30,,12201,16,,,1,70,,12184,16,,,1,31,,12202,16,,,1,70,,12185,16,,,1,32,,12203,16,,,1,70,,12186,16,,,1,30,,12198,16,,,1,70,,12187,16,,,1,30,,12199,16,,,1,70,,12188,16,,,1,72,,12189,16,,,1,33,,12190,16,,,1,70,,12191,16,,,1,30,,12192,16,,,1,68,,12193,16,,,1,25,,12194,16,,,1,99,,12195,16,,,1,99,,12196,16,,,1,100,,12197,16,,,1
7801,'CCFFF',529,,12204,16,,,1,96,,12205,16,,,1,30,,12206,16,,,1,71,,12207,16,,,1,30,,12208,16,,,1,70,,12209,16,,,1,30,,12210,16,,,1,70,,12211,16,,,1,30,,12229,16,,,1,70,,12212,16,,,1,30,,12230,16,,,1,70,,12213,16,,,1,31,,12231,16,,,1,70,,12214,16,,,1,32,,12232,16,,,1,70,,12215,16,,,1,30,,12227,16,,,1,70,,12216,16,,,1,30,,12228,16,,,1,70,,12217,16,,,1,72,,12218,16,,,1,33,,12219,16,,,1,70,,12220,16,,,1,30,,12221,16,,,1,68,,12222,16,,,1,25,,12223,16,,,1,99,,12224,16,,,1,99,,12225,16,,,1,100,,12226,16,,,1
7801,'CCFSAT',826,,12233,16,,,1,100,,12234,16,,,1,100,,12235,16,,,1,101,,12236,16,,,1,100,,12237,16,,,1,100,,12238,16,,,1,100,,12239,16,,,1,100,,12240,16,,,1,100,,12241,16,,,1,100,,12242,16,,,1,100,,12243,16,,,1,99,,12244,16,,,1
7801,'CCFSUN',826,,12245,16,,,1,100,,12246,16,,,1,100,,12247,16,,,1,101,,12248,16,,,1,100,,12249,16,,,1,100,,12250,16,,,1,100,,12251,16,,,1,100,,12252,16,,,1,100,,12253,16,,,1,100,,12254,16,,,1,100,,12255,16,,,1,99,,12256,16,,,1
