701,'WKDY',545,,301,3,,,1,106,,302,3,,,1,68,,303,3,,,1,30,,304,3,,,1,70,,305,3,,,1,30,,306,3,,,1,70,,307,3,,,1,30,,308,3,,,1,70,,309,3,,,1,30,,310,3,,,1,70,,311,3,,,1,30,,312,3,,,1,71,,313,3,,,1,30,,314,3,,,1,70,,315,3,,,1,30,,316,3,,,1,70,,317,3,,,1,30,,318,3,,,1,70,,319,3,,,1,30,,320,3,,,1,70,,321,3,,,1,30,,322,3,,,1,70,,323,3,,,1,30,,324,3,,,1,70,,325,3,,,1,29,,326,3,,,1,70,,327,3,,,1,100,,328,3,,,1,100,,329,3,,,1
701,'SAT',649,,341,3,,,1,100,,342,3,,,1,100,,330,3,,,1,100,,331,3,,,1,100,,332,3,,,1,100,,333,3,,,1,100,,334,3,,,1,100,,335,3,,,1,100,,336,3,,,1,100,,337,3,,,1,100,,338,3,,,1,100,,339,3,,,1,100,,340,3,,,1,100,,343,3,,,1,100,,344,3,,,1
701,'SUN',649,,356,3,,,1,100,,357,3,,,1,100,,345,3,,,1,100,,346,3,,,1,100,,347,3,,,1,100,,348,3,,,1,100,,349,3,,,1,100,,350,3,,,1,100,,351,3,,,1,100,,352,3,,,1,100,,353,3,,,1,100,,354,3,,,1,100,,355,3,,,1,100,,358,3,,,1,100,,359,3,,,1
1201,'WKDY',526,,449,3,,,1,30,,450,3,,,1,70,,451,3,,,1,30,,452,3,,,1,70,,453,3,,,1,30,,454,3,,,1,70,,455,3,,,1,30,,456,3,,,1,70,,457,3,,,1,30,,458,3,,,1,70,,459,3,,,1,30,,460,3,,,1,70,,461,3,,,1,30,,462,3,,,1,70,,463,3,,,1,30,,464,3,,,1,70,,465,3,,,1,30,,466,3,,,1,70,,467,3,,,1,30,,468,3,,,1,70,,469,3,,,1,30,,470,3,,,1,70,,471,3,,,1,30,,472,3,,,1,70,,473,3,,,1,30,,474,3,,,1,70,,475,3,,,1,30,,476,3,,,1,70,,477,3,,,1,30,,478,3,,,1,70,,479,3,,,1,30,,480,3,,,1
1201,'SAT',618,,481,3,,,1,100,,482,3,,,1,100,,483,3,,,1,100,,484,3,,,1,100,,485,3,,,1,100,,486,3,,,1,100,,487,3,,,1,100,,488,3,,,1,100,,489,3,,,1,100,,490,3,,,1,100,,491,3,,,1,100,,492,3,,,1,100,,493,3,,,1,100,,494,3,,,1,100,,495,3,,,1,100,,496,3,,,1
1201,'SUN',618,,497,3,,,1,100,,498,3,,,1,100,,499,3,,,1,100,,500,3,,,1,100,,501,3,,,1,100,,502,3,,,1,100,,503,3,,,1,100,,504,3,,,1,100,,505,3,,,1,100,,506,3,,,1,100,,507,3,,,1,100,,508,3,,,1,100,,509,3,,,1,100,,510,3,,,1,100,,511,3,,,1,100,,512,3,,,1
7401,'WKDY',447,,3302,3,,,1,100,,3303,3,,,1,70,,3331,3,,,1,30,,3304,3,,,1,70,,3332,3,,,1,30,,3305,3,,,1,70,,3306,3,,,1,30,,3307,3,,,1,70,,3308,3,,,1,30,,3309,3,,,1,70,,3310,3,,,1,30,,3311,3,,,1,71,,3312,3,,,1,30,,3313,3,,,1,70,,3314,3,,,1,30,,3315,3,,,1,70,,3316,3,,,1,30,,3317,3,,,1,70,,3318,3,,,1,30,,3319,3,,,1,70,,3320,3,,,1,30,,3321,3,,,1,70,,3322,3,,,1,30,,3323,3,,,1,70,,3324,3,,,1,30,,3325,3,,,1,70,,3326,3,,,1,30,,3327,3,,,1,69,,3328,3,,,1,30,,3329,3,,,1,70,,3333,3,,,1,30,,3334,3,,,1,70,,3330,3,,,1
7401,'SAT',723,,3335,3,,,1,100,,3336,3,,,1,100,,3337,3,,,1,100,,3338,3,,,1,101,,3339,3,,,1,100,,3340,3,,,1,100,,3341,3,,,1,100,,3342,3,,,1,100,,3343,3,,,1,100,,3344,3,,,1,100,,3345,3,,,1,100,,3346,3,,,1,99,,3347,3,,,1,100,,3348,3,,,1
7401,'SUN',723,,3349,3,,,1,100,,3350,3,,,1,100,,3351,3,,,1,100,,3352,3,,,1,101,,3353,3,,,1,100,,3354,3,,,1,100,,3355,3,,,1,100,,3356,3,,,1,100,,3357,3,,,1,100,,3358,3,,,1,100,,3359,3,,,1,100,,3360,3,,,1,99,,3361,3,,,1,100,,3362,3,,,1
8000,'WKDY',523,,3472,3,,,1,30,,3503,3,,,1,70,,3473,3,,,1,30,,3474,3,,,1,70,,3475,3,,,1,30,,3476,3,,,1,70,,3477,3,,,1,30,,3478,3,,,1,70,,3479,3,,,1,30,,3480,3,,,1,70,,3481,3,,,1,30,,3482,3,,,1,70,,3483,3,,,1,30,,3484,3,,,1,70,,3485,3,,,1,30,,3486,3,,,1,70,,3487,3,,,1,30,,3488,3,,,1,70,,3489,3,,,1,30,,3490,3,,,1,70,,3491,3,,,1,31,,3492,3,,,1,70,,3493,3,,,1,29,,3494,3,,,1,70,,3495,3,,,1,30,,3496,3,,,1,70,,3497,3,,,1,30,,3498,3,,,1,70,,3499,3,,,1,30,,3500,3,,,1,70,,3501,3,,,1,30,,3502,3,,,1
8000,'SAT',623,,3516,3,,,1,100,,3504,3,,,1,30,,3505,3,,,1,70,,3506,3,,,1,30,,3517,3,,,1,70,,3507,3,,,1,30,,3518,3,,,1,70,,3508,3,,,1,30,,3519,3,,,1,70,,3509,3,,,1,30,,3520,3,,,1,70,,3510,3,,,1,30,,3521,3,,,1,70,,3511,3,,,1,30,,3522,3,,,1,70,,3512,3,,,1,30,,3523,3,,,1,70,,3513,3,,,1,30,,3524,3,,,1,70,,3514,3,,,1,30,,3525,3,,,1,70,,3515,3,,,1,30,,3526,3,,,1,70,,3527,3,,,1,30,,3528,3,,,1,70,,3529,3,,,1,30,,3530,3,,,1,100,,3531,3,,,1
8000,'SUN',623,,3545,3,,,1,100,,3532,3,,,1,30,,3533,3,,,1,70,,3534,3,,,1,30,,3546,3,,,1,70,,3535,3,,,1,30,,3547,3,,,1,70,,3536,3,,,1,30,,3548,3,,,1,70,,3537,3,,,1,30,,3549,3,,,1,70,,3538,3,,,1,30,,3550,3,,,1,70,,3539,3,,,1,30,,3551,3,,,1,70,,3540,3,,,1,30,,3552,3,,,1,70,,3541,3,,,1,30,,3553,3,,,1,70,,3542,3,,,1,30,,3554,3,,,1,70,,3543,3,,,1,30,,3555,3,,,1,70,,3544,3,,,1,30,,3556,3,,,1,70,,3558,3,,,1,30,,3557,3,,,1,100,,3559,3,,,1
