3200,'WKDY',607,,6381,32,,,1,30,,6382,32,,,1,70,,6383,32,,,1,30,,6384,32,,,1,70,,6385,32,,,1,30,,6386,32,,,1,70,,6387,32,,,1,30,,6388,32,,,1,70,,6389,32,,,1,30,,6390,32,,,1,70,,6391,32,,,1,30,,6392,32,,,1,69,,6393,32,,,1,30,,6394,32,,,1,70,,6395,32,,,1,30,,6396,32,,,1,70,,6397,32,,,1,30,,6398,32,,,1,70,,6399,32,,,1,30,,6400,32,,,1,70,,6401,32,,,1,30,,6402,32,,,1,70,,6403,32,,,1,30,,6404,32,,,1,70,,6405,32,,,1,31,,6406,32,,,1,70,,6407,32,,,1,30,,6408,32,,,1,100,,6409,32,,,1,100,,6410,32,,,1
3200,'SAT',814,,6427,32,,,1,40,,6428,32,,,1,80,,6429,32,,,1,80,,6411,32,,,1,39,,6412,32,,,1,80,,6413,32,,,1,80,,6414,32,,,1,40,,6415,32,,,1,80,,6416,32,,,1,80,,6417,32,,,1,40,,6418,32,,,1,80,,6419,32,,,1,80,,6420,32,,,1,40,,6421,32,,,1,80,,6422,32,,,1,80,,6423,32,,,1,41,,6424,32,,,1,80,,6425,32,,,1,80,,6426,32,,,1
3200,'SUN',814,,6430,32,,,1,100,,6431,32,,,1,100,,6432,32,,,1,100,,6433,32,,,1,99,,6434,32,,,1,100,,6435,32,,,1,100,,6436,32,,,1,100,,6437,32,,,1,100,,6438,32,,,1,100,,6439,32,,,1,100,,6440,32,,,1,100,,6441,32,,,1,101,,6442,32,,,1
3200,'CCFWK',607,,6443,32,,,1,30,,6444,32,,,1,70,,6445,32,,,1,30,,6446,32,,,1,70,,6447,32,,,1,30,,6448,32,,,1,70,,6449,32,,,1,30,,6450,32,,,1,70,,6451,32,,,1,30,,6452,32,,,1,70,,6453,32,,,1,30,,6454,32,,,1,69,,6455,32,,,1,30,,6456,32,,,1,70,,6457,32,,,1,30,,6458,32,,,1,70,,6459,32,,,1,30,,6460,32,,,1,70,,6461,32,,,1,30,,6462,32,,,1,70,,6463,32,,,1,30,,6464,32,,,1,70,,6465,32,,,1,30,,6466,32,,,1,70,,6467,32,,,1,31,,6468,32,,,1,70,,6469,32,,,1,30,,6470,32,,,1,100,,6471,32,,,1,100,,6472,32,,,1
3200,'CCFFF',607,,6473,32,,,1,30,,6474,32,,,1,70,,6475,32,,,1,30,,6476,32,,,1,70,,6477,32,,,1,30,,6478,32,,,1,70,,6479,32,,,1,30,,6480,32,,,1,70,,6481,32,,,1,30,,6482,32,,,1,70,,6483,32,,,1,30,,6484,32,,,1,69,,6485,32,,,1,30,,6486,32,,,1,70,,6487,32,,,1,30,,6488,32,,,1,70,,6489,32,,,1,30,,6490,32,,,1,70,,6491,32,,,1,30,,6492,32,,,1,70,,6493,32,,,1,30,,6494,32,,,1,70,,6495,32,,,1,30,,6496,32,,,1,70,,6497,32,,,1,31,,6498,32,,,1,70,,6499,32,,,1,30,,6500,32,,,1,100,,6501,32,,,1,100,,6502,32,,,1
3200,'CCFSAT',814,,6519,32,,,1,40,,6520,32,,,1,80,,6521,32,,,1,80,,6503,32,,,1,39,,6504,32,,,1,80,,6505,32,,,1,80,,6506,32,,,1,40,,6507,32,,,1,80,,6508,32,,,1,80,,6509,32,,,1,40,,6510,32,,,1,80,,6511,32,,,1,80,,6512,32,,,1,40,,6513,32,,,1,80,,6514,32,,,1,80,,6515,32,,,1,41,,6516,32,,,1,80,,6517,32,,,1,80,,6518,32,,,1
3200,'CCFSUN',814,,6522,32,,,1,100,,6523,32,,,1,100,,6524,32,,,1,100,,6525,32,,,1,99,,6526,32,,,1,100,,6527,32,,,1,100,,6528,32,,,1,100,,6529,32,,,1,100,,6530,32,,,1,100,,6531,32,,,1,100,,6532,32,,,1,100,,6533,32,,,1,101,,6534,32,,,1
7801,'WKDY',458,,12257,25,,,1,143,,12258,25,,,1,31,,12259,25,,,1,72,,12260,25,,,1,30,,12261,25,,,1,70,,12262,25,,,1,30,,12263,25,,,1,71,,12264,25,,,1,30,,12281,25,,,1,70,,12265,25,,,1,31,,12282,25,,,1,70,,12266,25,,,1,31,,12283,25,,,1,70,,12267,25,,,1,30,,12284,25,,,1,70,,12268,25,,,1,31,,12285,25,,,1,70,,12269,25,,,1,30,,12286,25,,,1,70,,12270,25,,,1,30,,12271,25,,,1,70,,12272,25,,,1,30,,12273,25,,,1,70,,12274,25,,,1,30,,12275,25,,,1,70,,12276,25,,,1,100,,12277,25,,,1,97,,12278,25,,,1,99,,12279,25,,,1,97,,12280,25,,,1
7801,'SAT',804,,12287,25,,,1,101,,12288,25,,,1,100,,12289,25,,,1,100,,12290,25,,,1,100,,12291,25,,,1,101,,12292,25,,,1,100,,12293,25,,,1,100,,12294,25,,,1,100,,12295,25,,,1,100,,12296,25,,,1,100,,12297,25,,,1,99,,12298,25,,,1,99,,12299,25,,,1
7801,'SUN',804,,12300,25,,,1,100,,12301,25,,,1,101,,12302,25,,,1,100,,12303,25,,,1,100,,12304,25,,,1,101,,12305,25,,,1,100,,12306,25,,,1,100,,12307,25,,,1,100,,12308,25,,,1,100,,12309,25,,,1,100,,12310,25,,,1,99,,12311,25,,,1,99,,12312,25,,,1
7801,'CCFWK',458,,12313,25,,,1,143,,12314,25,,,1,31,,12315,25,,,1,72,,12316,25,,,1,30,,12317,25,,,1,70,,12318,25,,,1,30,,12319,25,,,1,71,,12320,25,,,1,30,,12337,25,,,1,70,,12321,25,,,1,31,,12338,25,,,1,70,,12322,25,,,1,31,,12339,25,,,1,70,,12323,25,,,1,30,,12340,25,,,1,70,,12324,25,,,1,31,,12341,25,,,1,70,,12325,25,,,1,30,,12342,25,,,1,70,,12326,25,,,1,30,,12327,25,,,1,70,,12328,25,,,1,30,,12329,25,,,1,70,,12330,25,,,1,30,,12331,25,,,1,70,,12332,25,,,1,100,,12333,25,,,1,97,,12334,25,,,1,99,,12335,25,,,1,97,,12336,25,,,1
7801,'CCFFF',458,,12343,25,,,1,143,,12344,25,,,1,31,,12345,25,,,1,72,,12346,25,,,1,30,,12347,25,,,1,70,,12348,25,,,1,30,,12349,25,,,1,71,,12350,25,,,1,30,,12367,25,,,1,70,,12351,25,,,1,31,,12368,25,,,1,70,,12352,25,,,1,31,,12369,25,,,1,70,,12353,25,,,1,30,,12370,25,,,1,70,,12354,25,,,1,31,,12371,25,,,1,70,,12355,25,,,1,30,,12372,25,,,1,70,,12356,25,,,1,30,,12357,25,,,1,70,,12358,25,,,1,30,,12359,25,,,1,70,,12360,25,,,1,30,,12361,25,,,1,70,,12362,25,,,1,100,,12363,25,,,1,97,,12364,25,,,1,99,,12365,25,,,1,97,,12366,25,,,1
7801,'CCFSAT',804,,12373,25,,,1,101,,12374,25,,,1,100,,12375,25,,,1,100,,12376,25,,,1,100,,12377,25,,,1,101,,12378,25,,,1,100,,12379,25,,,1,100,,12380,25,,,1,100,,12381,25,,,1,100,,12382,25,,,1,100,,12383,25,,,1,99,,12384,25,,,1,99,,12385,25,,,1
7801,'CCFSUN',804,,12386,25,,,1,100,,12387,25,,,1,101,,12388,25,,,1,100,,12389,25,,,1,100,,12390,25,,,1,101,,12391,25,,,1,100,,12392,25,,,1,100,,12393,25,,,1,100,,12394,25,,,1,100,,12395,25,,,1,100,,12396,25,,,1,99,,12397,25,,,1,99,,12398,25,,,1
