700,'WKDY',613,,4506,30,4,,1,111,,4507,30,4,,1,32,,4508,30,4,,1,67,,4509,30,4,,1,29,,4510,30,4,,1,71,,4511,30,4,,1,28,,4512,30,4,,1,70,,4513,30,4,,1,30,,4514,30,4,,1,70,,4515,30,4,,1,30,,4516,30,4,,1,72,,4517,30,4,,1,31,,4518,30,4,,1,70,,4519,30,4,,1,31,,4520,30,4,,1,70,,4521,30,4,,1,33,,4522,30,4,,1,71,,4523,30,4,,1,30,,4524,30,4,,1,70,,4525,30,4,,1,30,,4526,30,4,,1,70,,4527,30,4,,1,29,,4528,30,4,,1,67,,4529,30,4,,1,28,,4530,30,4,,1,69,,4531,30,4,,1,27,,4532,30,4,,1,100,,4533,30,4,,1,100,,4534,30,4,,1
700,'SAT',718,,4546,30,4,,1,100,,4547,30,4,,1,100,,4535,30,4,,1,102,,4536,30,4,,1,102,,4537,30,4,,1,100,,4538,30,4,,1,101,,4539,30,4,,1,100,,4540,30,4,,1,100,,4541,30,4,,1,100,,4542,30,4,,1,100,,4543,30,4,,1,99,,4544,30,4,,1,99,,4545,30,4,,1,100,,4548,30,4,,1,100,,4549,30,4,,1
700,'SUN',718,,4561,30,4,,1,100,,4562,30,4,,1,100,,4550,30,4,,1,102,,4551,30,4,,1,102,,4552,30,4,,1,100,,4553,30,4,,1,101,,4554,30,4,,1,100,,4555,30,4,,1,100,,4556,30,4,,1,100,,4557,30,4,,1,100,,4558,30,4,,1,99,,4559,30,4,,1,99,,4560,30,4,,1,100,,4563,30,4,,1,100,,4564,30,4,,1
700,'CCFWK',613,,4565,30,4,,1,111,,4566,30,4,,1,32,,4567,30,4,,1,67,,4568,30,4,,1,29,,4569,30,4,,1,71,,4570,30,4,,1,28,,4571,30,4,,1,70,,4572,30,4,,1,30,,4573,30,4,,1,70,,4574,30,4,,1,30,,4575,30,4,,1,72,,4576,30,4,,1,31,,4577,30,4,,1,70,,4578,30,4,,1,31,,4579,30,4,,1,70,,4580,30,4,,1,33,,4581,30,4,,1,71,,4582,30,4,,1,30,,4583,30,4,,1,70,,4584,30,4,,1,30,,4585,30,4,,1,70,,4586,30,4,,1,29,,4587,30,4,,1,67,,4588,30,4,,1,28,,4589,30,4,,1,69,,4590,30,4,,1,27,,4591,30,4,,1,100,,4592,30,4,,1,100,,4593,30,4,,1
700,'CCFFF',613,,4594,30,4,,1,111,,4595,30,4,,1,32,,4596,30,4,,1,67,,4597,30,4,,1,29,,4598,30,4,,1,71,,4599,30,4,,1,28,,4600,30,4,,1,70,,4601,30,4,,1,30,,4602,30,4,,1,70,,4603,30,4,,1,30,,4604,30,4,,1,72,,4605,30,4,,1,31,,4606,30,4,,1,70,,4607,30,4,,1,31,,4608,30,4,,1,70,,4609,30,4,,1,33,,4610,30,4,,1,71,,4611,30,4,,1,30,,4612,30,4,,1,70,,4613,30,4,,1,30,,4614,30,4,,1,70,,4615,30,4,,1,29,,4616,30,4,,1,67,,4617,30,4,,1,28,,4618,30,4,,1,69,,4619,30,4,,1,27,,4620,30,4,,1,100,,4621,30,4,,1,100,,4622,30,4,,1
700,'CCFSAT',718,,4634,30,4,,1,100,,4635,30,4,,1,100,,4623,30,4,,1,102,,4624,30,4,,1,102,,4625,30,4,,1,100,,4626,30,4,,1,101,,4627,30,4,,1,100,,4628,30,4,,1,100,,4629,30,4,,1,100,,4630,30,4,,1,100,,4631,30,4,,1,99,,4632,30,4,,1,99,,4633,30,4,,1,100,,4636,30,4,,1,100,,4637,30,4,,1
700,'CCFSUN',718,,4649,30,4,,1,100,,4650,30,4,,1,100,,4638,30,4,,1,102,,4639,30,4,,1,102,,4640,30,4,,1,100,,4641,30,4,,1,101,,4642,30,4,,1,100,,4643,30,4,,1,100,,4644,30,4,,1,100,,4645,30,4,,1,100,,4646,30,4,,1,99,,4647,30,4,,1,99,,4648,30,4,,1,100,,4651,30,4,,1,100,,4652,30,4,,1
701,'WKDY',613,,4653,1,,,1,22,,4682,1,,,1,89,,4654,1,,,1,32,,4655,1,,,1,67,,4656,1,,,1,29,,4657,1,,,1,71,,4658,1,,,1,28,,4659,1,,,1,70,,4660,1,,,1,30,,4661,1,,,1,70,,4662,1,,,1,30,,4663,1,,,1,72,,4664,1,,,1,31,,4665,1,,,1,70,,4666,1,,,1,31,,4667,1,,,1,70,,4668,1,,,1,33,,4669,1,,,1,71,,4670,1,,,1,30,,4671,1,,,1,70,,4672,1,,,1,30,,4673,1,,,1,70,,4674,1,,,1,29,,4675,1,,,1,67,,4676,1,,,1,28,,4677,1,,,1,69,,4678,1,,,1,27,,4679,1,,,1,100,,4680,1,,,1,100,,4681,1,,,1
701,'SAT',718,,4694,1,,,1,100,,4695,1,,,1,100,,4683,1,,,1,102,,4684,1,,,1,102,,4685,1,,,1,100,,4686,1,,,1,101,,4687,1,,,1,100,,4688,1,,,1,100,,4689,1,,,1,100,,4690,1,,,1,100,,4691,1,,,1,99,,4692,1,,,1,99,,4693,1,,,1,100,,4696,1,,,1,100,,4697,1,,,1
701,'SUN',718,,4709,1,,,1,100,,4710,1,,,1,100,,4698,1,,,1,102,,4699,1,,,1,102,,4700,1,,,1,100,,4701,1,,,1,101,,4702,1,,,1,100,,4703,1,,,1,100,,4704,1,,,1,100,,4705,1,,,1,100,,4706,1,,,1,99,,4707,1,,,1,99,,4708,1,,,1,100,,4711,1,,,1,100,,4712,1,,,1
701,'CCFWK',613,,4713,1,,,1,22,,4742,1,,,1,89,,4714,1,,,1,32,,4715,1,,,1,67,,4716,1,,,1,29,,4717,1,,,1,71,,4718,1,,,1,28,,4719,1,,,1,70,,4720,1,,,1,30,,4721,1,,,1,70,,4722,1,,,1,30,,4723,1,,,1,72,,4724,1,,,1,31,,4725,1,,,1,70,,4726,1,,,1,31,,4727,1,,,1,70,,4728,1,,,1,33,,4729,1,,,1,71,,4730,1,,,1,30,,4731,1,,,1,70,,4732,1,,,1,30,,4733,1,,,1,70,,4734,1,,,1,29,,4735,1,,,1,67,,4736,1,,,1,28,,4737,1,,,1,69,,4738,1,,,1,27,,4739,1,,,1,100,,4740,1,,,1,100,,4741,1,,,1
701,'CCFFF',613,,4743,1,,,1,22,,4772,1,,,1,89,,4744,1,,,1,32,,4745,1,,,1,67,,4746,1,,,1,29,,4747,1,,,1,71,,4748,1,,,1,28,,4749,1,,,1,70,,4750,1,,,1,30,,4751,1,,,1,70,,4752,1,,,1,30,,4753,1,,,1,72,,4754,1,,,1,31,,4755,1,,,1,70,,4756,1,,,1,31,,4757,1,,,1,70,,4758,1,,,1,33,,4759,1,,,1,71,,4760,1,,,1,30,,4761,1,,,1,70,,4762,1,,,1,30,,4763,1,,,1,70,,4764,1,,,1,29,,4765,1,,,1,67,,4766,1,,,1,28,,4767,1,,,1,69,,4768,1,,,1,27,,4769,1,,,1,100,,4770,1,,,1,100,,4771,1,,,1
701,'CCFSAT',718,,4784,1,,,1,100,,4785,1,,,1,100,,4773,1,,,1,102,,4774,1,,,1,102,,4775,1,,,1,100,,4776,1,,,1,101,,4777,1,,,1,100,,4778,1,,,1,100,,4779,1,,,1,100,,4780,1,,,1,100,,4781,1,,,1,99,,4782,1,,,1,99,,4783,1,,,1,100,,4786,1,,,1,100,,4787,1,,,1
701,'CCFSUN',718,,4799,1,,,1,100,,4800,1,,,1,100,,4788,1,,,1,102,,4789,1,,,1,102,,4790,1,,,1,100,,4791,1,,,1,101,,4792,1,,,1,100,,4793,1,,,1,100,,4794,1,,,1,100,,4795,1,,,1,100,,4796,1,,,1,99,,4797,1,,,1,99,,4798,1,,,1,100,,4801,1,,,1,100,,4802,1,,,1
