4100,'WKDY',704,,7188,11,,,1,30,,7192,11,,,1,82,,7189,11,0,10 11 12,1,988,,7190,11,0,10 11 12,1,27,,7191,11,0,10 11 12,1
4100,'CCFWK',704,,7193,11,,,1,30,,7197,11,,,1,82,,7194,11,0,10 11 12,1,988,,7195,11,0,10 11 12,1,27,,7196,11,0,10 11 12,1
4100,'CCFFF',704,,7198,11,,,1,30,,7202,11,,,1,82,,7199,11,0,10 11 12,1,988,,7200,11,0,10 11 12,1,27,,7201,11,0,10 11 12,1
9201,'WKDY',605,,12965,24,,,1,30,,12966,24,,,1,70,,12967,24,,,1,30,,12968,24,,,1,71,,12969,24,,,1,31,,12970,24,,,1,70,,12971,24,,,1,30,,12972,24,,,1,70,,12973,24,,,1,30,,12974,24,,,1,70,,12975,24,,,1,30,,12976,24,,,1,70,,12977,24,,,1,30,,12978,24,,,1,71,,12979,24,,,1,31,,12980,24,,,1,70,,12981,24,,,1,31,,12982,24,,,1,70,,12983,24,,,1,31,,12984,24,,,1,70,,12985,24,,,1,30,,12986,24,,,1,68,,12987,24,,,1,29,,12988,24,,,1,70,,12989,24,,,1,30,,12990,24,,,1,69,,12991,24,,,1,30,,12992,24,,,1,67,,12993,24,,,1,100,,12994,24,,,1,100,,12995,24,,,1
9201,'SAT',750,,12996,24,,,1,100,,12997,24,,,1,100,,12998,24,,,1,101,,12999,24,,,1,101,,13000,24,,,1,100,,13001,24,,,1,100,,13002,24,,,1,99,,13003,24,,,1,100,,13004,24,,,1,100,,13005,24,,,1,100,,13006,24,,,1,98,,13007,24,,,1,100,,13008,24,,,1,100,,13009,24,,,1,100,,13010,24,,,1
9201,'SUN',750,,13011,24,,,1,100,,13012,24,,,1,100,,13013,24,,,1,101,,13014,24,,,1,101,,13015,24,,,1,100,,13016,24,,,1,100,,13017,24,,,1,99,,13018,24,,,1,100,,13019,24,,,1,100,,13020,24,,,1,100,,13021,24,,,1,98,,13022,24,,,1,100,,13023,24,,,1,100,,13024,24,,,1,100,,13025,24,,,1
9201,'CCFWK',605,,13026,24,,,1,30,,13027,24,,,1,70,,13028,24,,,1,30,,13029,24,,,1,71,,13030,24,,,1,31,,13031,24,,,1,70,,13032,24,,,1,30,,13033,24,,,1,70,,13034,24,,,1,30,,13035,24,,,1,70,,13036,24,,,1,30,,13037,24,,,1,70,,13038,24,,,1,30,,13039,24,,,1,71,,13040,24,,,1,31,,13041,24,,,1,70,,13042,24,,,1,31,,13043,24,,,1,70,,13044,24,,,1,31,,13045,24,,,1,70,,13046,24,,,1,30,,13047,24,,,1,68,,13048,24,,,1,29,,13049,24,,,1,70,,13050,24,,,1,30,,13051,24,,,1,69,,13052,24,,,1,30,,13053,24,,,1,67,,13054,24,,,1,100,,13055,24,,,1,100,,13056,24,,,1
9201,'CCFFF',605,,13057,24,,,1,30,,13058,24,,,1,70,,13059,24,,,1,30,,13060,24,,,1,71,,13061,24,,,1,31,,13062,24,,,1,70,,13063,24,,,1,30,,13064,24,,,1,70,,13065,24,,,1,30,,13066,24,,,1,70,,13067,24,,,1,30,,13068,24,,,1,70,,13069,24,,,1,30,,13070,24,,,1,71,,13071,24,,,1,31,,13072,24,,,1,70,,13073,24,,,1,31,,13074,24,,,1,70,,13075,24,,,1,31,,13076,24,,,1,70,,13077,24,,,1,30,,13078,24,,,1,68,,13079,24,,,1,29,,13080,24,,,1,70,,13081,24,,,1,30,,13082,24,,,1,69,,13083,24,,,1,30,,13084,24,,,1,67,,13085,24,,,1,100,,13086,24,,,1,100,,13087,24,,,1
9201,'CCFSAT',750,,13088,24,,,1,100,,13089,24,,,1,100,,13090,24,,,1,101,,13091,24,,,1,101,,13092,24,,,1,100,,13093,24,,,1,100,,13094,24,,,1,99,,13095,24,,,1,100,,13096,24,,,1,100,,13097,24,,,1,100,,13098,24,,,1,98,,13099,24,,,1,100,,13100,24,,,1,100,,13101,24,,,1,100,,13102,24,,,1
9201,'CCFSUN',750,,13103,24,,,1,100,,13104,24,,,1,100,,13105,24,,,1,101,,13106,24,,,1,101,,13107,24,,,1,100,,13108,24,,,1,100,,13109,24,,,1,99,,13110,24,,,1,100,,13111,24,,,1,100,,13112,24,,,1,100,,13113,24,,,1,98,,13114,24,,,1,100,,13115,24,,,1,100,,13116,24,,,1,100,,13117,24,,,1
