10500,'WKDY',1240,,13127,5,4,,1,100,,13128,5,4,,1,100,,13129,5,4,,1,100,,13130,5,4,,1,80,,13131,5,4,,1,80,,13132,5,4,,1,40,,13133,5,4,,1,70,,13134,5,4,,1,30,,13135,5,4,,1,100,,13136,5,4,,1,100,,13137,5,4,,1
10500,'CCFWK',1240,,13148,5,4,,1,100,,13149,5,4,,1,100,,13150,5,4,,1,100,,13151,5,4,,1,80,,13152,5,4,,1,80,,13153,5,4,,1,40,,13154,5,4,,1,70,,13155,5,4,,1,30,,13156,5,4,,1,100,,13157,5,4,,1,100,,13158,5,4,,1
10500,'CCFFF',1240,,13169,5,4,,1,100,,13170,5,4,,1,100,,13171,5,4,,1,100,,13172,5,4,,1,80,,13173,5,4,,1,80,,13174,5,4,,1,40,,13175,5,4,,1,70,,13176,5,4,,1,30,,13177,5,4,,1,100,,13178,5,4,,1,100,,13179,5,4,,1
10501,'WKDY',1240,,13190,1,,,1,100,,13191,1,,,1,100,,13192,1,,,1,100,,13193,1,,,1,80,,13194,1,,,1,80,,13195,1,,,1,40,,13196,1,,,1,70,,13200,1,,,1,30,,13197,1,,,1,100,,13198,1,,,1,100,,13199,1,,,1
10501,'CCFWK',1240,,13210,1,,,1,100,,13211,1,,,1,100,,13212,1,,,1,100,,13213,1,,,1,80,,13214,1,,,1,80,,13215,1,,,1,40,,13216,1,,,1,70,,13220,1,,,1,30,,13217,1,,,1,100,,13218,1,,,1,100,,13219,1,,,1
10501,'CCFFF',1240,,13230,1,,,1,100,,13231,1,,,1,100,,13232,1,,,1,100,,13233,1,,,1,80,,13234,1,,,1,80,,13235,1,,,1,40,,13236,1,,,1,70,,13240,1,,,1,30,,13237,1,,,1,100,,13238,1,,,1,100,,13239,1,,,1
10600,'WKDY',1520,,13241,1,,,1,80,,13242,1,,,1,40,,13243,1,,,1,80,,13244,1,,,1
10600,'CCFWK',1520,,13245,1,,,1,80,,13246,1,,,1,40,,13247,1,,,1,80,,13248,1,,,1
10600,'CCFFF',1520,,13249,1,,,1,80,,13250,1,,,1,40,,13251,1,,,1,80,,13252,1,,,1
16400,'WKDY',1230,,13279,2,4,,1,100,,13280,2,4,,1,100,,13281,2,4,,1,100,,13282,2,4,,1,100,,13283,2,4,,1,100,,13284,2,4,,1,100,,13285,2,4,,1,100,,13286,2,4,,1,100,,13287,2,4,,1
16400,'CCFWK',1230,,13300,2,4,,1,100,,13301,2,4,,1,100,,13302,2,4,,1,100,,13303,2,4,,1,100,,13304,2,4,,1,100,,13305,2,4,,1,100,,13306,2,4,,1,100,,13307,2,4,,1,100,,13308,2,4,,1
16400,'CCFFF',1230,,13321,2,4,,1,100,,13322,2,4,,1,100,,13323,2,4,,1,100,,13324,2,4,,1,100,,13325,2,4,,1,100,,13326,2,4,,1,100,,13327,2,4,,1,100,,13328,2,4,,1,100,,13329,2,4,,1
16401,'WKDY',1230,,13337,1,,,1,100,,13338,1,,,1,100,,13339,1,,,1,70,,13351,1,,,1,30,,13340,1,,,1,20,,13341,1,,,1,60,,13342,1,,,1,20,,13343,1,,,1,20,,13344,1,,,1,60,,13345,1,,,1,20,,13346,1,,,1,70,,13352,1,,,1,30,,13347,1,,,1,100,,13348,1,,,1,100,,13349,1,,,1
16401,'CCFWK',1230,,13359,1,,,1,100,,13360,1,,,1,100,,13361,1,,,1,70,,13373,1,,,1,30,,13362,1,,,1,20,,13363,1,,,1,60,,13364,1,,,1,20,,13365,1,,,1,20,,13366,1,,,1,60,,13367,1,,,1,20,,13368,1,,,1,70,,13374,1,,,1,30,,13369,1,,,1,100,,13370,1,,,1,100,,13371,1,,,1
16401,'CCFFF',1230,,13381,1,,,1,100,,13382,1,,,1,100,,13383,1,,,1,70,,13395,1,,,1,30,,13384,1,,,1,20,,13385,1,,,1,60,,13386,1,,,1,20,,13387,1,,,1,20,,13388,1,,,1,60,,13389,1,,,1,20,,13390,1,,,1,70,,13396,1,,,1,30,,13391,1,,,1,100,,13392,1,,,1,100,,13393,1,,,1
