1200,'WKDY',527,,4878,5,,,1,30,,4879,5,,,1,70,,4880,5,,,1,30,,4881,5,,,1,70,,4882,5,,,1,30,,4883,5,,,1,70,,4884,5,,,1,30,,4885,5,,,1,70,,4886,5,,,1,30,,4887,5,,,1,70,,4888,5,,,1,30,,4889,5,,,1,71,,4890,5,,,1,30,,4891,5,,,1,70,,4892,5,,,1,30,,4893,5,,,1,70,,4894,5,,,1,30,,4895,5,,,1,70,,4896,5,,,1,30,,4897,5,,,1,70,,4898,5,,,1,30,,4899,5,,,1,70,,4900,5,,,1,30,,4901,5,,,1,70,,4902,5,,,1,30,,4903,5,,,1,70,,4904,5,,,1,30,,4905,5,,,1,70,,4906,5,,,1,29,,4907,5,,,1,70,,4908,5,,,1,30,,4909,5,,,1
1200,'SAT',619,,4910,5,,,1,100,,4911,5,,,1,100,,4912,5,,,1,100,,4913,5,,,1,100,,4914,5,,,1,101,,4915,5,,,1,100,,4916,5,,,1,100,,4917,5,,,1,100,,4918,5,,,1,100,,4919,5,,,1,100,,4920,5,,,1,99,,4921,5,,,1,100,,4922,5,,,1,100,,4923,5,,,1,100,,4924,5,,,1,100,,4925,5,,,1
1200,'SUN',619,,4926,5,,,1,100,,4927,5,,,1,100,,4928,5,,,1,100,,4929,5,,,1,100,,4930,5,,,1,101,,4931,5,,,1,100,,4932,5,,,1,100,,4933,5,,,1,100,,4934,5,,,1,100,,4935,5,,,1,100,,4936,5,,,1,99,,4937,5,,,1,100,,4938,5,,,1,100,,4939,5,,,1,100,,4940,5,,,1,100,,4941,5,,,1
1200,'CCFWK',527,,4942,5,,,1,30,,4943,5,,,1,70,,4944,5,,,1,30,,4945,5,,,1,70,,4946,5,,,1,30,,4947,5,,,1,70,,4948,5,,,1,30,,4949,5,,,1,70,,4950,5,,,1,30,,4951,5,,,1,70,,4952,5,,,1,30,,4953,5,,,1,71,,4954,5,,,1,30,,4955,5,,,1,70,,4956,5,,,1,30,,4957,5,,,1,70,,4958,5,,,1,30,,4959,5,,,1,70,,4960,5,,,1,30,,4961,5,,,1,70,,4962,5,,,1,30,,4963,5,,,1,70,,4964,5,,,1,30,,4965,5,,,1,70,,4966,5,,,1,30,,4967,5,,,1,70,,4968,5,,,1,30,,4969,5,,,1,70,,4970,5,,,1,29,,4971,5,,,1,70,,4972,5,,,1,30,,4973,5,,,1
1200,'CCFFF',527,,4974,5,,,1,30,,4975,5,,,1,70,,4976,5,,,1,30,,4977,5,,,1,70,,4978,5,,,1,30,,4979,5,,,1,70,,4980,5,,,1,30,,4981,5,,,1,70,,4982,5,,,1,30,,4983,5,,,1,70,,4984,5,,,1,30,,4985,5,,,1,71,,4986,5,,,1,30,,4987,5,,,1,70,,4988,5,,,1,30,,4989,5,,,1,70,,4990,5,,,1,30,,4991,5,,,1,70,,4992,5,,,1,30,,4993,5,,,1,70,,4994,5,,,1,30,,4995,5,,,1,70,,4996,5,,,1,30,,4997,5,,,1,70,,4998,5,,,1,30,,4999,5,,,1,70,,5000,5,,,1,30,,5001,5,,,1,70,,5002,5,,,1,29,,5003,5,,,1,70,,5004,5,,,1,30,,5005,5,,,1
1200,'CCFSAT',619,,5006,5,,,1,100,,5007,5,,,1,100,,5008,5,,,1,100,,5009,5,,,1,100,,5010,5,,,1,101,,5011,5,,,1,100,,5012,5,,,1,100,,5013,5,,,1,100,,5014,5,,,1,100,,5015,5,,,1,100,,5016,5,,,1,99,,5017,5,,,1,100,,5018,5,,,1,100,,5019,5,,,1,100,,5020,5,,,1,100,,5021,5,,,1
1200,'CCFSUN',619,,5022,5,,,1,100,,5023,5,,,1,100,,5024,5,,,1,100,,5025,5,,,1,100,,5026,5,,,1,101,,5027,5,,,1,100,,5028,5,,,1,100,,5029,5,,,1,100,,5030,5,,,1,100,,5031,5,,,1,100,,5032,5,,,1,99,,5033,5,,,1,100,,5034,5,,,1,100,,5035,5,,,1,100,,5036,5,,,1,100,,5037,5,,,1
8000,'WKDY',524,,12399,5,,,1,30,,12430,5,,,1,70,,12400,5,,,1,30,,12401,5,,,1,71,,12402,5,,,1,30,,12403,5,,,1,70,,12404,5,,,1,30,,12405,5,,,1,70,,12406,5,,,1,30,,12407,5,,,1,70,,12408,5,,,1,30,,12409,5,,,1,70,,12410,5,,,1,30,,12411,5,,,1,70,,12412,5,,,1,30,,12413,5,,,1,70,,12414,5,,,1,30,,12415,5,,,1,70,,12416,5,,,1,30,,12417,5,,,1,70,,12418,5,,,1,31,,12419,5,,,1,70,,12420,5,,,1,26,,12421,5,,,1,70,,12422,5,,,1,30,,12423,5,,,1,70,,12424,5,,,1,32,,12425,5,,,1,70,,12426,5,,,1,30,,12427,5,,,1,70,,12428,5,,,1,30,,12429,5,,,1
8000,'SAT',624,,12443,5,,,1,100,,12431,5,,,1,30,,12432,5,,,1,70,,12433,5,,,1,30,,12444,5,,,1,70,,12434,5,,,1,30,,12445,5,,,1,71,,12435,5,,,1,30,,12446,5,,,1,70,,12436,5,,,1,30,,12447,5,,,1,70,,12437,5,,,1,30,,12448,5,,,1,70,,12438,5,,,1,30,,12449,5,,,1,70,,12439,5,,,1,30,,12450,5,,,1,70,,12440,5,,,1,30,,12451,5,,,1,70,,12441,5,,,1,30,,12452,5,,,1,70,,12442,5,,,1,30,,12453,5,,,1,70,,12454,5,,,1,29,,12455,5,,,1,70,,12456,5,,,1,30,,12457,5,,,1,100,,12458,5,,,1
8000,'SUN',624,,12472,5,,,1,100,,12459,5,,,1,30,,12460,5,,,1,70,,12461,5,,,1,30,,12473,5,,,1,70,,12462,5,,,1,30,,12474,5,,,1,71,,12463,5,,,1,30,,12475,5,,,1,70,,12464,5,,,1,30,,12476,5,,,1,70,,12465,5,,,1,30,,12477,5,,,1,70,,12466,5,,,1,30,,12478,5,,,1,70,,12467,5,,,1,30,,12479,5,,,1,70,,12468,5,,,1,30,,12480,5,,,1,70,,12469,5,,,1,30,,12481,5,,,1,70,,12470,5,,,1,30,,12482,5,,,1,70,,12471,5,,,1,29,,12483,5,,,1,70,,12485,5,,,1,30,,12484,5,,,1,100,,12486,5,,,1
8000,'CCFWK',524,,12487,5,,,1,30,,12518,5,,,1,70,,12488,5,,,1,30,,12489,5,,,1,71,,12490,5,,,1,30,,12491,5,,,1,70,,12492,5,,,1,30,,12493,5,,,1,70,,12494,5,,,1,30,,12495,5,,,1,70,,12496,5,,,1,30,,12497,5,,,1,70,,12498,5,,,1,30,,12499,5,,,1,70,,12500,5,,,1,30,,12501,5,,,1,70,,12502,5,,,1,30,,12503,5,,,1,70,,12504,5,,,1,30,,12505,5,,,1,70,,12506,5,,,1,31,,12507,5,,,1,70,,12508,5,,,1,26,,12509,5,,,1,70,,12510,5,,,1,30,,12511,5,,,1,70,,12512,5,,,1,32,,12513,5,,,1,70,,12514,5,,,1,30,,12515,5,,,1,70,,12516,5,,,1,30,,12517,5,,,1
8000,'CCFFF',524,,12519,5,,,1,30,,12550,5,,,1,70,,12520,5,,,1,30,,12521,5,,,1,71,,12522,5,,,1,30,,12523,5,,,1,70,,12524,5,,,1,30,,12525,5,,,1,70,,12526,5,,,1,30,,12527,5,,,1,70,,12528,5,,,1,30,,12529,5,,,1,70,,12530,5,,,1,30,,12531,5,,,1,70,,12532,5,,,1,30,,12533,5,,,1,70,,12534,5,,,1,30,,12535,5,,,1,70,,12536,5,,,1,30,,12537,5,,,1,70,,12538,5,,,1,31,,12539,5,,,1,70,,12540,5,,,1,26,,12541,5,,,1,70,,12542,5,,,1,30,,12543,5,,,1,70,,12544,5,,,1,32,,12545,5,,,1,70,,12546,5,,,1,30,,12547,5,,,1,70,,12548,5,,,1,30,,12549,5,,,1
8000,'CCFSAT',624,,12563,5,,,1,100,,12551,5,,,1,30,,12552,5,,,1,70,,12553,5,,,1,30,,12564,5,,,1,70,,12554,5,,,1,30,,12565,5,,,1,71,,12555,5,,,1,30,,12566,5,,,1,70,,12556,5,,,1,30,,12567,5,,,1,70,,12557,5,,,1,30,,12568,5,,,1,70,,12558,5,,,1,30,,12569,5,,,1,70,,12559,5,,,1,30,,12570,5,,,1,70,,12560,5,,,1,30,,12571,5,,,1,70,,12561,5,,,1,30,,12572,5,,,1,70,,12562,5,,,1,30,,12573,5,,,1,70,,12574,5,,,1,29,,12575,5,,,1,70,,12576,5,,,1,30,,12577,5,,,1,100,,12578,5,,,1
8000,'CCFSUN',624,,12592,5,,,1,100,,12579,5,,,1,30,,12580,5,,,1,70,,12581,5,,,1,30,,12593,5,,,1,70,,12582,5,,,1,30,,12594,5,,,1,71,,12583,5,,,1,30,,12595,5,,,1,70,,12584,5,,,1,30,,12596,5,,,1,70,,12585,5,,,1,30,,12597,5,,,1,70,,12586,5,,,1,30,,12598,5,,,1,70,,12587,5,,,1,30,,12599,5,,,1,70,,12588,5,,,1,30,,12600,5,,,1,70,,12589,5,,,1,30,,12601,5,,,1,70,,12590,5,,,1,30,,12602,5,,,1,70,,12591,5,,,1,29,,12603,5,,,1,70,,12605,5,,,1,30,,12604,5,,,1,100,,12606,5,,,1
