4800,'WKDY',716,,7221,5,4,,1
4800,'SAT',839,,7229,5,4,,1
4800,'SUN',839,,7235,5,4,,1
4800,'CCFWK',716,,7241,5,4,,1
4800,'CCFFF',716,,7249,5,4,,1
4800,'CCFSAT',839,,7257,5,4,,1
4800,'CCFSUN',839,,7263,5,4,,1
7100,'WKDY',611,,10851,23,4,,1,27,,10852,23,4,,1,70,,10853,23,4,,1,30,,10854,23,4,,1,16,,10855,23,4,,1,56,,10856,23,4,,1,15,,10857,23,4,,1,16,,10858,23,4,,1,15,,10859,23,4,,1,55,,10860,23,4,,1,15,,10861,23,4,,1,16,,10862,23,4,,1,15,,10863,23,4,,1,56,,10864,23,4,,1,15,,10865,23,4,,1,16,,10866,23,4,,1,56,,10867,23,4,,1,15,,10868,23,4,,1,15,,10869,23,4,,1,17,,10870,23,4,,1,56,,10871,23,4,,1,15,,10872,23,4,,1,19,,10873,23,4,,1,8,,10874,23,4,,1,55,,10875,23,4,,1,15,,10876,23,4,,1,16,,10877,23,4,,1,15,,10878,23,4,,1,55,,10879,23,4,,1,15,,10880,23,4,,1,17,,10881,23,4,,1,15,,10882,23,4,,1,58,,10883,23,4,,1,15,,10884,23,4,,1,15,,10885,23,4,,1,16,,10886,23,4,,1,54,,10887,23,4,,1,14,,10888,23,4,,1,15,,10889,23,4,,1,14,,10890,23,4,,1,55,,10891,23,4,,1,15,,10892,23,4,,1,15,,10893,23,4,,1,68,,10895,23,4,,1,14,,10896,23,4,,1,14,,10897,23,4,,1,15,,10898,23,4,,1,68,,10899,23,4,,1,97,,10901,23,4,,1,28,,10902,23,4,,1,69,,10903,23,4,,1,28,,10904,23,4,,1,68,,10905,23,4,,1,29,,10906,23,4,,1,69,,10907,23,4,,1,100,,10908,23,4,,1
7100,'SAT',706,,10909,23,4,,1,42,,10911,23,4,,1,60,,10912,23,4,,1,22,,10913,23,4,,1,21,,10914,23,4,,1,81,,10916,23,4,,1,21,,10917,23,4,,1,60,,10918,23,4,,1,21,,10919,23,4,,1,22,,10920,23,4,,1,83,,10922,23,4,,1,20,,10923,23,4,,1,60,,10924,23,4,,1,104,,10927,23,4,,1,20,,10928,23,4,,1,60,,10929,23,4,,1,21,,10930,23,4,,1,20,,10931,23,4,,1,81,,10933,23,4,,1,20,,10934,23,4,,1,60,,10935,23,4,,1,20,,10936,23,4,,1,20,,10937,23,4,,1,79,,10939,23,4,,1,20,,10940,23,4,,1,59,,10941,23,4,,1,20,,10942,23,4,,1,19,,10943,23,4,,1,58,,10944,23,4,,1,20,,10945,23,4,,1,16,,10946,23,4,,1,20,,10947,23,4,,1,60,,10948,23,4,,1,18,,10949,23,4,,1,20,,10950,23,4,,1,60,,10951,23,4,,1,18,,10952,23,4,,1,20,,10953,23,4,,1,60,,10954,23,4,,1,27,,10955,23,4,,1,69,,10956,23,4,,1,30,,10957,23,4,,1
7100,'SUN',706,,10958,23,4,,1,102,,10960,23,4,,1,33,,10961,23,4,,1,101,,10963,23,4,,1,71,,10964,23,4,,1,31,,10965,23,4,,1,72,,10966,23,4,,1,33,,10967,23,4,,1,70,,10968,23,4,,1,34,,10969,23,4,,1,100,,10971,23,4,,1,71,,10972,23,4,,1,30,,10973,23,4,,1,101,,10975,23,4,,1,70,,10976,23,4,,1,30,,10977,23,4,,1,99,,10979,23,4,,1,69,,10980,23,4,,1,28,,10981,23,4,,1,69,,10982,23,4,,1,26,,10983,23,4,,1,70,,10984,23,4,,1,28,,10985,23,4,,1,70,,10986,23,4,,1,30,,10987,23,4,,1,70,,10988,23,4,,1,17,,10989,23,4,,1,28,,10990,23,4,,1,69,,10991,23,4,,1
7100,'CCFWK',611,,10992,23,4,,1,27,,10993,23,4,,1,70,,10994,23,4,,1,30,,10995,23,4,,1,16,,10996,23,4,,1,56,,10997,23,4,,1,15,,10998,23,4,,1,16,,10999,23,4,,1,15,,11000,23,4,,1,55,,11001,23,4,,1,15,,11002,23,4,,1,16,,11003,23,4,,1,15,,11004,23,4,,1,56,,11005,23,4,,1,15,,11006,23,4,,1,16,,11007,23,4,,1,56,,11008,23,4,,1,15,,11009,23,4,,1,15,,11010,23,4,,1,17,,11011,23,4,,1,56,,11012,23,4,,1,15,,11013,23,4,,1,19,,11014,23,4,,1,8,,11015,23,4,,1,55,,11016,23,4,,1,15,,11017,23,4,,1,16,,11018,23,4,,1,15,,11019,23,4,,1,55,,11020,23,4,,1,15,,11021,23,4,,1,17,,11022,23,4,,1,15,,11023,23,4,,1,58,,11024,23,4,,1,15,,11025,23,4,,1,15,,11026,23,4,,1,16,,11027,23,4,,1,54,,11028,23,4,,1,14,,11029,23,4,,1,15,,11030,23,4,,1,14,,11031,23,4,,1,55,,11032,23,4,,1,15,,11033,23,4,,1,15,,11034,23,4,,1,68,,11036,23,4,,1,14,,11037,23,4,,1,14,,11038,23,4,,1,15,,11039,23,4,,1,68,,11040,23,4,,1,97,,11042,23,4,,1,28,,11043,23,4,,1,69,,11044,23,4,,1,28,,11045,23,4,,1,68,,11046,23,4,,1,29,,11047,23,4,,1,69,,11048,23,4,,1,100,,11049,23,4,,1
7100,'CCFFF',611,,11050,23,4,,1,27,,11051,23,4,,1,70,,11052,23,4,,1,30,,11053,23,4,,1,16,,11054,23,4,,1,56,,11055,23,4,,1,15,,11056,23,4,,1,16,,11057,23,4,,1,15,,11058,23,4,,1,55,,11059,23,4,,1,15,,11060,23,4,,1,16,,11061,23,4,,1,15,,11062,23,4,,1,56,,11063,23,4,,1,15,,11064,23,4,,1,16,,11065,23,4,,1,56,,11066,23,4,,1,15,,11067,23,4,,1,15,,11068,23,4,,1,17,,11069,23,4,,1,56,,11070,23,4,,1,15,,11071,23,4,,1,19,,11072,23,4,,1,8,,11073,23,4,,1,55,,11074,23,4,,1,15,,11075,23,4,,1,16,,11076,23,4,,1,15,,11077,23,4,,1,55,,11078,23,4,,1,15,,11079,23,4,,1,17,,11080,23,4,,1,15,,11081,23,4,,1,58,,11082,23,4,,1,15,,11083,23,4,,1,15,,11084,23,4,,1,16,,11085,23,4,,1,54,,11086,23,4,,1,14,,11087,23,4,,1,15,,11088,23,4,,1,14,,11089,23,4,,1,55,,11090,23,4,,1,15,,11091,23,4,,1,15,,11092,23,4,,1,68,,11094,23,4,,1,14,,11095,23,4,,1,14,,11096,23,4,,1,15,,11097,23,4,,1,68,,11098,23,4,,1,97,,11100,23,4,,1,28,,11101,23,4,,1,69,,11102,23,4,,1,28,,11103,23,4,,1,68,,11104,23,4,,1,29,,11105,23,4,,1,69,,11106,23,4,,1,100,,11107,23,4,,1
7100,'CCFSAT',706,,11108,23,4,,1,42,,11110,23,4,,1,60,,11111,23,4,,1,22,,11112,23,4,,1,21,,11113,23,4,,1,81,,11115,23,4,,1,21,,11116,23,4,,1,60,,11117,23,4,,1,21,,11118,23,4,,1,22,,11119,23,4,,1,83,,11121,23,4,,1,20,,11122,23,4,,1,60,,11123,23,4,,1,83,,11125,23,4,,1,21,,11126,23,4,,1,20,,11127,23,4,,1,60,,11128,23,4,,1,21,,11129,23,4,,1,20,,11130,23,4,,1,81,,11132,23,4,,1,20,,11133,23,4,,1,60,,11134,23,4,,1,20,,11135,23,4,,1,20,,11136,23,4,,1,79,,11138,23,4,,1,20,,11139,23,4,,1,59,,11140,23,4,,1,20,,11141,23,4,,1,19,,11142,23,4,,1,58,,11143,23,4,,1,20,,11144,23,4,,1,16,,11145,23,4,,1,20,,11146,23,4,,1,60,,11147,23,4,,1,18,,11148,23,4,,1,20,,11149,23,4,,1,60,,11150,23,4,,1,18,,11151,23,4,,1,20,,11152,23,4,,1,60,,11153,23,4,,1,27,,11154,23,4,,1,69,,11155,23,4,,1,30,,11156,23,4,,1
7100,'CCFSUN',706,,11157,23,4,,1,102,,11159,23,4,,1,33,,11160,23,4,,1,101,,11162,23,4,,1,71,,11163,23,4,,1,31,,11164,23,4,,1,72,,11165,23,4,,1,33,,11166,23,4,,1,70,,11167,23,4,,1,34,,11168,23,4,,1,100,,11170,23,4,,1,71,,11171,23,4,,1,30,,11172,23,4,,1,101,,11174,23,4,,1,70,,11175,23,4,,1,30,,11176,23,4,,1,99,,11178,23,4,,1,69,,11179,23,4,,1,28,,11180,23,4,,1,69,,11181,23,4,,1,26,,11182,23,4,,1,70,,11183,23,4,,1,28,,11184,23,4,,1,70,,11185,23,4,,1,30,,11186,23,4,,1,70,,11187,23,4,,1,17,,11188,23,4,,1,28,,11189,23,4,,1,69,,11190,23,4,,1
7101,'WKDY',527,,11191,1,,,1,24,,11192,1,,,1,68,,11193,1,,,1,30,,11194,1,,,1,55,,11195,1,,,1,15,,11196,1,,,1,15,,11197,1,,,1,14,,11198,1,,,1,54,,11199,1,,,1,15,,11200,1,,,1,15,,11201,1,,,1,16,,11202,1,,,1,55,,11203,1,,,1,16,,11204,1,,,1,15,,11205,1,,,1,15,,11206,1,,,1,55,,11207,1,,,1,15,,11208,1,,,1,15,,11209,1,,,1,15,,11210,1,,,1,55,,11211,1,,,1,15,,11212,1,,,1,19,,11213,1,,,1,8,,11214,1,,,1,55,,11215,1,,,1,15,,11216,1,,,1,14,,11217,1,,,1,15,,11218,1,,,1,55,,11219,1,,,1,15,,11220,1,,,1,16,,11221,1,,,1,15,,11222,1,,,1,56,,11223,1,,,1,16,,11224,1,,,1,15,,11225,1,,,1,16,,11226,1,,,1,55,,11227,1,,,1,16,,11228,1,,,1,15,,11229,1,,,1,15,,11230,1,,,1,55,,11231,1,,,1,15,,11232,1,,,1,15,,11233,1,,,1,15,,11234,1,,,1,56,,11235,1,,,1,15,,11236,1,,,1,14,,11237,1,,,1,16,,11238,1,,,1,68,,11239,1,,,1,28,,11240,1,,,1,71,,11241,1,,,1,31,,11242,1,,,1,70,,11243,1,,,1,30,,11244,1,,,1,70,,11245,1,,,1,30,,11246,1,,,1,71,,11247,1,,,1,101,,11248,1,,,1
7101,'SAT',623,,11249,1,,,1,20,,11296,1,,,1,60,,11297,1,,,1,20,,11250,1,,,1,20,,11251,1,,,1,61,,11252,1,,,1,20,,11253,1,,,1,20,,11254,1,,,1,58,,11255,1,,,1,20,,11256,1,,,1,19,,11257,1,,,1,59,,11258,1,,,1,20,,11259,1,,,1,20,,11260,1,,,1,60,,11261,1,,,1,20,,11262,1,,,1,21,,11263,1,,,1,61,,11264,1,,,1,21,,11265,1,,,1,21,,11266,1,,,1,60,,11267,1,,,1,21,,11268,1,,,1,20,,11269,1,,,1,60,,11270,1,,,1,20,,11271,1,,,1,20,,11272,1,,,1,61,,11273,1,,,1,20,,11274,1,,,1,20,,11275,1,,,1,60,,11276,1,,,1,20,,11277,1,,,1,20,,11278,1,,,1,59,,11279,1,,,1,20,,11280,1,,,1,20,,11281,1,,,1,60,,11282,1,,,1,20,,11283,1,,,1,20,,11284,1,,,1,61,,11285,1,,,1,20,,11286,1,,,1,20,,11287,1,,,1,61,,11288,1,,,1,20,,11289,1,,,1,19,,11290,1,,,1,60,,11291,1,,,1,20,,11292,1,,,1,30,,11293,1,,,1,70,,11294,1,,,1,30,,11295,1,,,1
7101,'SUN',623,,11298,1,,,1,30,,11331,1,,,1,70,,11299,1,,,1,31,,11300,1,,,1,70,,11301,1,,,1,30,,11302,1,,,1,68,,11303,1,,,1,29,,11304,1,,,1,69,,11305,1,,,1,30,,11306,1,,,1,70,,11307,1,,,1,34,,11308,1,,,1,69,,11309,1,,,1,31,,11310,1,,,1,71,,11311,1,,,1,30,,11312,1,,,1,70,,11313,1,,,1,30,,11314,1,,,1,71,,11315,1,,,1,30,,11316,1,,,1,70,,11317,1,,,1,30,,11318,1,,,1,69,,11319,1,,,1,29,,11320,1,,,1,71,,11321,1,,,1,30,,11322,1,,,1,71,,11323,1,,,1,30,,11324,1,,,1,71,,11325,1,,,1,31,,11326,1,,,1,70,,11327,1,,,1,18,,11328,1,,,1,70,,11329,1,,,1,30,,11330,1,,,1
7101,'CCFWK',527,,11332,1,,,1,24,,11333,1,,,1,68,,11334,1,,,1,30,,11335,1,,,1,55,,11336,1,,,1,15,,11337,1,,,1,15,,11338,1,,,1,14,,11339,1,,,1,54,,11340,1,,,1,15,,11341,1,,,1,15,,11342,1,,,1,16,,11343,1,,,1,55,,11344,1,,,1,16,,11345,1,,,1,15,,11346,1,,,1,15,,11347,1,,,1,55,,11348,1,,,1,15,,11349,1,,,1,15,,11350,1,,,1,15,,11351,1,,,1,55,,11352,1,,,1,15,,11353,1,,,1,19,,11354,1,,,1,8,,11355,1,,,1,55,,11356,1,,,1,15,,11357,1,,,1,14,,11358,1,,,1,15,,11359,1,,,1,55,,11360,1,,,1,15,,11361,1,,,1,16,,11362,1,,,1,15,,11363,1,,,1,56,,11364,1,,,1,16,,11365,1,,,1,15,,11366,1,,,1,16,,11367,1,,,1,55,,11368,1,,,1,16,,11369,1,,,1,15,,11370,1,,,1,15,,11371,1,,,1,55,,11372,1,,,1,15,,11373,1,,,1,15,,11374,1,,,1,15,,11375,1,,,1,56,,11376,1,,,1,15,,11377,1,,,1,14,,11378,1,,,1,16,,11379,1,,,1,68,,11380,1,,,1,28,,11381,1,,,1,71,,11382,1,,,1,31,,11383,1,,,1,70,,11384,1,,,1,30,,11385,1,,,1,70,,11386,1,,,1,30,,11387,1,,,1,71,,11388,1,,,1,101,,11389,1,,,1
7101,'CCFFF',527,,11390,1,,,1,24,,11391,1,,,1,68,,11392,1,,,1,30,,11393,1,,,1,55,,11394,1,,,1,15,,11395,1,,,1,15,,11396,1,,,1,14,,11397,1,,,1,54,,11398,1,,,1,15,,11399,1,,,1,15,,11400,1,,,1,16,,11401,1,,,1,55,,11402,1,,,1,16,,11403,1,,,1,15,,11404,1,,,1,15,,11405,1,,,1,55,,11406,1,,,1,15,,11407,1,,,1,15,,11408,1,,,1,15,,11409,1,,,1,55,,11410,1,,,1,15,,11411,1,,,1,19,,11412,1,,,1,8,,11413,1,,,1,55,,11414,1,,,1,15,,11415,1,,,1,14,,11416,1,,,1,15,,11417,1,,,1,55,,11418,1,,,1,15,,11419,1,,,1,16,,11420,1,,,1,15,,11421,1,,,1,56,,11422,1,,,1,16,,11423,1,,,1,15,,11424,1,,,1,16,,11425,1,,,1,55,,11426,1,,,1,16,,11427,1,,,1,15,,11428,1,,,1,15,,11429,1,,,1,55,,11430,1,,,1,15,,11431,1,,,1,15,,11432,1,,,1,15,,11433,1,,,1,56,,11434,1,,,1,15,,11435,1,,,1,14,,11436,1,,,1,16,,11437,1,,,1,68,,11438,1,,,1,28,,11439,1,,,1,71,,11440,1,,,1,31,,11441,1,,,1,70,,11442,1,,,1,30,,11443,1,,,1,70,,11444,1,,,1,30,,11445,1,,,1,71,,11446,1,,,1,101,,11447,1,,,1
7101,'CCFSAT',623,,11448,1,,,1,20,,11495,1,,,1,60,,11496,1,,,1,20,,11449,1,,,1,20,,11450,1,,,1,61,,11451,1,,,1,20,,11452,1,,,1,20,,11453,1,,,1,58,,11454,1,,,1,20,,11455,1,,,1,19,,11456,1,,,1,59,,11457,1,,,1,20,,11458,1,,,1,20,,11459,1,,,1,60,,11460,1,,,1,20,,11461,1,,,1,21,,11462,1,,,1,61,,11463,1,,,1,21,,11464,1,,,1,21,,11465,1,,,1,60,,11466,1,,,1,21,,11467,1,,,1,20,,11468,1,,,1,60,,11469,1,,,1,20,,11470,1,,,1,20,,11471,1,,,1,61,,11472,1,,,1,20,,11473,1,,,1,20,,11474,1,,,1,60,,11475,1,,,1,20,,11476,1,,,1,20,,11477,1,,,1,59,,11478,1,,,1,20,,11479,1,,,1,20,,11480,1,,,1,60,,11481,1,,,1,20,,11482,1,,,1,20,,11483,1,,,1,61,,11484,1,,,1,20,,11485,1,,,1,20,,11486,1,,,1,61,,11487,1,,,1,20,,11488,1,,,1,19,,11489,1,,,1,60,,11490,1,,,1,20,,11491,1,,,1,30,,11492,1,,,1,70,,11493,1,,,1,30,,11494,1,,,1
7101,'CCFSUN',623,,11497,1,,,1,30,,11530,1,,,1,70,,11498,1,,,1,31,,11499,1,,,1,70,,11500,1,,,1,30,,11501,1,,,1,68,,11502,1,,,1,29,,11503,1,,,1,69,,11504,1,,,1,30,,11505,1,,,1,70,,11506,1,,,1,34,,11507,1,,,1,69,,11508,1,,,1,31,,11509,1,,,1,71,,11510,1,,,1,30,,11511,1,,,1,70,,11512,1,,,1,30,,11513,1,,,1,71,,11514,1,,,1,30,,11515,1,,,1,70,,11516,1,,,1,30,,11517,1,,,1,69,,11518,1,,,1,29,,11519,1,,,1,71,,11520,1,,,1,30,,11521,1,,,1,71,,11522,1,,,1,30,,11523,1,,,1,71,,11524,1,,,1,31,,11525,1,,,1,70,,11526,1,,,1,18,,11527,1,,,1,70,,11528,1,,,1,30,,11529,1,,,1
7800,'SAT',1042,,12153,28,4,,1,201,,12155,28,4,,1,200,,12157,28,4,,1,199,,12159,28,4,,1,199,,12161,28,4,,1
7800,'SUN',1042,,12165,28,4,,1,201,,12167,28,4,,1,200,,12169,28,4,,1,199,,12171,28,4,,1,199,,12173,28,4,,1
7800,'CCFSAT',1042,,12235,28,4,,1,201,,12237,28,4,,1,200,,12239,28,4,,1,199,,12241,28,4,,1,199,,12243,28,4,,1
7800,'CCFSUN',1042,,12247,28,4,,1,201,,12249,28,4,,1,200,,12251,28,4,,1,199,,12253,28,4,,1,199,,12255,28,4,,1
