200,'WKDY',621,,3878,1,,,1,100,,3879,1,,,1,100,,3880,1,,,1,93,,3881,1,,,1,107,,3882,1,,,1,100,,3883,1,,,1,100,,3884,1,,,1,100,,3885,1,,,1,100,,3886,1,,,1,100,,3887,1,,,1,100,,3888,1,,,1,101,,3889,1,,,1,99,,3890,1,,,1
200,'CCFWK',621,,3891,1,,,1,100,,3892,1,,,1,100,,3893,1,,,1,93,,3894,1,,,1,107,,3895,1,,,1,100,,3896,1,,,1,100,,3897,1,,,1,100,,3898,1,,,1,100,,3899,1,,,1,100,,3900,1,,,1,100,,3901,1,,,1,101,,3902,1,,,1,99,,3903,1,,,1
200,'CCFFF',621,,3904,1,,,1,100,,3905,1,,,1,100,,3906,1,,,1,93,,3907,1,,,1,107,,3908,1,,,1,100,,3909,1,,,1,100,,3910,1,,,1,100,,3911,1,,,1,100,,3912,1,,,1,100,,3913,1,,,1,100,,3914,1,,,1,101,,3915,1,,,1,99,,3916,1,,,1
201,'WKDY',813,,3918,43,4,,1,189,,3920,43,4,,1,207,,3922,43,4,,1,100,,3923,43,4,,1,101,,3924,43,4,,1,204,,3926,43,4,,1,99,,3927,43,4,,1,99,,3928,43,4,,1,95,,3929,43,4,,1
201,'CCFWK',813,,3931,43,4,,1,189,,3933,43,4,,1,207,,3935,43,4,,1,100,,3936,43,4,,1,101,,3937,43,4,,1,204,,3939,43,4,,1,99,,3940,43,4,,1,99,,3941,43,4,,1,95,,3942,43,4,,1
201,'CCFFF',813,,3944,43,4,,1,189,,3946,43,4,,1,207,,3948,43,4,,1,100,,3949,43,4,,1,101,,3950,43,4,,1,204,,3952,43,4,,1,99,,3953,43,4,,1,99,,3954,43,4,,1,95,,3955,43,4,,1
900,'WKDY',647,,4839,34,4,,1,98,,4840,34,4,,1,105,,4841,34,4,,1,96,,4842,34,4,,1,97,,4843,34,4,,1,100,,4844,34,4,,1,101,,4845,34,4,,1,100,,4846,34,4,,1,103,,4847,34,4,,1,101,,4848,34,4,,1,97,,4849,34,4,,1,100,,4850,34,4,,1,105,,4851,34,4,,1
900,'CCFWK',647,,4852,34,4,,1,98,,4853,34,4,,1,105,,4854,34,4,,1,96,,4855,34,4,,1,97,,4856,34,4,,1,100,,4857,34,4,,1,101,,4858,34,4,,1,100,,4859,34,4,,1,103,,4860,34,4,,1,101,,4861,34,4,,1,97,,4862,34,4,,1,100,,4863,34,4,,1,105,,4864,34,4,,1
900,'CCFFF',647,,4865,34,4,,1,98,,4866,34,4,,1,105,,4867,34,4,,1,96,,4868,34,4,,1,97,,4869,34,4,,1,100,,4870,34,4,,1,101,,4871,34,4,,1,100,,4872,34,4,,1,103,,4873,34,4,,1,101,,4874,34,4,,1,97,,4875,34,4,,1,100,,4876,34,4,,1,105,,4877,34,4,,1
901,'WKDY',700,,4803,1,,,1,100,,4804,1,,,1,100,,4805,1,,,1,100,,4806,1,,,1,100,,4807,1,,,1,100,,4808,1,,,1,100,,4809,1,,,1,100,,4810,1,,,1,100,,4811,1,,,1,100,,4812,1,,,1,100,,4813,1,,,1,105,,4814,1,,,1
901,'CCFWK',700,,4815,1,,,1,100,,4816,1,,,1,100,,4817,1,,,1,100,,4818,1,,,1,100,,4819,1,,,1,100,,4820,1,,,1,100,,4821,1,,,1,100,,4822,1,,,1,100,,4823,1,,,1,100,,4824,1,,,1,100,,4825,1,,,1,105,,4826,1,,,1
901,'CCFFF',700,,4827,1,,,1,100,,4828,1,,,1,100,,4829,1,,,1,100,,4830,1,,,1,100,,4831,1,,,1,100,,4832,1,,,1,100,,4833,1,,,1,100,,4834,1,,,1,100,,4835,1,,,1,100,,4836,1,,,1,100,,4837,1,,,1,105,,4838,1,,,1
7801,'WKDY',709,,12124,28,4,,1,202,,12128,28,4,,1,200,,12148,28,4,,1,405,,12146,28,4,,1
7801,'CCFWK',709,,12177,28,4,,1,202,,12181,28,4,,1,200,,12201,28,4,,1,405,,12199,28,4,,1
7801,'CCFFF',709,,12206,28,4,,1,202,,12210,28,4,,1,200,,12230,28,4,,1,405,,12228,28,4,,1
