2501,'WKDY',626,,5586,25,,,1,30,,5587,25,,,1,71,,5588,25,,,1,32,,5589,25,,,1,71,,5590,25,,,1,29,,5591,25,,,1,72,,5592,25,,,1,70,,5593,25,,,1,29,,5594,25,,,1,70,,5595,25,,,1,31,,5596,25,,,1,71,,5597,25,,,1,33,,5598,25,,,1,70,,5599,25,,,1,30,,5600,25,,,1,68,,5601,25,,,1,32,,5602,25,,,1,70,,5603,25,,,1,31,,5604,25,,,1,71,,5605,25,,,1,29,,5606,25,,,1,70,,5607,25,,,1,30,,5608,25,,,1,68,,5609,25,,,1,28,,5610,25,,,1,68,,5611,25,,,1,59,,5612,25,,,1,95,,5613,25,,,1
2501,'SAT',757,,5625,25,,,1,100,,5614,25,,,1,101,,5615,25,,,1,101,,5616,25,,,1,100,,5617,25,,,1,141,,5618,25,,,1,101,,5619,25,,,1,100,,5620,25,,,1,100,,5621,25,,,1,99,,5622,25,,,1,59,,5623,25,,,1,99,,5624,25,,,1,100,,5626,25,,,1
2501,'SUN',757,,5638,25,,,1,100,,5627,25,,,1,101,,5628,25,,,1,101,,5629,25,,,1,100,,5630,25,,,1,141,,5631,25,,,1,101,,5632,25,,,1,100,,5633,25,,,1,100,,5634,25,,,1,99,,5635,25,,,1,59,,5636,25,,,1,99,,5637,25,,,1,100,,5639,25,,,1
2501,'CCFWK',626,,5640,25,,,1,30,,5641,25,,,1,71,,5642,25,,,1,32,,5643,25,,,1,71,,5644,25,,,1,29,,5645,25,,,1,72,,5646,25,,,1,70,,5647,25,,,1,29,,5648,25,,,1,70,,5649,25,,,1,31,,5650,25,,,1,71,,5651,25,,,1,33,,5652,25,,,1,70,,5653,25,,,1,30,,5654,25,,,1,68,,5655,25,,,1,32,,5656,25,,,1,70,,5657,25,,,1,31,,5658,25,,,1,71,,5659,25,,,1,29,,5660,25,,,1,70,,5661,25,,,1,30,,5662,25,,,1,68,,5663,25,,,1,28,,5664,25,,,1,68,,5665,25,,,1,59,,5666,25,,,1,95,,5667,25,,,1
2501,'CCFFF',626,,5668,25,,,1,30,,5669,25,,,1,71,,5670,25,,,1,32,,5671,25,,,1,71,,5672,25,,,1,29,,5673,25,,,1,72,,5674,25,,,1,70,,5675,25,,,1,29,,5676,25,,,1,70,,5677,25,,,1,31,,5678,25,,,1,71,,5679,25,,,1,33,,5680,25,,,1,70,,5681,25,,,1,30,,5682,25,,,1,68,,5683,25,,,1,32,,5684,25,,,1,70,,5685,25,,,1,31,,5686,25,,,1,71,,5687,25,,,1,29,,5688,25,,,1,70,,5689,25,,,1,30,,5690,25,,,1,68,,5691,25,,,1,28,,5692,25,,,1,68,,5693,25,,,1,59,,5694,25,,,1,95,,5695,25,,,1
2501,'CCFSAT',757,,5707,25,,,1,100,,5696,25,,,1,101,,5697,25,,,1,101,,5698,25,,,1,100,,5699,25,,,1,141,,5700,25,,,1,101,,5701,25,,,1,100,,5702,25,,,1,100,,5703,25,,,1,99,,5704,25,,,1,59,,5705,25,,,1,99,,5706,25,,,1,100,,5708,25,,,1
2501,'CCFSUN',757,,5720,25,,,1,100,,5709,25,,,1,101,,5710,25,,,1,101,,5711,25,,,1,100,,5712,25,,,1,141,,5713,25,,,1,101,,5714,25,,,1,100,,5715,25,,,1,100,,5716,25,,,1,99,,5717,25,,,1,59,,5718,25,,,1,99,,5719,25,,,1,100,,5721,25,,,1
7801,'WKDY',448,,12257,13,,,1,102,,12258,13,,,1,71,,12259,13,,,1,30,,12260,13,,,1,70,,12261,13,,,1,30,,12262,13,,,1,70,,12263,13,,,1,31,,12264,13,,,1,70,,12281,13,,,1,30,,12265,13,,,1,71,,12282,13,,,1,30,,12266,13,,,1,70,,12283,13,,,1,30,,12267,13,,,1,70,,12284,13,,,1,30,,12268,13,,,1,71,,12285,13,,,1,30,,12269,13,,,1,70,,12286,13,,,1,30,,12270,13,,,1,70,,12271,13,,,1,30,,12272,13,,,1,70,,12273,13,,,1,30,,12274,13,,,1,70,,12275,13,,,1,31,,12276,13,,,1,100,,12277,13,,,1,97,,12278,13,,,1,100,,12279,13,,,1,98,,12280,13,,,1
7801,'SAT',752,,12287,13,,,1,100,,12288,13,,,1,100,,12289,13,,,1,100,,12290,13,,,1,100,,12291,13,,,1,101,,12292,13,,,1,100,,12293,13,,,1,100,,12294,13,,,1,100,,12295,13,,,1,100,,12296,13,,,1,100,,12297,13,,,1,100,,12298,13,,,1,99,,12299,13,,,1
7801,'SUN',752,,12300,13,,,1,100,,12301,13,,,1,100,,12302,13,,,1,100,,12303,13,,,1,100,,12304,13,,,1,101,,12305,13,,,1,100,,12306,13,,,1,100,,12307,13,,,1,100,,12308,13,,,1,100,,12309,13,,,1,100,,12310,13,,,1,100,,12311,13,,,1,99,,12312,13,,,1
7801,'CCFWK',448,,12313,13,,,1,102,,12314,13,,,1,71,,12315,13,,,1,30,,12316,13,,,1,70,,12317,13,,,1,30,,12318,13,,,1,70,,12319,13,,,1,31,,12320,13,,,1,70,,12337,13,,,1,30,,12321,13,,,1,71,,12338,13,,,1,30,,12322,13,,,1,70,,12339,13,,,1,30,,12323,13,,,1,70,,12340,13,,,1,30,,12324,13,,,1,71,,12341,13,,,1,30,,12325,13,,,1,70,,12342,13,,,1,30,,12326,13,,,1,70,,12327,13,,,1,30,,12328,13,,,1,70,,12329,13,,,1,30,,12330,13,,,1,70,,12331,13,,,1,31,,12332,13,,,1,100,,12333,13,,,1,97,,12334,13,,,1,100,,12335,13,,,1,98,,12336,13,,,1
7801,'CCFFF',448,,12343,13,,,1,102,,12344,13,,,1,71,,12345,13,,,1,30,,12346,13,,,1,70,,12347,13,,,1,30,,12348,13,,,1,70,,12349,13,,,1,31,,12350,13,,,1,70,,12367,13,,,1,30,,12351,13,,,1,71,,12368,13,,,1,30,,12352,13,,,1,70,,12369,13,,,1,30,,12353,13,,,1,70,,12370,13,,,1,30,,12354,13,,,1,71,,12371,13,,,1,30,,12355,13,,,1,70,,12372,13,,,1,30,,12356,13,,,1,70,,12357,13,,,1,30,,12358,13,,,1,70,,12359,13,,,1,30,,12360,13,,,1,70,,12361,13,,,1,31,,12362,13,,,1,100,,12363,13,,,1,97,,12364,13,,,1,100,,12365,13,,,1,98,,12366,13,,,1
7801,'CCFSAT',752,,12373,13,,,1,100,,12374,13,,,1,100,,12375,13,,,1,100,,12376,13,,,1,100,,12377,13,,,1,101,,12378,13,,,1,100,,12379,13,,,1,100,,12380,13,,,1,100,,12381,13,,,1,100,,12382,13,,,1,100,,12383,13,,,1,100,,12384,13,,,1,99,,12385,13,,,1
7801,'CCFSUN',752,,12386,13,,,1,100,,12387,13,,,1,100,,12388,13,,,1,100,,12389,13,,,1,100,,12390,13,,,1,101,,12391,13,,,1,100,,12392,13,,,1,100,,12393,13,,,1,100,,12394,13,,,1,100,,12395,13,,,1,100,,12396,13,,,1,100,,12397,13,,,1,99,,12398,13,,,1
