600,'WKDY',608,,4231,1,0,7 8 9,1,30,,4232,1,0,7 8 9,1,72,,4233,1,0,7 8 9,1,30,,4234,1,0,7 8 9,1,71,,4235,1,0,7 8 9,1,30,,4236,1,0,7 8 9,1,70,,4237,1,0,7 8 9,1,29,,4238,1,0,7 8 9,1,70,,4239,1,0,7 8 9,1,30,,4240,1,0,7 8 9,1,70,,4241,1,0,7 8 9,1,30,,4242,1,0,7 8 9,1,70,,4243,1,0,7 8 9,1,30,,4244,1,0,7 8 9,1,70,,4245,1,0,7 8 9,1,30,,4246,1,0,7 8 9,1,70,,4247,1,0,7 8 9,1,30,,4248,1,0,7 8 9,1,71,,4249,1,0,7 8 9,1,30,,4250,1,0,7 8 9,1,70,,4251,1,0,7 8 9,1,29,,4252,1,0,7 8 9,1,70,,4253,1,0,7 8 9,1,30,,4254,1,0,7 8 9,1,70,,4255,1,0,7 8 9,1,29,,4256,1,0,7 8 9,1,70,,4257,1,0,7 8 9,1,30,,4258,1,0,7 8 9,1,70,,4259,1,0,7 8 9,1,29,,4291,1,0,7 8 9,1
600,'SAT',839,,4292,1,0,7 8 9,1,102,,4293,1,0,7 8 9,1,101,,4294,1,0,7 8 9,1,100,,4295,1,0,7 8 9,1,100,,4296,1,0,7 8 9,1,100,,4297,1,0,7 8 9,1,100,,4298,1,0,7 8 9,1,100,,4299,1,0,7 8 9,1,99,,4300,1,0,7 8 9,1,100,,4301,1,0,7 8 9,1,100,,4302,1,0,7 8 9,1
600,'SUN',839,,4315,1,0,7 8 9,1,102,,4316,1,0,7 8 9,1,101,,4317,1,0,7 8 9,1,100,,4318,1,0,7 8 9,1,100,,4319,1,0,7 8 9,1,100,,4320,1,0,7 8 9,1,100,,4321,1,0,7 8 9,1,100,,4322,1,0,7 8 9,1,99,,4323,1,0,7 8 9,1,100,,4324,1,0,7 8 9,1,100,,4325,1,0,7 8 9,1
600,'CCFWK',608,,4338,1,0,7 8 9,1,30,,4339,1,0,7 8 9,1,72,,4340,1,0,7 8 9,1,30,,4341,1,0,7 8 9,1,71,,4342,1,0,7 8 9,1,30,,4343,1,0,7 8 9,1,70,,4344,1,0,7 8 9,1,29,,4345,1,0,7 8 9,1,70,,4346,1,0,7 8 9,1,30,,4347,1,0,7 8 9,1,70,,4348,1,0,7 8 9,1,30,,4349,1,0,7 8 9,1,70,,4350,1,0,7 8 9,1,30,,4351,1,0,7 8 9,1,70,,4352,1,0,7 8 9,1,30,,4353,1,0,7 8 9,1,70,,4354,1,0,7 8 9,1,30,,4355,1,0,7 8 9,1,71,,4356,1,0,7 8 9,1,30,,4357,1,0,7 8 9,1,70,,4358,1,0,7 8 9,1,29,,4359,1,0,7 8 9,1,70,,4360,1,0,7 8 9,1,30,,4361,1,0,7 8 9,1,70,,4362,1,0,7 8 9,1,29,,4363,1,0,7 8 9,1,70,,4364,1,0,7 8 9,1,30,,4365,1,0,7 8 9,1,70,,4366,1,0,7 8 9,1,29,,4398,1,0,7 8 9,1
600,'CCFFF',608,,4399,1,0,7 8 9,1,30,,4400,1,0,7 8 9,1,72,,4401,1,0,7 8 9,1,30,,4402,1,0,7 8 9,1,71,,4403,1,0,7 8 9,1,30,,4404,1,0,7 8 9,1,70,,4405,1,0,7 8 9,1,29,,4406,1,0,7 8 9,1,70,,4407,1,0,7 8 9,1,30,,4408,1,0,7 8 9,1,70,,4409,1,0,7 8 9,1,30,,4410,1,0,7 8 9,1,70,,4411,1,0,7 8 9,1,30,,4412,1,0,7 8 9,1,70,,4413,1,0,7 8 9,1,30,,4414,1,0,7 8 9,1,70,,4415,1,0,7 8 9,1,30,,4416,1,0,7 8 9,1,71,,4417,1,0,7 8 9,1,30,,4418,1,0,7 8 9,1,70,,4419,1,0,7 8 9,1,29,,4420,1,0,7 8 9,1,70,,4421,1,0,7 8 9,1,30,,4422,1,0,7 8 9,1,70,,4423,1,0,7 8 9,1,29,,4424,1,0,7 8 9,1,70,,4425,1,0,7 8 9,1,30,,4426,1,0,7 8 9,1,70,,4427,1,0,7 8 9,1,29,,4459,1,0,7 8 9,1
600,'CCFSAT',839,,4460,1,0,7 8 9,1,102,,4461,1,0,7 8 9,1,101,,4462,1,0,7 8 9,1,100,,4463,1,0,7 8 9,1,100,,4464,1,0,7 8 9,1,100,,4465,1,0,7 8 9,1,100,,4466,1,0,7 8 9,1,100,,4467,1,0,7 8 9,1,99,,4468,1,0,7 8 9,1,100,,4469,1,0,7 8 9,1,100,,4470,1,0,7 8 9,1
600,'CCFSUN',839,,4483,1,0,7 8 9,1,102,,4484,1,0,7 8 9,1,101,,4485,1,0,7 8 9,1,100,,4486,1,0,7 8 9,1,100,,4487,1,0,7 8 9,1,100,,4488,1,0,7 8 9,1,100,,4489,1,0,7 8 9,1,100,,4490,1,0,7 8 9,1,99,,4491,1,0,7 8 9,1,100,,4492,1,0,7 8 9,1,100,,4493,1,0,7 8 9,1
601,'WKDY',608,,3987,12,4,,1,30,,3988,12,4,,1,72,,3989,12,4,,1,30,,3990,12,4,,1,71,,3991,12,4,,1,30,,3992,12,4,,1,70,,3993,12,4,,1,29,,3994,12,4,,1,70,,3995,12,4,,1,30,,3996,12,4,,1,70,,3997,12,4,,1,30,,3998,12,4,,1,70,,3999,12,4,,1,30,,4000,12,4,,1,70,,4001,12,4,,1,30,,4002,12,4,,1,70,,4003,12,4,,1,30,,4004,12,4,,1,71,,4005,12,4,,1,30,,4006,12,4,,1,70,,4007,12,4,,1,29,,4008,12,4,,1,70,,4009,12,4,,1,30,,4010,12,4,,1,70,,4011,12,4,,1,29,,4012,12,4,,1,70,,4013,12,4,,1,30,,4014,12,4,,1,70,,4015,12,4,,1,29,,4016,12,4,,1
601,'SAT',839,,4029,12,4,,1,102,,4030,12,4,,1,101,,4031,12,4,,1,100,,4032,12,4,,1,100,,4033,12,4,,1,100,,4034,12,4,,1,100,,4035,12,4,,1,100,,4036,12,4,,1,99,,4037,12,4,,1,100,,4038,12,4,,1,100,,4039,12,4,,1
601,'SUN',839,,4052,12,4,,1,102,,4053,12,4,,1,101,,4054,12,4,,1,100,,4055,12,4,,1,100,,4056,12,4,,1,100,,4057,12,4,,1,100,,4058,12,4,,1,100,,4059,12,4,,1,99,,4060,12,4,,1,100,,4061,12,4,,1,100,,4062,12,4,,1
601,'CCFWK',608,,4094,12,4,,1,30,,4095,12,4,,1,72,,4096,12,4,,1,30,,4097,12,4,,1,71,,4098,12,4,,1,30,,4099,12,4,,1,70,,4100,12,4,,1,29,,4101,12,4,,1,70,,4102,12,4,,1,30,,4103,12,4,,1,70,,4104,12,4,,1,30,,4105,12,4,,1,70,,4106,12,4,,1,30,,4107,12,4,,1,70,,4108,12,4,,1,30,,4109,12,4,,1,70,,4110,12,4,,1,30,,4111,12,4,,1,71,,4112,12,4,,1,30,,4113,12,4,,1,70,,4114,12,4,,1,29,,4115,12,4,,1,70,,4116,12,4,,1,30,,4117,12,4,,1,70,,4118,12,4,,1,29,,4119,12,4,,1,70,,4120,12,4,,1,30,,4121,12,4,,1,70,,4122,12,4,,1,29,,4123,12,4,,1
601,'CCFFF',608,,4155,12,4,,1,30,,4156,12,4,,1,72,,4157,12,4,,1,30,,4158,12,4,,1,71,,4159,12,4,,1,30,,4160,12,4,,1,70,,4161,12,4,,1,29,,4162,12,4,,1,70,,4163,12,4,,1,30,,4164,12,4,,1,70,,4165,12,4,,1,30,,4166,12,4,,1,70,,4167,12,4,,1,30,,4168,12,4,,1,70,,4169,12,4,,1,30,,4170,12,4,,1,70,,4171,12,4,,1,30,,4172,12,4,,1,71,,4173,12,4,,1,30,,4174,12,4,,1,70,,4175,12,4,,1,29,,4176,12,4,,1,70,,4177,12,4,,1,30,,4178,12,4,,1,70,,4179,12,4,,1,29,,4180,12,4,,1,70,,4181,12,4,,1,30,,4182,12,4,,1,70,,4183,12,4,,1,29,,4184,12,4,,1
601,'CCFSAT',839,,4197,12,4,,1,102,,4198,12,4,,1,101,,4199,12,4,,1,100,,4200,12,4,,1,100,,4201,12,4,,1,100,,4202,12,4,,1,100,,4203,12,4,,1,100,,4204,12,4,,1,99,,4205,12,4,,1,100,,4206,12,4,,1,100,,4207,12,4,,1
601,'CCFSUN',839,,4220,12,4,,1,102,,4221,12,4,,1,101,,4222,12,4,,1,100,,4223,12,4,,1,100,,4224,12,4,,1,100,,4225,12,4,,1,100,,4226,12,4,,1,100,,4227,12,4,,1,99,,4228,12,4,,1,100,,4229,12,4,,1,100,,4230,12,4,,1
