3000,'WKDY',620,,5724,24,,,1,31,,5725,24,,,1,70,,5726,24,,,1,30,,5727,24,,,1,71,,5728,24,,,1,30,,5729,24,,,1,69,,5730,24,,,1,30,,5731,24,,,1,70,,5732,24,,,1,30,,5733,24,,,1,70,,5734,24,,,1,30,,5735,24,,,1,70,,5736,24,,,1,30,,5737,24,,,1,70,,5738,24,,,1,31,,5739,24,,,1,71,,5740,24,,,1,30,,5741,24,,,1,71,,5742,24,,,1,30,,5743,24,,,1,70,,5744,24,,,1,30,,5745,24,,,1,68,,5746,24,,,1,30,,5747,24,,,1,69,,5748,24,,,1,29,,5749,24,,,1,69,,5750,24,,,1,30,,5751,24,,,1,69,,5752,24,,,1,100,,5753,24,,,1
3000,'SAT',747,,5756,24,,,1,72,,5757,24,,,1,30,,5758,24,,,1,70,,5759,24,,,1,30,,5760,24,,,1,70,,5761,24,,,1,30,,5762,24,,,1,71,,5763,24,,,1,30,,5764,24,,,1,71,,5765,24,,,1,30,,5766,24,,,1,70,,5767,24,,,1,30,,5768,24,,,1,70,,5769,24,,,1,30,,5770,24,,,1,70,,5771,24,,,1,30,,5772,24,,,1,70,,5773,24,,,1,30,,5774,24,,,1,70,,5775,24,,,1,99,,5776,24,,,1,98,,5777,24,,,1,100,,5778,24,,,1
3000,'SUN',819,,5781,24,,,1,100,,5782,24,,,1,100,,5783,24,,,1,101,,5784,24,,,1,101,,5785,24,,,1,100,,5786,24,,,1,100,,5787,24,,,1,100,,5788,24,,,1,100,,5789,24,,,1,100,,5790,24,,,1,99,,5791,24,,,1,98,,5792,24,,,1,100,,5793,24,,,1
3000,'CCFWK',620,,5796,24,,,1,31,,5797,24,,,1,70,,5798,24,,,1,30,,5799,24,,,1,71,,5800,24,,,1,30,,5801,24,,,1,69,,5802,24,,,1,30,,5803,24,,,1,70,,5804,24,,,1,30,,5805,24,,,1,70,,5806,24,,,1,30,,5807,24,,,1,70,,5808,24,,,1,30,,5809,24,,,1,70,,5810,24,,,1,31,,5811,24,,,1,71,,5812,24,,,1,30,,5813,24,,,1,71,,5814,24,,,1,30,,5815,24,,,1,70,,5816,24,,,1,30,,5817,24,,,1,68,,5818,24,,,1,30,,5819,24,,,1,69,,5820,24,,,1,29,,5821,24,,,1,69,,5822,24,,,1,30,,5823,24,,,1,69,,5824,24,,,1,100,,5825,24,,,1
3000,'CCFFF',620,,5828,24,,,1,31,,5829,24,,,1,70,,5830,24,,,1,30,,5831,24,,,1,71,,5832,24,,,1,30,,5833,24,,,1,69,,5834,24,,,1,30,,5835,24,,,1,70,,5836,24,,,1,30,,5837,24,,,1,70,,5838,24,,,1,30,,5839,24,,,1,70,,5840,24,,,1,30,,5841,24,,,1,70,,5842,24,,,1,31,,5843,24,,,1,71,,5844,24,,,1,30,,5845,24,,,1,71,,5846,24,,,1,30,,5847,24,,,1,70,,5848,24,,,1,30,,5849,24,,,1,68,,5850,24,,,1,30,,5851,24,,,1,69,,5852,24,,,1,29,,5853,24,,,1,69,,5854,24,,,1,30,,5855,24,,,1,69,,5856,24,,,1,100,,5857,24,,,1
3000,'CCFSAT',747,,5860,24,,,1,72,,5861,24,,,1,30,,5862,24,,,1,70,,5863,24,,,1,30,,5864,24,,,1,70,,5865,24,,,1,30,,5866,24,,,1,71,,5867,24,,,1,30,,5868,24,,,1,71,,5869,24,,,1,30,,5870,24,,,1,70,,5871,24,,,1,30,,5872,24,,,1,70,,5873,24,,,1,30,,5874,24,,,1,70,,5875,24,,,1,30,,5876,24,,,1,70,,5877,24,,,1,30,,5878,24,,,1,70,,5879,24,,,1,99,,5880,24,,,1,98,,5881,24,,,1,100,,5882,24,,,1
3000,'CCFSUN',819,,5885,24,,,1,100,,5886,24,,,1,100,,5887,24,,,1,101,,5888,24,,,1,101,,5889,24,,,1,100,,5890,24,,,1,100,,5891,24,,,1,100,,5892,24,,,1,100,,5893,24,,,1,100,,5894,24,,,1,99,,5895,24,,,1,98,,5896,24,,,1,100,,5897,24,,,1
8001,'WKDY',616,,12607,23,,,1,30,,12608,23,,,1,71,,12609,23,,,1,31,,12610,23,,,1,70,,12611,23,,,1,30,,12612,23,,,1,69,,12613,23,,,1,30,,12614,23,,,1,70,,12615,23,,,1,31,,12616,23,,,1,70,,12617,23,,,1,30,,12618,23,,,1,70,,12619,23,,,1,30,,12620,23,,,1,70,,12621,23,,,1,31,,12622,23,,,1,70,,12623,23,,,1,30,,12624,23,,,1,72,,12625,23,,,1,33,,12626,23,,,1,67,,12627,23,,,1,29,,12628,23,,,1,69,,12629,23,,,1,29,,12630,23,,,1,69,,12631,23,,,1,30,,12632,23,,,1,70,,12633,23,,,1,29,,12634,23,,,1,70,,12635,23,,,1,30,,12636,23,,,1,69,,12637,23,,,1
8001,'SAT',716,,12651,23,,,1,100,,12638,23,,,1,30,,12639,23,,,1,70,,12640,23,,,1,30,,12652,23,,,1,70,,12641,23,,,1,31,,12653,23,,,1,70,,12642,23,,,1,30,,12654,23,,,1,70,,12643,23,,,1,30,,12655,23,,,1,70,,12644,23,,,1,30,,12656,23,,,1,70,,12645,23,,,1,30,,12657,23,,,1,70,,12646,23,,,1,30,,12658,23,,,1,70,,12647,23,,,1,30,,12659,23,,,1,70,,12648,23,,,1,30,,12660,23,,,1,70,,12649,23,,,1,30,,12661,23,,,1,70,,12650,23,,,1,30,,12662,23,,,1,69,,12665,23,,,1,31,,12663,23,,,1,100,,12664,23,,,1
8001,'SUN',716,,12679,23,,,1,100,,12666,23,,,1,30,,12667,23,,,1,70,,12668,23,,,1,30,,12680,23,,,1,70,,12669,23,,,1,31,,12681,23,,,1,70,,12670,23,,,1,30,,12682,23,,,1,70,,12671,23,,,1,30,,12683,23,,,1,70,,12672,23,,,1,30,,12684,23,,,1,70,,12673,23,,,1,30,,12685,23,,,1,70,,12674,23,,,1,30,,12686,23,,,1,70,,12675,23,,,1,30,,12687,23,,,1,70,,12676,23,,,1,30,,12688,23,,,1,70,,12677,23,,,1,30,,12689,23,,,1,70,,12678,23,,,1,30,,12690,23,,,1,69,,12693,23,,,1,31,,12691,23,,,1,99,,12692,23,,,1
8001,'CCFWK',616,,12694,23,,,1,30,,12695,23,,,1,71,,12696,23,,,1,31,,12697,23,,,1,70,,12698,23,,,1,30,,12699,23,,,1,69,,12700,23,,,1,30,,12701,23,,,1,70,,12702,23,,,1,31,,12703,23,,,1,70,,12704,23,,,1,30,,12705,23,,,1,70,,12706,23,,,1,30,,12707,23,,,1,70,,12708,23,,,1,31,,12709,23,,,1,70,,12710,23,,,1,30,,12711,23,,,1,72,,12712,23,,,1,33,,12713,23,,,1,67,,12714,23,,,1,29,,12715,23,,,1,69,,12716,23,,,1,29,,12717,23,,,1,69,,12718,23,,,1,30,,12719,23,,,1,70,,12720,23,,,1,29,,12721,23,,,1,70,,12722,23,,,1,30,,12723,23,,,1,69,,12724,23,,,1
8001,'CCFFF',616,,12725,23,,,1,30,,12726,23,,,1,71,,12727,23,,,1,31,,12728,23,,,1,70,,12729,23,,,1,30,,12730,23,,,1,69,,12731,23,,,1,30,,12732,23,,,1,70,,12733,23,,,1,31,,12734,23,,,1,70,,12735,23,,,1,30,,12736,23,,,1,70,,12737,23,,,1,30,,12738,23,,,1,70,,12739,23,,,1,31,,12740,23,,,1,70,,12741,23,,,1,30,,12742,23,,,1,72,,12743,23,,,1,33,,12744,23,,,1,67,,12745,23,,,1,29,,12746,23,,,1,69,,12747,23,,,1,29,,12748,23,,,1,69,,12749,23,,,1,30,,12750,23,,,1,70,,12751,23,,,1,29,,12752,23,,,1,70,,12753,23,,,1,30,,12754,23,,,1,69,,12755,23,,,1
8001,'CCFSAT',716,,12769,23,,,1,100,,12756,23,,,1,30,,12757,23,,,1,70,,12758,23,,,1,30,,12770,23,,,1,70,,12759,23,,,1,31,,12771,23,,,1,70,,12760,23,,,1,30,,12772,23,,,1,70,,12761,23,,,1,30,,12773,23,,,1,70,,12762,23,,,1,30,,12774,23,,,1,70,,12763,23,,,1,30,,12775,23,,,1,70,,12764,23,,,1,30,,12776,23,,,1,70,,12765,23,,,1,30,,12777,23,,,1,70,,12766,23,,,1,30,,12778,23,,,1,70,,12767,23,,,1,30,,12779,23,,,1,70,,12768,23,,,1,30,,12780,23,,,1,69,,12783,23,,,1,31,,12781,23,,,1,100,,12782,23,,,1
8001,'CCFSUN',716,,12797,23,,,1,100,,12784,23,,,1,30,,12785,23,,,1,70,,12786,23,,,1,30,,12798,23,,,1,70,,12787,23,,,1,31,,12799,23,,,1,70,,12788,23,,,1,30,,12800,23,,,1,70,,12789,23,,,1,30,,12801,23,,,1,70,,12790,23,,,1,30,,12802,23,,,1,70,,12791,23,,,1,30,,12803,23,,,1,70,,12792,23,,,1,30,,12804,23,,,1,70,,12793,23,,,1,30,,12805,23,,,1,70,,12794,23,,,1,30,,12806,23,,,1,70,,12795,23,,,1,30,,12807,23,,,1,70,,12796,23,,,1,30,,12808,23,,,1,70,,12811,23,,,1,30,,12809,23,,,1,99,,12810,23,,,1
