201,'WKDY',710,,3917,43,4,,1,203,,3919,43,4,,1,196,,3921,43,4,,1
201,'CCFWK',710,,3930,43,4,,1,203,,3932,43,4,,1,196,,3934,43,4,,1
201,'CCFFF',710,,3943,43,4,,1,203,,3945,43,4,,1,196,,3947,43,4,,1
1900,'WKDY',550,,5198,1,,,1,100,,5199,1,,,1,70,,5200,1,,,1,30,,5201,1,,,1,70,,5202,1,,,1,30,,5203,1,,,1,70,,5204,1,,,1,30,,5205,1,,,1,70,,5220,1,,,1,30,,5206,1,,,1,70,,5221,1,,,1,30,,5207,1,,,1,70,,5222,1,,,1,30,,5208,1,,,1,70,,5223,1,,,1,30,,5209,1,,,1,70,,5210,1,,,1,30,,5211,1,,,1,70,,5212,1,,,1,30,,5213,1,,,1,72,,5214,1,,,1,33,,5215,1,,,1,100,,5216,1,,,1,95,,5217,1,,,1,100,,5218,1,,,1,100,,5219,1,,,1
1900,'SAT',820,,5234,1,,,1,100,,5224,1,,,1,100,,5225,1,,,1,100,,5226,1,,,1,100,,5227,1,,,1,100,,5228,1,,,1,100,,5229,1,,,1,100,,5230,1,,,1,100,,5231,1,,,1,100,,5232,1,,,1,100,,5233,1,,,1,100,,5235,1,,,1
1900,'SUN',820,,5246,1,,,1,100,,5236,1,,,1,100,,5237,1,,,1,100,,5238,1,,,1,100,,5239,1,,,1,100,,5240,1,,,1,100,,5241,1,,,1,100,,5242,1,,,1,100,,5243,1,,,1,100,,5244,1,,,1,100,,5245,1,,,1,100,,5247,1,,,1
1900,'CCFWK',550,,5248,1,,,1,100,,5249,1,,,1,70,,5250,1,,,1,30,,5251,1,,,1,70,,5252,1,,,1,30,,5253,1,,,1,70,,5254,1,,,1,30,,5255,1,,,1,70,,5270,1,,,1,30,,5256,1,,,1,70,,5271,1,,,1,30,,5257,1,,,1,70,,5272,1,,,1,30,,5258,1,,,1,70,,5273,1,,,1,30,,5259,1,,,1,70,,5260,1,,,1,30,,5261,1,,,1,70,,5262,1,,,1,30,,5263,1,,,1,72,,5264,1,,,1,33,,5265,1,,,1,100,,5266,1,,,1,95,,5267,1,,,1,100,,5268,1,,,1,100,,5269,1,,,1
1900,'CCFFF',550,,5274,1,,,1,100,,5275,1,,,1,70,,5276,1,,,1,30,,5277,1,,,1,70,,5278,1,,,1,30,,5279,1,,,1,70,,5280,1,,,1,30,,5281,1,,,1,70,,5296,1,,,1,30,,5282,1,,,1,70,,5297,1,,,1,30,,5283,1,,,1,70,,5298,1,,,1,30,,5284,1,,,1,70,,5299,1,,,1,30,,5285,1,,,1,70,,5286,1,,,1,30,,5287,1,,,1,70,,5288,1,,,1,30,,5289,1,,,1,72,,5290,1,,,1,33,,5291,1,,,1,100,,5292,1,,,1,95,,5293,1,,,1,100,,5294,1,,,1,100,,5295,1,,,1
1900,'CCFSAT',820,,5310,1,,,1,100,,5300,1,,,1,100,,5301,1,,,1,100,,5302,1,,,1,100,,5303,1,,,1,100,,5304,1,,,1,100,,5305,1,,,1,100,,5306,1,,,1,100,,5307,1,,,1,100,,5308,1,,,1,100,,5309,1,,,1,100,,5311,1,,,1
1900,'CCFSUN',820,,5322,1,,,1,100,,5312,1,,,1,100,,5313,1,,,1,100,,5314,1,,,1,100,,5315,1,,,1,100,,5316,1,,,1,100,,5317,1,,,1,100,,5318,1,,,1,100,,5319,1,,,1,100,,5320,1,,,1,100,,5321,1,,,1,100,,5323,1,,,1
1901,'WKDY',1333,,5334,12,4,,1,70,,5349,12,4,,1,127,,5337,12,4,,1,305,,5342,12,4,,1,191,,5344,12,4,,1,99,,5345,12,4,,1
1901,'SAT',1958,,5361,12,4,,1
1901,'SUN',1958,,5373,12,4,,1
1901,'CCFWK',1333,,5384,12,4,,1,70,,5399,12,4,,1,127,,5387,12,4,,1,305,,5392,12,4,,1,191,,5394,12,4,,1,99,,5395,12,4,,1
1901,'CCFFF',1333,,5410,12,4,,1,70,,5425,12,4,,1,127,,5413,12,4,,1,305,,5418,12,4,,1,191,,5420,12,4,,1,99,,5421,12,4,,1
1901,'CCFSAT',1958,,5437,12,4,,1
1901,'CCFSUN',1958,,5449,12,4,,1
2501,'WKDY',1622,,5605,36,4,,1,29,,5606,36,4,,1
2501,'SAT',809,,5625,36,4,,1,100,,5614,36,4,,1,102,,5615,36,4,,1,101,,5616,36,4,,1,100,,5617,36,4,,1,101,,5618,36,4,,1,101,,5619,36,4,,1,100,,5620,36,4,,1,100,,5621,36,4,,1,98,,5622,36,4,,1,99,,5623,36,4,,1,99,,5624,36,4,,1
2501,'SUN',809,,5638,36,4,,1,100,,5627,36,4,,1,102,,5628,36,4,,1,101,,5629,36,4,,1,100,,5630,36,4,,1,101,,5631,36,4,,1,101,,5632,36,4,,1,100,,5633,36,4,,1,100,,5634,36,4,,1,98,,5635,36,4,,1,99,,5636,36,4,,1,99,,5637,36,4,,1
2501,'CCFWK',1622,,5659,36,4,,1,29,,5660,36,4,,1
2501,'CCFFF',1622,,5687,36,4,,1,29,,5688,36,4,,1
2501,'CCFSAT',809,,5707,36,4,,1,100,,5696,36,4,,1,102,,5697,36,4,,1,101,,5698,36,4,,1,100,,5699,36,4,,1,101,,5700,36,4,,1,101,,5701,36,4,,1,100,,5702,36,4,,1,100,,5703,36,4,,1,98,,5704,36,4,,1,99,,5705,36,4,,1,99,,5706,36,4,,1
2501,'CCFSUN',809,,5720,36,4,,1,100,,5709,36,4,,1,102,,5710,36,4,,1,101,,5711,36,4,,1,100,,5712,36,4,,1,101,,5713,36,4,,1,101,,5714,36,4,,1,100,,5715,36,4,,1,100,,5716,36,4,,1,98,,5717,36,4,,1,99,,5718,36,4,,1,99,,5719,36,4,,1
7800,'WKDY',543,,12122,28,4,,1,96,,12123,28,4,,1,102,,12125,28,4,,1,70,,12126,28,4,,1,30,,12127,28,4,,1,100,,12129,28,4,,1,70,,12147,28,4,,1,30,,12130,28,4,,1,100,,12131,28,4,,1,71,,12149,28,4,,1,30,,12132,28,4,,1,72,,12150,28,4,,1,130,,12134,28,4,,1,306,,12139,28,4,,1,91,,12141,28,4,,1,98,,12142,28,4,,1
7800,'CCFWK',543,,12175,28,4,,1,96,,12176,28,4,,1,102,,12178,28,4,,1,70,,12179,28,4,,1,30,,12180,28,4,,1,100,,12182,28,4,,1,70,,12200,28,4,,1,30,,12183,28,4,,1,100,,12184,28,4,,1,71,,12202,28,4,,1,30,,12185,28,4,,1,72,,12203,28,4,,1,130,,12187,28,4,,1,306,,12192,28,4,,1,91,,12194,28,4,,1,98,,12195,28,4,,1
7800,'CCFFF',543,,12204,28,4,,1,96,,12205,28,4,,1,102,,12207,28,4,,1,70,,12208,28,4,,1,30,,12209,28,4,,1,100,,12211,28,4,,1,70,,12229,28,4,,1,30,,12212,28,4,,1,100,,12213,28,4,,1,71,,12231,28,4,,1,30,,12214,28,4,,1,72,,12232,28,4,,1,130,,12216,28,4,,1,306,,12221,28,4,,1,91,,12223,28,4,,1,98,,12224,28,4,,1
