900,'WKDY',624,,4839,1,,,1,96,,4840,1,,,1,102,,4841,1,,,1,100,,4842,1,,,1,98,,4843,1,,,1,100,,4844,1,,,1,100,,4845,1,,,1,100,,4846,1,,,1,100,,4847,1,,,1,102,,4848,1,,,1,99,,4849,1,,,1,100,,4850,1,,,1,105,,4851,1,,,1
900,'CCFWK',624,,4852,1,,,1,96,,4853,1,,,1,102,,4854,1,,,1,100,,4855,1,,,1,98,,4856,1,,,1,100,,4857,1,,,1,100,,4858,1,,,1,100,,4859,1,,,1,100,,4860,1,,,1,102,,4861,1,,,1,99,,4862,1,,,1,100,,4863,1,,,1,105,,4864,1,,,1
900,'CCFFF',624,,4865,1,,,1,96,,4866,1,,,1,102,,4867,1,,,1,100,,4868,1,,,1,98,,4869,1,,,1,100,,4870,1,,,1,100,,4871,1,,,1,100,,4872,1,,,1,100,,4873,1,,,1,102,,4874,1,,,1,99,,4875,1,,,1,100,,4876,1,,,1,105,,4877,1,,,1
901,'WKDY',720,,4803,31,4,,1,102,,4804,31,4,,1,100,,4805,31,4,,1,98,,4806,31,4,,1,100,,4807,31,4,,1,100,,4808,31,4,,1,100,,4809,31,4,,1,100,,4810,31,4,,1,102,,4811,31,4,,1,99,,4812,31,4,,1,100,,4813,31,4,,1,105,,4814,31,4,,1
901,'CCFWK',720,,4815,31,4,,1,102,,4816,31,4,,1,100,,4817,31,4,,1,98,,4818,31,4,,1,100,,4819,31,4,,1,100,,4820,31,4,,1,100,,4821,31,4,,1,100,,4822,31,4,,1,102,,4823,31,4,,1,99,,4824,31,4,,1,100,,4825,31,4,,1,105,,4826,31,4,,1
901,'CCFFF',720,,4827,31,4,,1,102,,4828,31,4,,1,100,,4829,31,4,,1,98,,4830,31,4,,1,100,,4831,31,4,,1,100,,4832,31,4,,1,100,,4833,31,4,,1,100,,4834,31,4,,1,102,,4835,31,4,,1,99,,4836,31,4,,1,100,,4837,31,4,,1,105,,4838,31,4,,1
1900,'WKDY',600,,5198,10,,,1,101,,5199,10,,,1,31,,5200,10,,,1,71,,5201,10,,,1,29,,5202,10,,,1,70,,5203,10,,,1,30,,5204,10,,,1,71,,5205,10,,,1,30,,5220,10,,,1,71,,5206,10,,,1,30,,5221,10,,,1,70,,5207,10,,,1,30,,5222,10,,,1,71,,5208,10,,,1,30,,5223,10,,,1,70,,5209,10,,,1,28,,5210,10,,,1,70,,5211,10,,,1,30,,5212,10,,,1,70,,5213,10,,,1,32,,5214,10,,,1,73,,5215,10,,,1,99,,5216,10,,,1,95,,5217,10,,,1,99,,5218,10,,,1,100,,5219,10,,,1
1900,'SAT',832,,5234,10,,,1,100,,5224,10,,,1,100,,5225,10,,,1,100,,5226,10,,,1,100,,5227,10,,,1,101,,5228,10,,,1,99,,5229,10,,,1,101,,5230,10,,,1,99,,5231,10,,,1,100,,5232,10,,,1,100,,5233,10,,,1,100,,5235,10,,,1
1900,'SUN',832,,5246,10,,,1,100,,5236,10,,,1,100,,5237,10,,,1,100,,5238,10,,,1,100,,5239,10,,,1,101,,5240,10,,,1,99,,5241,10,,,1,101,,5242,10,,,1,99,,5243,10,,,1,100,,5244,10,,,1,100,,5245,10,,,1,100,,5247,10,,,1
1900,'CCFWK',600,,5248,10,,,1,101,,5249,10,,,1,31,,5250,10,,,1,71,,5251,10,,,1,29,,5252,10,,,1,70,,5253,10,,,1,30,,5254,10,,,1,71,,5255,10,,,1,30,,5270,10,,,1,71,,5256,10,,,1,30,,5271,10,,,1,70,,5257,10,,,1,30,,5272,10,,,1,71,,5258,10,,,1,30,,5273,10,,,1,70,,5259,10,,,1,28,,5260,10,,,1,70,,5261,10,,,1,30,,5262,10,,,1,70,,5263,10,,,1,32,,5264,10,,,1,73,,5265,10,,,1,99,,5266,10,,,1,95,,5267,10,,,1,99,,5268,10,,,1,100,,5269,10,,,1
1900,'CCFFF',600,,5274,10,,,1,101,,5275,10,,,1,31,,5276,10,,,1,71,,5277,10,,,1,29,,5278,10,,,1,70,,5279,10,,,1,30,,5280,10,,,1,71,,5281,10,,,1,30,,5296,10,,,1,71,,5282,10,,,1,30,,5297,10,,,1,70,,5283,10,,,1,30,,5298,10,,,1,71,,5284,10,,,1,30,,5299,10,,,1,70,,5285,10,,,1,28,,5286,10,,,1,70,,5287,10,,,1,30,,5288,10,,,1,70,,5289,10,,,1,32,,5290,10,,,1,73,,5291,10,,,1,99,,5292,10,,,1,95,,5293,10,,,1,99,,5294,10,,,1,100,,5295,10,,,1
1900,'CCFSAT',832,,5310,10,,,1,100,,5300,10,,,1,100,,5301,10,,,1,100,,5302,10,,,1,100,,5303,10,,,1,101,,5304,10,,,1,99,,5305,10,,,1,101,,5306,10,,,1,99,,5307,10,,,1,100,,5308,10,,,1,100,,5309,10,,,1,100,,5311,10,,,1
1900,'CCFSUN',832,,5322,10,,,1,100,,5312,10,,,1,100,,5313,10,,,1,100,,5314,10,,,1,100,,5315,10,,,1,101,,5316,10,,,1,99,,5317,10,,,1,101,,5318,10,,,1,99,,5319,10,,,1,100,,5320,10,,,1,100,,5321,10,,,1,100,,5323,10,,,1
