700,'WKDY',642,,241,25,,,1,61,,270,25,,,1,55,,242,25,,,1,71,,243,25,,,1,27,,244,25,,,1,69,,245,25,,,1,31,,246,25,,,1,68,,247,25,,,1,30,,248,25,,,1,70,,249,25,,,1,30,,250,25,,,1,70,,251,25,,,1,32,,252,25,,,1,71,,253,25,,,1,73,,254,25,,,1,31,,255,25,,,1,70,,256,25,,,1,31,,257,25,,,1,71,,258,25,,,1,30,,259,25,,,1,70,,260,25,,,1,27,,261,25,,,1,70,,262,25,,,1,29,,263,25,,,1,27,,264,25,,,1,68,,265,25,,,1,29,,266,25,,,1,67,,267,25,,,1,100,,268,25,,,1,100,,269,25,,,1
700,'SAT',746,,282,25,,,1,100,,283,25,,,1,101,,271,25,,,1,105,,272,25,,,1,103,,273,25,,,1,100,,274,25,,,1,101,,275,25,,,1,100,,276,25,,,1,99,,277,25,,,1,98,,278,25,,,1,99,,279,25,,,1,99,,280,25,,,1,97,,281,25,,,1,100,,284,25,,,1,100,,285,25,,,1
700,'SUN',746,,297,25,,,1,100,,298,25,,,1,101,,286,25,,,1,105,,287,25,,,1,103,,288,25,,,1,100,,289,25,,,1,101,,290,25,,,1,100,,291,25,,,1,99,,292,25,,,1,98,,293,25,,,1,99,,294,25,,,1,99,,295,25,,,1,97,,296,25,,,1,100,,299,25,,,1,100,,300,25,,,1
1200,'WKDY',642,,385,26,,,1,70,,386,26,,,1,30,,387,26,,,1,71,,388,26,,,1,30,,389,26,,,1,70,,390,26,,,1,30,,391,26,,,1,70,,392,26,,,1,30,,393,26,,,1,70,,394,26,,,1,30,,395,26,,,1,70,,396,26,,,1,30,,397,26,,,1,70,,398,26,,,1,30,,399,26,,,1,70,,400,26,,,1,30,,401,26,,,1,70,,402,26,,,1,33,,403,26,,,1,70,,404,26,,,1,30,,405,26,,,1,70,,406,26,,,1,30,,407,26,,,1,70,,408,26,,,1,26,,409,26,,,1,70,,410,26,,,1,30,,411,26,,,1,69,,412,26,,,1,30,,413,26,,,1,68,,414,26,,,1,30,,415,26,,,1,70,,416,26,,,1
1200,'SAT',732,,417,26,,,1,100,,418,26,,,1,101,,419,26,,,1,100,,420,26,,,1,101,,421,26,,,1,100,,422,26,,,1,100,,423,26,,,1,100,,424,26,,,1,100,,425,26,,,1,100,,426,26,,,1,99,,427,26,,,1,100,,428,26,,,1,99,,429,26,,,1,100,,430,26,,,1,100,,431,26,,,1,100,,432,26,,,1
1200,'SUN',732,,433,26,,,1,100,,434,26,,,1,101,,435,26,,,1,100,,436,26,,,1,101,,437,26,,,1,100,,438,26,,,1,100,,439,26,,,1,100,,440,26,,,1,100,,441,26,,,1,100,,442,26,,,1,99,,443,26,,,1,100,,444,26,,,1,99,,445,26,,,1,100,,446,26,,,1,100,,447,26,,,1,100,,448,26,,,1
7400,'WKDY',534,,3242,24,,,1,100,,3243,24,,,1,70,,3271,24,,,1,31,,3244,24,,,1,71,,3272,24,,,1,29,,3245,24,,,1,69,,3246,24,,,1,30,,3247,24,,,1,70,,3248,24,,,1,30,,3249,24,,,1,70,,3250,24,,,1,31,,3251,24,,,1,71,,3252,24,,,1,30,,3253,24,,,1,71,,3254,24,,,1,30,,3255,24,,,1,70,,3256,24,,,1,29,,3257,24,,,1,69,,3258,24,,,1,30,,3259,24,,,1,70,,3260,24,,,1,30,,3261,24,,,1,70,,3262,24,,,1,30,,3263,24,,,1,71,,3264,24,,,1,30,,3265,24,,,1,70,,3266,24,,,1,28,,3267,24,,,1,70,,3269,24,,,1,30,,3273,24,,,1,70,,3268,24,,,1,99,,3270,24,,,1
7400,'SAT',813,,3274,24,,,1,100,,3275,24,,,1,100,,3276,24,,,1,100,,3277,24,,,1,100,,3278,24,,,1,100,,3279,24,,,1,100,,3280,24,,,1,100,,3281,24,,,1,100,,3282,24,,,1,100,,3283,24,,,1,100,,3284,24,,,1,100,,3285,24,,,1,100,,3286,24,,,1,100,,3287,24,,,1
7400,'SUN',813,,3288,24,,,1,100,,3289,24,,,1,100,,3290,24,,,1,100,,3291,24,,,1,100,,3292,24,,,1,100,,3293,24,,,1,100,,3294,24,,,1,100,,3295,24,,,1,100,,3296,24,,,1,100,,3297,24,,,1,100,,3298,24,,,1,100,,3299,24,,,1,100,,3300,24,,,1,100,,3301,24,,,1
8001,'WKDY',625,,3560,33,,,1,31,,3561,33,,,1,71,,3562,33,,,1,31,,3563,33,,,1,70,,3564,33,,,1,30,,3565,33,,,1,69,,3566,33,,,1,30,,3567,33,,,1,70,,3568,33,,,1,31,,3569,33,,,1,70,,3570,33,,,1,30,,3571,33,,,1,70,,3572,33,,,1,31,,3573,33,,,1,70,,3574,33,,,1,71,,3575,33,,,1,30,,3576,33,,,1,70,,3577,33,,,1,34,,3578,33,,,1,73,,3579,33,,,1,30,,3580,33,,,1,69,,3581,33,,,1,29,,3582,33,,,1,66,,3583,33,,,1,26,,3584,33,,,1,30,,3585,33,,,1,69,,3586,33,,,1,29,,3587,33,,,1,70,,3588,33,,,1,30,,3589,33,,,1,68,,3590,33,,,1
8001,'SAT',724,,3604,33,,,1,100,,3591,33,,,1,30,,3592,33,,,1,70,,3593,33,,,1,30,,3605,33,,,1,70,,3594,33,,,1,32,,3606,33,,,1,70,,3595,33,,,1,30,,3607,33,,,1,70,,3596,33,,,1,31,,3608,33,,,1,70,,3597,33,,,1,30,,3609,33,,,1,70,,3598,33,,,1,30,,3610,33,,,1,70,,3599,33,,,1,30,,3611,33,,,1,70,,3600,33,,,1,30,,3612,33,,,1,70,,3601,33,,,1,29,,3613,33,,,1,70,,3602,33,,,1,30,,3614,33,,,1,70,,3603,33,,,1,30,,3615,33,,,1,68,,3618,33,,,1,32,,3616,33,,,1,100,,3617,33,,,1
8001,'SUN',724,,3632,33,,,1,100,,3619,33,,,1,30,,3620,33,,,1,70,,3621,33,,,1,30,,3633,33,,,1,70,,3622,33,,,1,32,,3634,33,,,1,70,,3623,33,,,1,30,,3635,33,,,1,70,,3624,33,,,1,31,,3636,33,,,1,70,,3625,33,,,1,30,,3637,33,,,1,70,,3626,33,,,1,30,,3638,33,,,1,70,,3627,33,,,1,30,,3639,33,,,1,70,,3628,33,,,1,30,,3640,33,,,1,70,,3629,33,,,1,29,,3641,33,,,1,70,,3630,33,,,1,30,,3642,33,,,1,70,,3631,33,,,1,30,,3643,33,,,1,70,,3646,33,,,1,30,,3644,33,,,1,98,,3645,33,,,1
