201,'WKDY',708,,3917,42,,,1,103,,3918,42,,,1,100,,3919,42,,,1,89,,3920,42,,,1,107,,3921,42,,,1,100,,3922,42,,,1,100,,3923,42,,,1,101,,3924,42,,,1,104,,3925,42,,,1,100,,3926,42,,,1,99,,3927,42,,,1,99,,3928,42,,,1,95,,3929,42,,,1
201,'CCFWK',708,,3930,42,,,1,103,,3931,42,,,1,100,,3932,42,,,1,89,,3933,42,,,1,107,,3934,42,,,1,100,,3935,42,,,1,100,,3936,42,,,1,101,,3937,42,,,1,104,,3938,42,,,1,100,,3939,42,,,1,99,,3940,42,,,1,99,,3941,42,,,1,95,,3942,42,,,1
201,'CCFFF',708,,3943,42,,,1,103,,3944,42,,,1,100,,3945,42,,,1,89,,3946,42,,,1,107,,3947,42,,,1,100,,3948,42,,,1,100,,3949,42,,,1,101,,3950,42,,,1,104,,3951,42,,,1,100,,3952,42,,,1,99,,3953,42,,,1,99,,3954,42,,,1,95,,3955,42,,,1
3100,'WKDY',554,,6231,21,,,1,71,,6232,21,,,1,31,,6233,21,,,1,70,,6234,21,,,1,32,,6235,21,,,1,72,,6236,21,,,1,70,,6237,21,,,1,28,,6238,21,,,1,30,,6239,21,,,1,70,,6240,21,,,1,30,,6241,21,,,1,70,,6242,21,,,1,72,,6243,21,,,1,30,,6244,21,,,1,70,,6245,21,,,1,30,,6246,21,,,1,70,,6247,21,,,1,31,,6248,21,,,1,73,,6249,21,,,1,30,,6250,21,,,1,70,,6251,21,,,1,29,,6252,21,,,1,68,,6253,21,,,1,28,,6254,21,,,1,30,,6255,21,,,1,69,,6256,21,,,1,29,,6257,21,,,1,70,,6258,21,,,1,99,,6259,21,,,1,97,,6260,21,,,1
3100,'SAT',900,,6261,21,,,1,40,,6262,21,,,1,80,,6263,21,,,1,80,,6264,21,,,1,41,,6265,21,,,1,80,,6266,21,,,1,81,,6267,21,,,1,40,,6268,21,,,1,80,,6269,21,,,1,79,,6270,21,,,1,40,,6271,21,,,1,80,,6272,21,,,1,80,,6273,21,,,1,40,,6274,21,,,1,80,,6275,21,,,1,79,,6276,21,,,1,40,,6277,21,,,1,80,,6278,21,,,1
3100,'SUN',900,,6279,21,,,1,100,,6280,21,,,1,101,,6281,21,,,1,101,,6282,21,,,1,99,,6283,21,,,1,100,,6284,21,,,1,100,,6285,21,,,1,100,,6286,21,,,1,100,,6287,21,,,1,99,,6288,21,,,1,100,,6289,21,,,1,100,,6290,21,,,1
3100,'CCFWK',554,,6291,21,,,1,71,,6292,21,,,1,31,,6293,21,,,1,70,,6294,21,,,1,32,,6295,21,,,1,72,,6296,21,,,1,70,,6297,21,,,1,28,,6298,21,,,1,30,,6299,21,,,1,70,,6300,21,,,1,30,,6301,21,,,1,70,,6302,21,,,1,72,,6303,21,,,1,30,,6304,21,,,1,70,,6305,21,,,1,30,,6306,21,,,1,70,,6307,21,,,1,31,,6308,21,,,1,73,,6309,21,,,1,30,,6310,21,,,1,70,,6311,21,,,1,29,,6312,21,,,1,68,,6313,21,,,1,28,,6314,21,,,1,30,,6315,21,,,1,69,,6316,21,,,1,29,,6317,21,,,1,70,,6318,21,,,1,99,,6319,21,,,1,97,,6320,21,,,1
3100,'CCFFF',554,,6321,21,,,1,71,,6322,21,,,1,31,,6323,21,,,1,70,,6324,21,,,1,32,,6325,21,,,1,72,,6326,21,,,1,70,,6327,21,,,1,28,,6328,21,,,1,30,,6329,21,,,1,70,,6330,21,,,1,30,,6331,21,,,1,70,,6332,21,,,1,72,,6333,21,,,1,30,,6334,21,,,1,70,,6335,21,,,1,30,,6336,21,,,1,70,,6337,21,,,1,31,,6338,21,,,1,73,,6339,21,,,1,30,,6340,21,,,1,70,,6341,21,,,1,29,,6342,21,,,1,68,,6343,21,,,1,28,,6344,21,,,1,30,,6345,21,,,1,69,,6346,21,,,1,29,,6347,21,,,1,70,,6348,21,,,1,99,,6349,21,,,1,97,,6350,21,,,1
3100,'CCFSAT',900,,6351,21,,,1,40,,6352,21,,,1,80,,6353,21,,,1,80,,6354,21,,,1,41,,6355,21,,,1,80,,6356,21,,,1,81,,6357,21,,,1,40,,6358,21,,,1,80,,6359,21,,,1,79,,6360,21,,,1,40,,6361,21,,,1,80,,6362,21,,,1,80,,6363,21,,,1,40,,6364,21,,,1,80,,6365,21,,,1,79,,6366,21,,,1,40,,6367,21,,,1,80,,6368,21,,,1
3100,'CCFSUN',900,,6369,21,,,1,100,,6370,21,,,1,101,,6371,21,,,1,101,,6372,21,,,1,99,,6373,21,,,1,100,,6374,21,,,1,100,,6375,21,,,1,100,,6376,21,,,1,100,,6377,21,,,1,99,,6378,21,,,1,100,,6379,21,,,1,100,,6380,21,,,1
