8000,'WKDY',527,,12399,8,,,1,30,,12430,8,,,1,70,,12400,8,,,1,30,,12401,8,,,1,71,,12402,8,,,1,30,,12403,8,,,1,70,,12404,8,,,1,30,,12405,8,,,1,70,,12406,8,,,1,30,,12407,8,,,1,70,,12408,8,,,1,30,,12409,8,,,1,70,,12410,8,,,1,30,,12411,8,,,1,70,,12412,8,,,1,30,,12413,8,,,1,70,,12414,8,,,1,30,,12415,8,,,1,70,,12416,8,,,1,30,,12417,8,,,1,70,,12418,8,,,1,31,,12419,8,,,1,71,,12420,8,,,1,25,,12421,8,,,1,70,,12422,8,,,1,30,,12423,8,,,1,70,,12424,8,,,1,32,,12425,8,,,1,70,,12426,8,,,1,30,,12427,8,,,1,70,,12428,8,,,1,30,,12429,8,,,1
8000,'SAT',627,,12443,8,,,1,100,,12431,8,,,1,30,,12432,8,,,1,70,,12433,8,,,1,30,,12444,8,,,1,70,,12434,8,,,1,30,,12445,8,,,1,71,,12435,8,,,1,30,,12446,8,,,1,70,,12436,8,,,1,30,,12447,8,,,1,70,,12437,8,,,1,30,,12448,8,,,1,70,,12438,8,,,1,30,,12449,8,,,1,70,,12439,8,,,1,30,,12450,8,,,1,70,,12440,8,,,1,30,,12451,8,,,1,70,,12441,8,,,1,30,,12452,8,,,1,70,,12442,8,,,1,30,,12453,8,,,1,70,,12454,8,,,1,29,,12455,8,,,1,70,,12456,8,,,1,30,,12457,8,,,1,100,,12458,8,,,1
8000,'SUN',627,,12472,8,,,1,100,,12459,8,,,1,30,,12460,8,,,1,70,,12461,8,,,1,30,,12473,8,,,1,70,,12462,8,,,1,30,,12474,8,,,1,71,,12463,8,,,1,30,,12475,8,,,1,70,,12464,8,,,1,30,,12476,8,,,1,70,,12465,8,,,1,30,,12477,8,,,1,70,,12466,8,,,1,30,,12478,8,,,1,70,,12467,8,,,1,30,,12479,8,,,1,70,,12468,8,,,1,30,,12480,8,,,1,70,,12469,8,,,1,30,,12481,8,,,1,70,,12470,8,,,1,30,,12482,8,,,1,70,,12471,8,,,1,29,,12483,8,,,1,70,,12485,8,,,1,30,,12484,8,,,1,100,,12486,8,,,1
8000,'CCFWK',527,,12487,8,,,1,30,,12518,8,,,1,70,,12488,8,,,1,30,,12489,8,,,1,71,,12490,8,,,1,30,,12491,8,,,1,70,,12492,8,,,1,30,,12493,8,,,1,70,,12494,8,,,1,30,,12495,8,,,1,70,,12496,8,,,1,30,,12497,8,,,1,70,,12498,8,,,1,30,,12499,8,,,1,70,,12500,8,,,1,30,,12501,8,,,1,70,,12502,8,,,1,30,,12503,8,,,1,70,,12504,8,,,1,30,,12505,8,,,1,70,,12506,8,,,1,31,,12507,8,,,1,71,,12508,8,,,1,25,,12509,8,,,1,70,,12510,8,,,1,30,,12511,8,,,1,70,,12512,8,,,1,32,,12513,8,,,1,70,,12514,8,,,1,30,,12515,8,,,1,70,,12516,8,,,1,30,,12517,8,,,1
8000,'CCFFF',527,,12519,8,,,1,30,,12550,8,,,1,70,,12520,8,,,1,30,,12521,8,,,1,71,,12522,8,,,1,30,,12523,8,,,1,70,,12524,8,,,1,30,,12525,8,,,1,70,,12526,8,,,1,30,,12527,8,,,1,70,,12528,8,,,1,30,,12529,8,,,1,70,,12530,8,,,1,30,,12531,8,,,1,70,,12532,8,,,1,30,,12533,8,,,1,70,,12534,8,,,1,30,,12535,8,,,1,70,,12536,8,,,1,30,,12537,8,,,1,70,,12538,8,,,1,31,,12539,8,,,1,71,,12540,8,,,1,25,,12541,8,,,1,70,,12542,8,,,1,30,,12543,8,,,1,70,,12544,8,,,1,32,,12545,8,,,1,70,,12546,8,,,1,30,,12547,8,,,1,70,,12548,8,,,1,30,,12549,8,,,1
8000,'CCFSAT',627,,12563,8,,,1,100,,12551,8,,,1,30,,12552,8,,,1,70,,12553,8,,,1,30,,12564,8,,,1,70,,12554,8,,,1,30,,12565,8,,,1,71,,12555,8,,,1,30,,12566,8,,,1,70,,12556,8,,,1,30,,12567,8,,,1,70,,12557,8,,,1,30,,12568,8,,,1,70,,12558,8,,,1,30,,12569,8,,,1,70,,12559,8,,,1,30,,12570,8,,,1,70,,12560,8,,,1,30,,12571,8,,,1,70,,12561,8,,,1,30,,12572,8,,,1,70,,12562,8,,,1,30,,12573,8,,,1,70,,12574,8,,,1,29,,12575,8,,,1,70,,12576,8,,,1,30,,12577,8,,,1,100,,12578,8,,,1
8000,'CCFSUN',627,,12592,8,,,1,100,,12579,8,,,1,30,,12580,8,,,1,70,,12581,8,,,1,30,,12593,8,,,1,70,,12582,8,,,1,30,,12594,8,,,1,71,,12583,8,,,1,30,,12595,8,,,1,70,,12584,8,,,1,30,,12596,8,,,1,70,,12585,8,,,1,30,,12597,8,,,1,70,,12586,8,,,1,30,,12598,8,,,1,70,,12587,8,,,1,30,,12599,8,,,1,70,,12588,8,,,1,30,,12600,8,,,1,70,,12589,8,,,1,30,,12601,8,,,1,70,,12590,8,,,1,30,,12602,8,,,1,70,,12591,8,,,1,29,,12603,8,,,1,70,,12605,8,,,1,30,,12604,8,,,1,100,,12606,8,,,1
8001,'WKDY',622,,12607,30,,,1,30,,12608,30,,,1,71,,12609,30,,,1,31,,12610,30,,,1,70,,12611,30,,,1,30,,12612,30,,,1,69,,12613,30,,,1,30,,12614,30,,,1,70,,12615,30,,,1,31,,12616,30,,,1,70,,12617,30,,,1,30,,12618,30,,,1,70,,12619,30,,,1,30,,12620,30,,,1,70,,12621,30,,,1,31,,12622,30,,,1,70,,12623,30,,,1,30,,12624,30,,,1,74,,12625,30,,,1,73,,12626,30,,,1,27,,12627,30,,,1,29,,12628,30,,,1,69,,12629,30,,,1,27,,12630,30,,,1,69,,12631,30,,,1,30,,12632,30,,,1,69,,12633,30,,,1,29,,12634,30,,,1,70,,12635,30,,,1,30,,12636,30,,,1,69,,12637,30,,,1
8001,'SAT',721,,12651,30,,,1,100,,12638,30,,,1,30,,12639,30,,,1,70,,12640,30,,,1,30,,12652,30,,,1,70,,12641,30,,,1,31,,12653,30,,,1,70,,12642,30,,,1,30,,12654,30,,,1,70,,12643,30,,,1,31,,12655,30,,,1,70,,12644,30,,,1,30,,12656,30,,,1,70,,12645,30,,,1,30,,12657,30,,,1,70,,12646,30,,,1,30,,12658,30,,,1,70,,12647,30,,,1,30,,12659,30,,,1,70,,12648,30,,,1,29,,12660,30,,,1,70,,12649,30,,,1,30,,12661,30,,,1,70,,12650,30,,,1,30,,12662,30,,,1,69,,12665,30,,,1,31,,12663,30,,,1,100,,12664,30,,,1
8001,'SUN',721,,12679,30,,,1,100,,12666,30,,,1,30,,12667,30,,,1,70,,12668,30,,,1,30,,12680,30,,,1,70,,12669,30,,,1,31,,12681,30,,,1,70,,12670,30,,,1,30,,12682,30,,,1,70,,12671,30,,,1,31,,12683,30,,,1,70,,12672,30,,,1,30,,12684,30,,,1,70,,12673,30,,,1,30,,12685,30,,,1,70,,12674,30,,,1,30,,12686,30,,,1,70,,12675,30,,,1,30,,12687,30,,,1,70,,12676,30,,,1,29,,12688,30,,,1,70,,12677,30,,,1,30,,12689,30,,,1,70,,12678,30,,,1,30,,12690,30,,,1,69,,12693,30,,,1,31,,12691,30,,,1,99,,12692,30,,,1
8001,'CCFWK',622,,12694,30,,,1,30,,12695,30,,,1,71,,12696,30,,,1,31,,12697,30,,,1,70,,12698,30,,,1,30,,12699,30,,,1,69,,12700,30,,,1,30,,12701,30,,,1,70,,12702,30,,,1,31,,12703,30,,,1,70,,12704,30,,,1,30,,12705,30,,,1,70,,12706,30,,,1,30,,12707,30,,,1,70,,12708,30,,,1,31,,12709,30,,,1,70,,12710,30,,,1,30,,12711,30,,,1,74,,12712,30,,,1,73,,12713,30,,,1,27,,12714,30,,,1,29,,12715,30,,,1,69,,12716,30,,,1,27,,12717,30,,,1,69,,12718,30,,,1,30,,12719,30,,,1,69,,12720,30,,,1,29,,12721,30,,,1,70,,12722,30,,,1,30,,12723,30,,,1,69,,12724,30,,,1
8001,'CCFFF',622,,12725,30,,,1,30,,12726,30,,,1,71,,12727,30,,,1,31,,12728,30,,,1,70,,12729,30,,,1,30,,12730,30,,,1,69,,12731,30,,,1,30,,12732,30,,,1,70,,12733,30,,,1,31,,12734,30,,,1,70,,12735,30,,,1,30,,12736,30,,,1,70,,12737,30,,,1,30,,12738,30,,,1,70,,12739,30,,,1,31,,12740,30,,,1,70,,12741,30,,,1,30,,12742,30,,,1,74,,12743,30,,,1,73,,12744,30,,,1,27,,12745,30,,,1,29,,12746,30,,,1,69,,12747,30,,,1,27,,12748,30,,,1,69,,12749,30,,,1,30,,12750,30,,,1,69,,12751,30,,,1,29,,12752,30,,,1,70,,12753,30,,,1,30,,12754,30,,,1,69,,12755,30,,,1
8001,'CCFSAT',721,,12769,30,,,1,100,,12756,30,,,1,30,,12757,30,,,1,70,,12758,30,,,1,30,,12770,30,,,1,70,,12759,30,,,1,31,,12771,30,,,1,70,,12760,30,,,1,30,,12772,30,,,1,70,,12761,30,,,1,31,,12773,30,,,1,70,,12762,30,,,1,30,,12774,30,,,1,70,,12763,30,,,1,30,,12775,30,,,1,70,,12764,30,,,1,30,,12776,30,,,1,70,,12765,30,,,1,30,,12777,30,,,1,70,,12766,30,,,1,29,,12778,30,,,1,70,,12767,30,,,1,30,,12779,30,,,1,70,,12768,30,,,1,30,,12780,30,,,1,69,,12783,30,,,1,31,,12781,30,,,1,100,,12782,30,,,1
8001,'CCFSUN',721,,12797,30,,,1,100,,12784,30,,,1,30,,12785,30,,,1,70,,12786,30,,,1,30,,12798,30,,,1,70,,12787,30,,,1,31,,12799,30,,,1,70,,12788,30,,,1,30,,12800,30,,,1,70,,12789,30,,,1,31,,12801,30,,,1,70,,12790,30,,,1,30,,12802,30,,,1,70,,12791,30,,,1,30,,12803,30,,,1,70,,12792,30,,,1,30,,12804,30,,,1,70,,12793,30,,,1,30,,12805,30,,,1,70,,12794,30,,,1,29,,12806,30,,,1,70,,12795,30,,,1,30,,12807,30,,,1,70,,12796,30,,,1,30,,12808,30,,,1,70,,12811,30,,,1,30,,12809,30,,,1,99,,12810,30,,,1
