7201,'WKDY',525,,11531,7,,,1,91,,11532,7,,,1,30,,11533,7,,,1,70,,11534,7,,,1,34,,11535,7,,,1,69,,11536,7,,,1,29,,11537,7,,,1,70,,11538,7,,,1,30,,11555,7,,,1,70,,11539,7,,,1,31,,11556,7,,,1,70,,11540,7,,,1,30,,11557,7,,,1,70,,11541,7,,,1,30,,11558,7,,,1,70,,11542,7,,,1,31,,11559,7,,,1,70,,11543,7,,,1,31,,11560,7,,,1,70,,11544,7,,,1,32,,11545,7,,,1,70,,11546,7,,,1,28,,11547,7,,,1,70,,11548,7,,,1,30,,11549,7,,,1,67,,11550,7,,,1,29,,11551,7,,,1,70,,11552,7,,,1,99,,11553,7,,,1,110,,11554,7,,,1
7201,'SAT',746,,11561,7,,,1,100,,11562,7,,,1,101,,11563,7,,,1,100,,11564,7,,,1,101,,11565,7,,,1,101,,11566,7,,,1,101,,11567,7,,,1,100,,11568,7,,,1,100,,11569,7,,,1,100,,11570,7,,,1,98,,11571,7,,,1,100,,11572,7,,,1,99,,11573,7,,,1
7201,'SUN',746,,11574,7,,,1,100,,11575,7,,,1,101,,11576,7,,,1,100,,11577,7,,,1,101,,11578,7,,,1,101,,11579,7,,,1,101,,11580,7,,,1,100,,11581,7,,,1,100,,11582,7,,,1,100,,11583,7,,,1,98,,11584,7,,,1,100,,11585,7,,,1,99,,11586,7,,,1
7201,'CCFWK',525,,11587,7,,,1,91,,11588,7,,,1,30,,11589,7,,,1,70,,11590,7,,,1,34,,11591,7,,,1,69,,11592,7,,,1,29,,11593,7,,,1,70,,11594,7,,,1,30,,11611,7,,,1,70,,11595,7,,,1,31,,11612,7,,,1,70,,11596,7,,,1,30,,11613,7,,,1,70,,11597,7,,,1,30,,11614,7,,,1,70,,11598,7,,,1,31,,11615,7,,,1,70,,11599,7,,,1,31,,11616,7,,,1,70,,11600,7,,,1,32,,11601,7,,,1,70,,11602,7,,,1,28,,11603,7,,,1,70,,11604,7,,,1,30,,11605,7,,,1,67,,11606,7,,,1,29,,11607,7,,,1,70,,11608,7,,,1,99,,11609,7,,,1,110,,11610,7,,,1
7201,'CCFFF',525,,11617,7,,,1,91,,11618,7,,,1,30,,11619,7,,,1,70,,11620,7,,,1,34,,11621,7,,,1,69,,11622,7,,,1,29,,11623,7,,,1,70,,11624,7,,,1,30,,11641,7,,,1,70,,11625,7,,,1,31,,11642,7,,,1,70,,11626,7,,,1,30,,11643,7,,,1,70,,11627,7,,,1,30,,11644,7,,,1,70,,11628,7,,,1,31,,11645,7,,,1,70,,11629,7,,,1,31,,11646,7,,,1,70,,11630,7,,,1,32,,11631,7,,,1,70,,11632,7,,,1,28,,11633,7,,,1,70,,11634,7,,,1,30,,11635,7,,,1,67,,11636,7,,,1,29,,11637,7,,,1,70,,11638,7,,,1,99,,11639,7,,,1,110,,11640,7,,,1
7201,'CCFSAT',746,,11647,7,,,1,100,,11648,7,,,1,101,,11649,7,,,1,100,,11650,7,,,1,101,,11651,7,,,1,101,,11652,7,,,1,101,,11653,7,,,1,100,,11654,7,,,1,100,,11655,7,,,1,100,,11656,7,,,1,98,,11657,7,,,1,100,,11658,7,,,1,99,,11659,7,,,1
7201,'CCFSUN',746,,11660,7,,,1,100,,11661,7,,,1,101,,11662,7,,,1,100,,11663,7,,,1,101,,11664,7,,,1,101,,11665,7,,,1,101,,11666,7,,,1,100,,11667,7,,,1,100,,11668,7,,,1,100,,11669,7,,,1,98,,11670,7,,,1,100,,11671,7,,,1,99,,11672,7,,,1
7400,'WKDY',528,,11970,14,,,1,100,,11971,14,,,1,30,,11999,14,,,1,70,,11972,14,,,1,31,,12000,14,,,1,69,,11973,14,,,1,29,,11974,14,,,1,70,,11975,14,,,1,30,,11976,14,,,1,70,,11977,14,,,1,30,,11978,14,,,1,70,,11979,14,,,1,31,,11980,14,,,1,70,,11981,14,,,1,31,,11982,14,,,1,70,,11983,14,,,1,30,,11984,14,,,1,69,,11985,14,,,1,29,,11986,14,,,1,70,,11987,14,,,1,30,,11988,14,,,1,70,,11989,14,,,1,30,,11990,14,,,1,70,,11991,14,,,1,31,,11992,14,,,1,71,,11993,14,,,1,30,,11994,14,,,1,68,,11995,14,,,1,31,,11997,14,,,1,70,,12001,14,,,1,30,,11996,14,,,1,99,,11998,14,,,1
7400,'SAT',807,,12002,14,,,1,100,,12003,14,,,1,99,,12004,14,,,1,100,,12005,14,,,1,99,,12006,14,,,1,100,,12007,14,,,1,100,,12008,14,,,1,100,,12009,14,,,1,100,,12010,14,,,1,100,,12011,14,,,1,101,,12012,14,,,1,100,,12013,14,,,1,100,,12014,14,,,1,101,,12015,14,,,1
7400,'SUN',807,,12016,14,,,1,100,,12017,14,,,1,99,,12018,14,,,1,100,,12019,14,,,1,99,,12020,14,,,1,100,,12021,14,,,1,100,,12022,14,,,1,100,,12023,14,,,1,100,,12024,14,,,1,100,,12025,14,,,1,101,,12026,14,,,1,100,,12027,14,,,1,100,,12028,14,,,1,101,,12029,14,,,1
7400,'CCFWK',528,,12030,14,,,1,100,,12031,14,,,1,30,,12059,14,,,1,70,,12032,14,,,1,31,,12060,14,,,1,69,,12033,14,,,1,29,,12034,14,,,1,70,,12035,14,,,1,30,,12036,14,,,1,70,,12037,14,,,1,30,,12038,14,,,1,70,,12039,14,,,1,31,,12040,14,,,1,70,,12041,14,,,1,31,,12042,14,,,1,70,,12043,14,,,1,30,,12044,14,,,1,69,,12045,14,,,1,29,,12046,14,,,1,70,,12047,14,,,1,30,,12048,14,,,1,70,,12049,14,,,1,30,,12050,14,,,1,70,,12051,14,,,1,31,,12052,14,,,1,71,,12053,14,,,1,30,,12054,14,,,1,68,,12055,14,,,1,31,,12057,14,,,1,70,,12061,14,,,1,30,,12056,14,,,1,99,,12058,14,,,1
7400,'CCFFF',528,,12062,14,,,1,100,,12063,14,,,1,30,,12091,14,,,1,70,,12064,14,,,1,31,,12092,14,,,1,69,,12065,14,,,1,29,,12066,14,,,1,70,,12067,14,,,1,30,,12068,14,,,1,70,,12069,14,,,1,30,,12070,14,,,1,70,,12071,14,,,1,31,,12072,14,,,1,70,,12073,14,,,1,31,,12074,14,,,1,70,,12075,14,,,1,30,,12076,14,,,1,69,,12077,14,,,1,29,,12078,14,,,1,70,,12079,14,,,1,30,,12080,14,,,1,70,,12081,14,,,1,30,,12082,14,,,1,70,,12083,14,,,1,31,,12084,14,,,1,71,,12085,14,,,1,30,,12086,14,,,1,68,,12087,14,,,1,31,,12089,14,,,1,70,,12093,14,,,1,30,,12088,14,,,1,99,,12090,14,,,1
7400,'CCFSAT',807,,12094,14,,,1,100,,12095,14,,,1,99,,12096,14,,,1,100,,12097,14,,,1,99,,12098,14,,,1,100,,12099,14,,,1,100,,12100,14,,,1,100,,12101,14,,,1,100,,12102,14,,,1,100,,12103,14,,,1,101,,12104,14,,,1,100,,12105,14,,,1,100,,12106,14,,,1,101,,12107,14,,,1
7400,'CCFSUN',807,,12108,14,,,1,100,,12109,14,,,1,99,,12110,14,,,1,100,,12111,14,,,1,99,,12112,14,,,1,100,,12113,14,,,1,100,,12114,14,,,1,100,,12115,14,,,1,100,,12116,14,,,1,100,,12117,14,,,1,101,,12118,14,,,1,100,,12119,14,,,1,100,,12120,14,,,1,101,,12121,14,,,1
