1201,'WKDY',623,,5038,7,,,1,30,,5039,7,,,1,69,,5040,7,,,1,30,,5041,7,,,1,70,,5042,7,,,1,30,,5043,7,,,1,70,,5044,7,,,1,30,,5045,7,,,1,70,,5046,7,,,1,30,,5047,7,,,1,70,,5048,7,,,1,30,,5049,7,,,1,70,,5050,7,,,1,30,,5051,7,,,1,70,,5052,7,,,1,30,,5053,7,,,1,70,,5054,7,,,1,30,,5055,7,,,1,71,,5056,7,,,1,30,,5057,7,,,1,70,,5058,7,,,1,30,,5059,7,,,1,70,,5060,7,,,1,30,,5061,7,,,1,69,,5062,7,,,1,30,,5063,7,,,1,70,,5064,7,,,1,29,,5065,7,,,1,70,,5066,7,,,1,30,,5067,7,,,1,70,,5068,7,,,1,30,,5069,7,,,1
1201,'SAT',714,,5070,7,,,1,100,,5071,7,,,1,100,,5072,7,,,1,100,,5073,7,,,1,100,,5074,7,,,1,100,,5075,7,,,1,100,,5076,7,,,1,100,,5077,7,,,1,100,,5078,7,,,1,100,,5079,7,,,1,100,,5080,7,,,1,100,,5081,7,,,1,100,,5082,7,,,1,100,,5083,7,,,1,100,,5084,7,,,1,100,,5085,7,,,1
1201,'SUN',714,,5086,7,,,1,100,,5087,7,,,1,100,,5088,7,,,1,100,,5089,7,,,1,100,,5090,7,,,1,100,,5091,7,,,1,100,,5092,7,,,1,100,,5093,7,,,1,100,,5094,7,,,1,100,,5095,7,,,1,100,,5096,7,,,1,100,,5097,7,,,1,100,,5098,7,,,1,100,,5099,7,,,1,100,,5100,7,,,1,100,,5101,7,,,1
1201,'CCFWK',623,,5102,7,,,1,30,,5103,7,,,1,69,,5104,7,,,1,30,,5105,7,,,1,70,,5106,7,,,1,30,,5107,7,,,1,70,,5108,7,,,1,30,,5109,7,,,1,70,,5110,7,,,1,30,,5111,7,,,1,70,,5112,7,,,1,30,,5113,7,,,1,70,,5114,7,,,1,30,,5115,7,,,1,70,,5116,7,,,1,30,,5117,7,,,1,70,,5118,7,,,1,30,,5119,7,,,1,71,,5120,7,,,1,30,,5121,7,,,1,70,,5122,7,,,1,30,,5123,7,,,1,70,,5124,7,,,1,30,,5125,7,,,1,69,,5126,7,,,1,30,,5127,7,,,1,70,,5128,7,,,1,29,,5129,7,,,1,70,,5130,7,,,1,30,,5131,7,,,1,70,,5132,7,,,1,30,,5133,7,,,1
1201,'CCFFF',623,,5134,7,,,1,30,,5135,7,,,1,69,,5136,7,,,1,30,,5137,7,,,1,70,,5138,7,,,1,30,,5139,7,,,1,70,,5140,7,,,1,30,,5141,7,,,1,70,,5142,7,,,1,30,,5143,7,,,1,70,,5144,7,,,1,30,,5145,7,,,1,70,,5146,7,,,1,30,,5147,7,,,1,70,,5148,7,,,1,30,,5149,7,,,1,70,,5150,7,,,1,30,,5151,7,,,1,71,,5152,7,,,1,30,,5153,7,,,1,70,,5154,7,,,1,30,,5155,7,,,1,70,,5156,7,,,1,30,,5157,7,,,1,69,,5158,7,,,1,30,,5159,7,,,1,70,,5160,7,,,1,29,,5161,7,,,1,70,,5162,7,,,1,30,,5163,7,,,1,70,,5164,7,,,1,30,,5165,7,,,1
1201,'CCFSAT',714,,5166,7,,,1,100,,5167,7,,,1,100,,5168,7,,,1,100,,5169,7,,,1,100,,5170,7,,,1,100,,5171,7,,,1,100,,5172,7,,,1,100,,5173,7,,,1,100,,5174,7,,,1,100,,5175,7,,,1,100,,5176,7,,,1,100,,5177,7,,,1,100,,5178,7,,,1,100,,5179,7,,,1,100,,5180,7,,,1,100,,5181,7,,,1
1201,'CCFSUN',714,,5182,7,,,1,100,,5183,7,,,1,100,,5184,7,,,1,100,,5185,7,,,1,100,,5186,7,,,1,100,,5187,7,,,1,100,,5188,7,,,1,100,,5189,7,,,1,100,,5190,7,,,1,100,,5191,7,,,1,100,,5192,7,,,1,100,,5193,7,,,1,100,,5194,7,,,1,100,,5195,7,,,1,100,,5196,7,,,1,100,,5197,7,,,1
8000,'WKDY',605,,12607,8,,,1,30,,12608,8,,,1,70,,12609,8,,,1,30,,12610,8,,,1,70,,12611,8,,,1,30,,12612,8,,,1,70,,12613,8,,,1,30,,12614,8,,,1,70,,12615,8,,,1,30,,12616,8,,,1,70,,12617,8,,,1,30,,12618,8,,,1,70,,12619,8,,,1,30,,12620,8,,,1,70,,12621,8,,,1,30,,12622,8,,,1,70,,12623,8,,,1,30,,12624,8,,,1,70,,12625,8,,,1,33,,12626,8,,,1,67,,12627,8,,,1,29,,12628,8,,,1,70,,12629,8,,,1,30,,12630,8,,,1,71,,12631,8,,,1,30,,12632,8,,,1,70,,12633,8,,,1,30,,12634,8,,,1,70,,12635,8,,,1,30,,12636,8,,,1,69,,12637,8,,,1
8000,'SAT',705,,12651,8,,,1,100,,12638,8,,,1,30,,12639,8,,,1,70,,12640,8,,,1,29,,12652,8,,,1,70,,12641,8,,,1,31,,12653,8,,,1,70,,12642,8,,,1,30,,12654,8,,,1,70,,12643,8,,,1,30,,12655,8,,,1,70,,12644,8,,,1,30,,12656,8,,,1,70,,12645,8,,,1,30,,12657,8,,,1,70,,12646,8,,,1,30,,12658,8,,,1,70,,12647,8,,,1,30,,12659,8,,,1,70,,12648,8,,,1,30,,12660,8,,,1,70,,12649,8,,,1,30,,12661,8,,,1,70,,12650,8,,,1,30,,12662,8,,,1,70,,12665,8,,,1,30,,12663,8,,,1,100,,12664,8,,,1
8000,'SUN',705,,12679,8,,,1,100,,12666,8,,,1,30,,12667,8,,,1,70,,12668,8,,,1,29,,12680,8,,,1,70,,12669,8,,,1,31,,12681,8,,,1,70,,12670,8,,,1,30,,12682,8,,,1,70,,12671,8,,,1,30,,12683,8,,,1,70,,12672,8,,,1,30,,12684,8,,,1,70,,12673,8,,,1,30,,12685,8,,,1,70,,12674,8,,,1,30,,12686,8,,,1,70,,12675,8,,,1,30,,12687,8,,,1,70,,12676,8,,,1,30,,12688,8,,,1,70,,12677,8,,,1,30,,12689,8,,,1,70,,12678,8,,,1,30,,12690,8,,,1,70,,12693,8,,,1,30,,12691,8,,,1,100,,12692,8,,,1
8000,'CCFWK',605,,12694,8,,,1,30,,12695,8,,,1,70,,12696,8,,,1,30,,12697,8,,,1,70,,12698,8,,,1,30,,12699,8,,,1,70,,12700,8,,,1,30,,12701,8,,,1,70,,12702,8,,,1,30,,12703,8,,,1,70,,12704,8,,,1,30,,12705,8,,,1,70,,12706,8,,,1,30,,12707,8,,,1,70,,12708,8,,,1,30,,12709,8,,,1,70,,12710,8,,,1,30,,12711,8,,,1,70,,12712,8,,,1,33,,12713,8,,,1,67,,12714,8,,,1,29,,12715,8,,,1,70,,12716,8,,,1,30,,12717,8,,,1,71,,12718,8,,,1,30,,12719,8,,,1,70,,12720,8,,,1,30,,12721,8,,,1,70,,12722,8,,,1,30,,12723,8,,,1,69,,12724,8,,,1
8000,'CCFFF',605,,12725,8,,,1,30,,12726,8,,,1,70,,12727,8,,,1,30,,12728,8,,,1,70,,12729,8,,,1,30,,12730,8,,,1,70,,12731,8,,,1,30,,12732,8,,,1,70,,12733,8,,,1,30,,12734,8,,,1,70,,12735,8,,,1,30,,12736,8,,,1,70,,12737,8,,,1,30,,12738,8,,,1,70,,12739,8,,,1,30,,12740,8,,,1,70,,12741,8,,,1,30,,12742,8,,,1,70,,12743,8,,,1,33,,12744,8,,,1,67,,12745,8,,,1,29,,12746,8,,,1,70,,12747,8,,,1,30,,12748,8,,,1,71,,12749,8,,,1,30,,12750,8,,,1,70,,12751,8,,,1,30,,12752,8,,,1,70,,12753,8,,,1,30,,12754,8,,,1,69,,12755,8,,,1
8000,'CCFSAT',705,,12769,8,,,1,100,,12756,8,,,1,30,,12757,8,,,1,70,,12758,8,,,1,29,,12770,8,,,1,70,,12759,8,,,1,31,,12771,8,,,1,70,,12760,8,,,1,30,,12772,8,,,1,70,,12761,8,,,1,30,,12773,8,,,1,70,,12762,8,,,1,30,,12774,8,,,1,70,,12763,8,,,1,30,,12775,8,,,1,70,,12764,8,,,1,30,,12776,8,,,1,70,,12765,8,,,1,30,,12777,8,,,1,70,,12766,8,,,1,30,,12778,8,,,1,70,,12767,8,,,1,30,,12779,8,,,1,70,,12768,8,,,1,30,,12780,8,,,1,70,,12783,8,,,1,30,,12781,8,,,1,100,,12782,8,,,1
8000,'CCFSUN',705,,12797,8,,,1,100,,12784,8,,,1,30,,12785,8,,,1,70,,12786,8,,,1,29,,12798,8,,,1,70,,12787,8,,,1,31,,12799,8,,,1,70,,12788,8,,,1,30,,12800,8,,,1,70,,12789,8,,,1,30,,12801,8,,,1,70,,12790,8,,,1,30,,12802,8,,,1,70,,12791,8,,,1,30,,12803,8,,,1,70,,12792,8,,,1,30,,12804,8,,,1,70,,12793,8,,,1,30,,12805,8,,,1,70,,12794,8,,,1,30,,12806,8,,,1,70,,12795,8,,,1,30,,12807,8,,,1,70,,12796,8,,,1,30,,12808,8,,,1,70,,12811,8,,,1,30,,12809,8,,,1,100,,12810,8,,,1
