1200,'WKDY',548,,4878,21,,,1,70,,4879,21,,,1,31,,4880,21,,,1,70,,4881,21,,,1,30,,4882,21,,,1,70,,4883,21,,,1,30,,4884,21,,,1,70,,4885,21,,,1,30,,4886,21,,,1,70,,4887,21,,,1,30,,4888,21,,,1,70,,4889,21,,,1,32,,4890,21,,,1,70,,4891,21,,,1,30,,4892,21,,,1,70,,4893,21,,,1,30,,4894,21,,,1,70,,4895,21,,,1,31,,4896,21,,,1,70,,4897,21,,,1,30,,4898,21,,,1,70,,4899,21,,,1,30,,4900,21,,,1,70,,4901,21,,,1,30,,4902,21,,,1,70,,4903,21,,,1,29,,4904,21,,,1,70,,4905,21,,,1,30,,4906,21,,,1,68,,4907,21,,,1,28,,4908,21,,,1,70,,4909,21,,,1
1200,'SAT',638,,4910,21,,,1,100,,4911,21,,,1,100,,4912,21,,,1,102,,4913,21,,,1,100,,4914,21,,,1,101,,4915,21,,,1,100,,4916,21,,,1,100,,4917,21,,,1,100,,4918,21,,,1,100,,4919,21,,,1,100,,4920,21,,,1,99,,4921,21,,,1,100,,4922,21,,,1,98,,4923,21,,,1,100,,4924,21,,,1,100,,4925,21,,,1
1200,'SUN',638,,4926,21,,,1,100,,4927,21,,,1,100,,4928,21,,,1,102,,4929,21,,,1,100,,4930,21,,,1,101,,4931,21,,,1,100,,4932,21,,,1,100,,4933,21,,,1,100,,4934,21,,,1,100,,4935,21,,,1,100,,4936,21,,,1,99,,4937,21,,,1,100,,4938,21,,,1,98,,4939,21,,,1,100,,4940,21,,,1,100,,4941,21,,,1
1200,'CCFWK',548,,4942,21,,,1,70,,4943,21,,,1,31,,4944,21,,,1,70,,4945,21,,,1,30,,4946,21,,,1,70,,4947,21,,,1,30,,4948,21,,,1,70,,4949,21,,,1,30,,4950,21,,,1,70,,4951,21,,,1,30,,4952,21,,,1,70,,4953,21,,,1,32,,4954,21,,,1,70,,4955,21,,,1,30,,4956,21,,,1,70,,4957,21,,,1,30,,4958,21,,,1,70,,4959,21,,,1,31,,4960,21,,,1,70,,4961,21,,,1,30,,4962,21,,,1,70,,4963,21,,,1,30,,4964,21,,,1,70,,4965,21,,,1,30,,4966,21,,,1,70,,4967,21,,,1,29,,4968,21,,,1,70,,4969,21,,,1,30,,4970,21,,,1,68,,4971,21,,,1,28,,4972,21,,,1,70,,4973,21,,,1
1200,'CCFFF',548,,4974,21,,,1,70,,4975,21,,,1,31,,4976,21,,,1,70,,4977,21,,,1,30,,4978,21,,,1,70,,4979,21,,,1,30,,4980,21,,,1,70,,4981,21,,,1,30,,4982,21,,,1,70,,4983,21,,,1,30,,4984,21,,,1,70,,4985,21,,,1,32,,4986,21,,,1,70,,4987,21,,,1,30,,4988,21,,,1,70,,4989,21,,,1,30,,4990,21,,,1,70,,4991,21,,,1,31,,4992,21,,,1,70,,4993,21,,,1,30,,4994,21,,,1,70,,4995,21,,,1,30,,4996,21,,,1,70,,4997,21,,,1,30,,4998,21,,,1,70,,4999,21,,,1,29,,5000,21,,,1,70,,5001,21,,,1,30,,5002,21,,,1,68,,5003,21,,,1,28,,5004,21,,,1,70,,5005,21,,,1
1200,'CCFSAT',638,,5006,21,,,1,100,,5007,21,,,1,100,,5008,21,,,1,102,,5009,21,,,1,100,,5010,21,,,1,101,,5011,21,,,1,100,,5012,21,,,1,100,,5013,21,,,1,100,,5014,21,,,1,100,,5015,21,,,1,100,,5016,21,,,1,99,,5017,21,,,1,100,,5018,21,,,1,98,,5019,21,,,1,100,,5020,21,,,1,100,,5021,21,,,1
1200,'CCFSUN',638,,5022,21,,,1,100,,5023,21,,,1,100,,5024,21,,,1,102,,5025,21,,,1,100,,5026,21,,,1,101,,5027,21,,,1,100,,5028,21,,,1,100,,5029,21,,,1,100,,5030,21,,,1,100,,5031,21,,,1,100,,5032,21,,,1,99,,5033,21,,,1,100,,5034,21,,,1,98,,5035,21,,,1,100,,5036,21,,,1,100,,5037,21,,,1
8000,'WKDY',544,,12399,28,,,1,71,,12430,28,,,1,30,,12400,28,,,1,71,,12401,28,,,1,32,,12402,28,,,1,70,,12403,28,,,1,30,,12404,28,,,1,70,,12405,28,,,1,30,,12406,28,,,1,70,,12407,28,,,1,30,,12408,28,,,1,70,,12409,28,,,1,30,,12410,28,,,1,70,,12411,28,,,1,30,,12412,28,,,1,70,,12413,28,,,1,31,,12414,28,,,1,70,,12415,28,,,1,30,,12416,28,,,1,72,,12417,28,,,1,30,,12418,28,,,1,70,,12419,28,,,1,30,,12420,28,,,1,64,,12421,28,,,1,30,,12422,28,,,1,70,,12423,28,,,1,30,,12424,28,,,1,70,,12425,28,,,1,30,,12426,28,,,1,70,,12427,28,,,1,29,,12428,28,,,1,70,,12429,28,,,1
8000,'SAT',645,,12443,28,,,1,100,,12431,28,,,1,70,,12432,28,,,1,30,,12433,28,,,1,70,,12444,28,,,1,30,,12434,28,,,1,70,,12445,28,,,1,31,,12435,28,,,1,70,,12446,28,,,1,30,,12436,28,,,1,71,,12447,28,,,1,30,,12437,28,,,1,70,,12448,28,,,1,30,,12438,28,,,1,70,,12449,28,,,1,30,,12439,28,,,1,70,,12450,28,,,1,30,,12440,28,,,1,70,,12451,28,,,1,30,,12441,28,,,1,70,,12452,28,,,1,30,,12442,28,,,1,70,,12453,28,,,1,29,,12454,28,,,1,69,,12455,28,,,1,30,,12456,28,,,1,70,,12457,28,,,1,100,,12458,28,,,1
8000,'SUN',645,,12472,28,,,1,100,,12459,28,,,1,70,,12460,28,,,1,30,,12461,28,,,1,70,,12473,28,,,1,30,,12462,28,,,1,70,,12474,28,,,1,31,,12463,28,,,1,70,,12475,28,,,1,30,,12464,28,,,1,71,,12476,28,,,1,30,,12465,28,,,1,70,,12477,28,,,1,30,,12466,28,,,1,70,,12478,28,,,1,30,,12467,28,,,1,70,,12479,28,,,1,30,,12468,28,,,1,70,,12480,28,,,1,30,,12469,28,,,1,70,,12481,28,,,1,30,,12470,28,,,1,70,,12482,28,,,1,29,,12471,28,,,1,69,,12483,28,,,1,30,,12485,28,,,1,70,,12484,28,,,1,100,,12486,28,,,1
8000,'CCFWK',544,,12487,28,,,1,71,,12518,28,,,1,30,,12488,28,,,1,71,,12489,28,,,1,32,,12490,28,,,1,70,,12491,28,,,1,30,,12492,28,,,1,70,,12493,28,,,1,30,,12494,28,,,1,70,,12495,28,,,1,30,,12496,28,,,1,70,,12497,28,,,1,30,,12498,28,,,1,70,,12499,28,,,1,30,,12500,28,,,1,70,,12501,28,,,1,31,,12502,28,,,1,70,,12503,28,,,1,30,,12504,28,,,1,72,,12505,28,,,1,30,,12506,28,,,1,70,,12507,28,,,1,30,,12508,28,,,1,64,,12509,28,,,1,30,,12510,28,,,1,70,,12511,28,,,1,30,,12512,28,,,1,70,,12513,28,,,1,30,,12514,28,,,1,70,,12515,28,,,1,29,,12516,28,,,1,70,,12517,28,,,1
8000,'CCFFF',544,,12519,28,,,1,71,,12550,28,,,1,30,,12520,28,,,1,71,,12521,28,,,1,32,,12522,28,,,1,70,,12523,28,,,1,30,,12524,28,,,1,70,,12525,28,,,1,30,,12526,28,,,1,70,,12527,28,,,1,30,,12528,28,,,1,70,,12529,28,,,1,30,,12530,28,,,1,70,,12531,28,,,1,30,,12532,28,,,1,70,,12533,28,,,1,31,,12534,28,,,1,70,,12535,28,,,1,30,,12536,28,,,1,72,,12537,28,,,1,30,,12538,28,,,1,70,,12539,28,,,1,30,,12540,28,,,1,64,,12541,28,,,1,30,,12542,28,,,1,70,,12543,28,,,1,30,,12544,28,,,1,70,,12545,28,,,1,30,,12546,28,,,1,70,,12547,28,,,1,29,,12548,28,,,1,70,,12549,28,,,1
8000,'CCFSAT',645,,12563,28,,,1,100,,12551,28,,,1,70,,12552,28,,,1,30,,12553,28,,,1,70,,12564,28,,,1,30,,12554,28,,,1,70,,12565,28,,,1,31,,12555,28,,,1,70,,12566,28,,,1,30,,12556,28,,,1,71,,12567,28,,,1,30,,12557,28,,,1,70,,12568,28,,,1,30,,12558,28,,,1,70,,12569,28,,,1,30,,12559,28,,,1,70,,12570,28,,,1,30,,12560,28,,,1,70,,12571,28,,,1,30,,12561,28,,,1,70,,12572,28,,,1,30,,12562,28,,,1,70,,12573,28,,,1,29,,12574,28,,,1,69,,12575,28,,,1,30,,12576,28,,,1,70,,12577,28,,,1,100,,12578,28,,,1
8000,'CCFSUN',645,,12592,28,,,1,100,,12579,28,,,1,70,,12580,28,,,1,30,,12581,28,,,1,70,,12593,28,,,1,30,,12582,28,,,1,70,,12594,28,,,1,31,,12583,28,,,1,70,,12595,28,,,1,30,,12584,28,,,1,71,,12596,28,,,1,30,,12585,28,,,1,70,,12597,28,,,1,30,,12586,28,,,1,70,,12598,28,,,1,30,,12587,28,,,1,70,,12599,28,,,1,30,,12588,28,,,1,70,,12600,28,,,1,30,,12589,28,,,1,70,,12601,28,,,1,30,,12590,28,,,1,70,,12602,28,,,1,29,,12591,28,,,1,69,,12603,28,,,1,30,,12605,28,,,1,70,,12604,28,,,1,100,,12606,28,,,1
