1200,'WKDY',546,,4878,19,,,1,70,,4879,19,,,1,31,,4880,19,,,1,70,,4881,19,,,1,30,,4882,19,,,1,70,,4883,19,,,1,30,,4884,19,,,1,70,,4885,19,,,1,30,,4886,19,,,1,70,,4887,19,,,1,30,,4888,19,,,1,70,,4889,19,,,1,32,,4890,19,,,1,70,,4891,19,,,1,30,,4892,19,,,1,70,,4893,19,,,1,30,,4894,19,,,1,70,,4895,19,,,1,31,,4896,19,,,1,70,,4897,19,,,1,30,,4898,19,,,1,70,,4899,19,,,1,30,,4900,19,,,1,70,,4901,19,,,1,30,,4902,19,,,1,70,,4903,19,,,1,29,,4904,19,,,1,70,,4905,19,,,1,30,,4906,19,,,1,68,,4907,19,,,1,28,,4908,19,,,1,70,,4909,19,,,1
1200,'SAT',636,,4910,19,,,1,100,,4911,19,,,1,100,,4912,19,,,1,101,,4913,19,,,1,100,,4914,19,,,1,101,,4915,19,,,1,100,,4916,19,,,1,100,,4917,19,,,1,100,,4918,19,,,1,100,,4919,19,,,1,100,,4920,19,,,1,99,,4921,19,,,1,100,,4922,19,,,1,99,,4923,19,,,1,100,,4924,19,,,1,100,,4925,19,,,1
1200,'SUN',636,,4926,19,,,1,100,,4927,19,,,1,100,,4928,19,,,1,101,,4929,19,,,1,100,,4930,19,,,1,101,,4931,19,,,1,100,,4932,19,,,1,100,,4933,19,,,1,100,,4934,19,,,1,100,,4935,19,,,1,100,,4936,19,,,1,99,,4937,19,,,1,100,,4938,19,,,1,99,,4939,19,,,1,100,,4940,19,,,1,100,,4941,19,,,1
1200,'CCFWK',546,,4942,19,,,1,70,,4943,19,,,1,31,,4944,19,,,1,70,,4945,19,,,1,30,,4946,19,,,1,70,,4947,19,,,1,30,,4948,19,,,1,70,,4949,19,,,1,30,,4950,19,,,1,70,,4951,19,,,1,30,,4952,19,,,1,70,,4953,19,,,1,32,,4954,19,,,1,70,,4955,19,,,1,30,,4956,19,,,1,70,,4957,19,,,1,30,,4958,19,,,1,70,,4959,19,,,1,31,,4960,19,,,1,70,,4961,19,,,1,30,,4962,19,,,1,70,,4963,19,,,1,30,,4964,19,,,1,70,,4965,19,,,1,30,,4966,19,,,1,70,,4967,19,,,1,29,,4968,19,,,1,70,,4969,19,,,1,30,,4970,19,,,1,68,,4971,19,,,1,28,,4972,19,,,1,70,,4973,19,,,1
1200,'CCFFF',546,,4974,19,,,1,70,,4975,19,,,1,31,,4976,19,,,1,70,,4977,19,,,1,30,,4978,19,,,1,70,,4979,19,,,1,30,,4980,19,,,1,70,,4981,19,,,1,30,,4982,19,,,1,70,,4983,19,,,1,30,,4984,19,,,1,70,,4985,19,,,1,32,,4986,19,,,1,70,,4987,19,,,1,30,,4988,19,,,1,70,,4989,19,,,1,30,,4990,19,,,1,70,,4991,19,,,1,31,,4992,19,,,1,70,,4993,19,,,1,30,,4994,19,,,1,70,,4995,19,,,1,30,,4996,19,,,1,70,,4997,19,,,1,30,,4998,19,,,1,70,,4999,19,,,1,29,,5000,19,,,1,70,,5001,19,,,1,30,,5002,19,,,1,68,,5003,19,,,1,28,,5004,19,,,1,70,,5005,19,,,1
1200,'CCFSAT',636,,5006,19,,,1,100,,5007,19,,,1,100,,5008,19,,,1,101,,5009,19,,,1,100,,5010,19,,,1,101,,5011,19,,,1,100,,5012,19,,,1,100,,5013,19,,,1,100,,5014,19,,,1,100,,5015,19,,,1,100,,5016,19,,,1,99,,5017,19,,,1,100,,5018,19,,,1,99,,5019,19,,,1,100,,5020,19,,,1,100,,5021,19,,,1
1200,'CCFSUN',636,,5022,19,,,1,100,,5023,19,,,1,100,,5024,19,,,1,101,,5025,19,,,1,100,,5026,19,,,1,101,,5027,19,,,1,100,,5028,19,,,1,100,,5029,19,,,1,100,,5030,19,,,1,100,,5031,19,,,1,100,,5032,19,,,1,99,,5033,19,,,1,100,,5034,19,,,1,99,,5035,19,,,1,100,,5036,19,,,1,100,,5037,19,,,1
8001,'WKDY',541,,12399,26,,,1,71,,12430,26,,,1,30,,12400,26,,,1,71,,12401,26,,,1,32,,12402,26,,,1,70,,12403,26,,,1,30,,12404,26,,,1,70,,12405,26,,,1,30,,12406,26,,,1,70,,12407,26,,,1,30,,12408,26,,,1,70,,12409,26,,,1,30,,12410,26,,,1,70,,12411,26,,,1,30,,12412,26,,,1,70,,12413,26,,,1,31,,12414,26,,,1,70,,12415,26,,,1,30,,12416,26,,,1,72,,12417,26,,,1,30,,12418,26,,,1,70,,12419,26,,,1,30,,12420,26,,,1,64,,12421,26,,,1,30,,12422,26,,,1,70,,12423,26,,,1,30,,12424,26,,,1,70,,12425,26,,,1,30,,12426,26,,,1,70,,12427,26,,,1,29,,12428,26,,,1,70,,12429,26,,,1
8001,'SAT',642,,12443,26,,,1,100,,12431,26,,,1,70,,12432,26,,,1,30,,12433,26,,,1,70,,12444,26,,,1,30,,12434,26,,,1,70,,12445,26,,,1,31,,12435,26,,,1,70,,12446,26,,,1,30,,12436,26,,,1,71,,12447,26,,,1,30,,12437,26,,,1,70,,12448,26,,,1,30,,12438,26,,,1,70,,12449,26,,,1,30,,12439,26,,,1,70,,12450,26,,,1,30,,12440,26,,,1,70,,12451,26,,,1,30,,12441,26,,,1,70,,12452,26,,,1,30,,12442,26,,,1,70,,12453,26,,,1,29,,12454,26,,,1,69,,12455,26,,,1,30,,12456,26,,,1,70,,12457,26,,,1,100,,12458,26,,,1
8001,'SUN',642,,12472,26,,,1,100,,12459,26,,,1,70,,12460,26,,,1,30,,12461,26,,,1,70,,12473,26,,,1,30,,12462,26,,,1,70,,12474,26,,,1,31,,12463,26,,,1,70,,12475,26,,,1,30,,12464,26,,,1,71,,12476,26,,,1,30,,12465,26,,,1,70,,12477,26,,,1,30,,12466,26,,,1,70,,12478,26,,,1,30,,12467,26,,,1,70,,12479,26,,,1,30,,12468,26,,,1,70,,12480,26,,,1,30,,12469,26,,,1,70,,12481,26,,,1,30,,12470,26,,,1,70,,12482,26,,,1,29,,12471,26,,,1,69,,12483,26,,,1,30,,12485,26,,,1,70,,12484,26,,,1,100,,12486,26,,,1
8001,'CCFWK',541,,12487,26,,,1,71,,12518,26,,,1,30,,12488,26,,,1,71,,12489,26,,,1,32,,12490,26,,,1,70,,12491,26,,,1,30,,12492,26,,,1,70,,12493,26,,,1,30,,12494,26,,,1,70,,12495,26,,,1,30,,12496,26,,,1,70,,12497,26,,,1,30,,12498,26,,,1,70,,12499,26,,,1,30,,12500,26,,,1,70,,12501,26,,,1,31,,12502,26,,,1,70,,12503,26,,,1,30,,12504,26,,,1,72,,12505,26,,,1,30,,12506,26,,,1,70,,12507,26,,,1,30,,12508,26,,,1,64,,12509,26,,,1,30,,12510,26,,,1,70,,12511,26,,,1,30,,12512,26,,,1,70,,12513,26,,,1,30,,12514,26,,,1,70,,12515,26,,,1,29,,12516,26,,,1,70,,12517,26,,,1
8001,'CCFFF',541,,12519,26,,,1,71,,12550,26,,,1,30,,12520,26,,,1,71,,12521,26,,,1,32,,12522,26,,,1,70,,12523,26,,,1,30,,12524,26,,,1,70,,12525,26,,,1,30,,12526,26,,,1,70,,12527,26,,,1,30,,12528,26,,,1,70,,12529,26,,,1,30,,12530,26,,,1,70,,12531,26,,,1,30,,12532,26,,,1,70,,12533,26,,,1,31,,12534,26,,,1,70,,12535,26,,,1,30,,12536,26,,,1,72,,12537,26,,,1,30,,12538,26,,,1,70,,12539,26,,,1,30,,12540,26,,,1,64,,12541,26,,,1,30,,12542,26,,,1,70,,12543,26,,,1,30,,12544,26,,,1,70,,12545,26,,,1,30,,12546,26,,,1,70,,12547,26,,,1,29,,12548,26,,,1,70,,12549,26,,,1
8001,'CCFSAT',642,,12563,26,,,1,100,,12551,26,,,1,70,,12552,26,,,1,30,,12553,26,,,1,70,,12564,26,,,1,30,,12554,26,,,1,70,,12565,26,,,1,31,,12555,26,,,1,70,,12566,26,,,1,30,,12556,26,,,1,71,,12567,26,,,1,30,,12557,26,,,1,70,,12568,26,,,1,30,,12558,26,,,1,70,,12569,26,,,1,30,,12559,26,,,1,70,,12570,26,,,1,30,,12560,26,,,1,70,,12571,26,,,1,30,,12561,26,,,1,70,,12572,26,,,1,30,,12562,26,,,1,70,,12573,26,,,1,29,,12574,26,,,1,69,,12575,26,,,1,30,,12576,26,,,1,70,,12577,26,,,1,100,,12578,26,,,1
8001,'CCFSUN',642,,12592,26,,,1,100,,12579,26,,,1,70,,12580,26,,,1,30,,12581,26,,,1,70,,12593,26,,,1,30,,12582,26,,,1,70,,12594,26,,,1,31,,12583,26,,,1,70,,12595,26,,,1,30,,12584,26,,,1,71,,12596,26,,,1,30,,12585,26,,,1,70,,12597,26,,,1,30,,12586,26,,,1,70,,12598,26,,,1,30,,12587,26,,,1,70,,12599,26,,,1,30,,12588,26,,,1,70,,12600,26,,,1,30,,12589,26,,,1,70,,12601,26,,,1,30,,12590,26,,,1,70,,12602,26,,,1,29,,12591,26,,,1,69,,12603,26,,,1,30,,12605,26,,,1,70,,12604,26,,,1,100,,12606,26,,,1
