3400,'WKDY',532,,6713,1,,,1,85,,6682,1,,,1,30,,6683,1,,,1,70,,6684,1,,,1,30,,6685,1,,,1,71,,6686,1,,,1,31,,6687,1,,,1,70,,6688,1,,,1,30,,6689,1,,,1,70,,6690,1,,,1,30,,6691,1,,,1,70,,6692,1,,,1,30,,6693,1,,,1,70,,6694,1,,,1,30,,6695,1,,,1,71,,6696,1,,,1,31,,6697,1,,,1,70,,6698,1,,,1,32,,6699,1,,,1,70,,6700,1,,,1,31,,6701,1,,,1,70,,6702,1,,,1,30,,6703,1,,,1,69,,6704,1,,,1,29,,6705,1,,,1,70,,6706,1,,,1,30,,6707,1,,,1,68,,6708,1,,,1,30,,6709,1,,,1,66,,6710,1,,,1,30,,6711,1,,,1,70,,6712,1,,,1,30,,6714,1,,,1,70,,6715,1,,,1,30,,6716,1,,,1,70,,6717,1,,,1,30,,6718,1,,,1
3400,'SAT',705,,6751,1,,,1,30,,6752,1,,,1,70,,6719,1,,,1,30,,6720,1,,,1,70,,6721,1,,,1,30,,6722,1,,,1,70,,6723,1,,,1,30,,6724,1,,,1,70,,6725,1,,,1,30,,6726,1,,,1,70,,6727,1,,,1,30,,6728,1,,,1,70,,6729,1,,,1,30,,6730,1,,,1,70,,6731,1,,,1,30,,6732,1,,,1,70,,6733,1,,,1,30,,6734,1,,,1,70,,6735,1,,,1,30,,6736,1,,,1,70,,6737,1,,,1,30,,6738,1,,,1,70,,6739,1,,,1,30,,6740,1,,,1,70,,6741,1,,,1,30,,6742,1,,,1,70,,6743,1,,,1,30,,6744,1,,,1,70,,6745,1,,,1,30,,6746,1,,,1,70,,6747,1,,,1,30,,6748,1,,,1,70,,6749,1,,,1,30,,6750,1,,,1
3400,'SUN',705,,6785,1,,,1,30,,6786,1,,,1,70,,6753,1,,,1,30,,6754,1,,,1,70,,6755,1,,,1,30,,6756,1,,,1,70,,6757,1,,,1,30,,6758,1,,,1,70,,6759,1,,,1,30,,6760,1,,,1,70,,6761,1,,,1,30,,6762,1,,,1,70,,6763,1,,,1,30,,6764,1,,,1,70,,6765,1,,,1,30,,6766,1,,,1,70,,6767,1,,,1,30,,6768,1,,,1,70,,6769,1,,,1,30,,6770,1,,,1,70,,6771,1,,,1,30,,6772,1,,,1,70,,6773,1,,,1,30,,6774,1,,,1,70,,6775,1,,,1,30,,6776,1,,,1,70,,6777,1,,,1,30,,6778,1,,,1,70,,6779,1,,,1,30,,6780,1,,,1,70,,6781,1,,,1,30,,6782,1,,,1,70,,6783,1,,,1,30,,6784,1,,,1
3400,'CCFWK',532,,6818,1,,,1,85,,6787,1,,,1,30,,6788,1,,,1,70,,6789,1,,,1,30,,6790,1,,,1,71,,6791,1,,,1,31,,6792,1,,,1,70,,6793,1,,,1,30,,6794,1,,,1,70,,6795,1,,,1,30,,6796,1,,,1,70,,6797,1,,,1,30,,6798,1,,,1,70,,6799,1,,,1,30,,6800,1,,,1,71,,6801,1,,,1,31,,6802,1,,,1,70,,6803,1,,,1,32,,6804,1,,,1,70,,6805,1,,,1,31,,6806,1,,,1,70,,6807,1,,,1,30,,6808,1,,,1,69,,6809,1,,,1,29,,6810,1,,,1,70,,6811,1,,,1,30,,6812,1,,,1,68,,6813,1,,,1,30,,6814,1,,,1,66,,6815,1,,,1,30,,6816,1,,,1,70,,6817,1,,,1,30,,6819,1,,,1,70,,6820,1,,,1,30,,6821,1,,,1,70,,6822,1,,,1,30,,6823,1,,,1
3400,'CCFFF',532,,6855,1,,,1,85,,6824,1,,,1,30,,6825,1,,,1,70,,6826,1,,,1,30,,6827,1,,,1,71,,6828,1,,,1,31,,6829,1,,,1,70,,6830,1,,,1,30,,6831,1,,,1,70,,6832,1,,,1,30,,6833,1,,,1,70,,6834,1,,,1,30,,6835,1,,,1,70,,6836,1,,,1,30,,6837,1,,,1,71,,6838,1,,,1,31,,6839,1,,,1,70,,6840,1,,,1,32,,6841,1,,,1,70,,6842,1,,,1,31,,6843,1,,,1,70,,6844,1,,,1,30,,6845,1,,,1,69,,6846,1,,,1,29,,6847,1,,,1,70,,6848,1,,,1,30,,6849,1,,,1,68,,6850,1,,,1,30,,6851,1,,,1,66,,6852,1,,,1,30,,6853,1,,,1,70,,6854,1,,,1,30,,6856,1,,,1,70,,6857,1,,,1,30,,6858,1,,,1,70,,6859,1,,,1,30,,6860,1,,,1
3400,'CCFSAT',705,,6893,1,,,1,30,,6894,1,,,1,70,,6861,1,,,1,30,,6862,1,,,1,70,,6863,1,,,1,30,,6864,1,,,1,70,,6865,1,,,1,30,,6866,1,,,1,70,,6867,1,,,1,30,,6868,1,,,1,70,,6869,1,,,1,30,,6870,1,,,1,70,,6871,1,,,1,30,,6872,1,,,1,70,,6873,1,,,1,30,,6874,1,,,1,70,,6875,1,,,1,30,,6876,1,,,1,70,,6877,1,,,1,30,,6878,1,,,1,70,,6879,1,,,1,30,,6880,1,,,1,70,,6881,1,,,1,30,,6882,1,,,1,70,,6883,1,,,1,30,,6884,1,,,1,70,,6885,1,,,1,30,,6886,1,,,1,70,,6887,1,,,1,30,,6888,1,,,1,70,,6889,1,,,1,30,,6890,1,,,1,70,,6891,1,,,1,30,,6892,1,,,1
3400,'CCFSUN',705,,6927,1,,,1,30,,6928,1,,,1,70,,6895,1,,,1,30,,6896,1,,,1,70,,6897,1,,,1,30,,6898,1,,,1,70,,6899,1,,,1,30,,6900,1,,,1,70,,6901,1,,,1,30,,6902,1,,,1,70,,6903,1,,,1,30,,6904,1,,,1,70,,6905,1,,,1,30,,6906,1,,,1,70,,6907,1,,,1,30,,6908,1,,,1,70,,6909,1,,,1,30,,6910,1,,,1,70,,6911,1,,,1,30,,6912,1,,,1,70,,6913,1,,,1,30,,6914,1,,,1,70,,6915,1,,,1,30,,6916,1,,,1,70,,6917,1,,,1,30,,6918,1,,,1,70,,6919,1,,,1,30,,6920,1,,,1,70,,6921,1,,,1,30,,6922,1,,,1,70,,6923,1,,,1,30,,6924,1,,,1,70,,6925,1,,,1,30,,6926,1,,,1
3401,'WKDY',2026,,6959,10,4,,1,100,,6961,10,4,,1,32,,6962,10,4,,1,70,,6963,10,4,,1,30,,6964,10,4,,1,70,,6965,10,4,,1,30,,6966,10,4,,1
3401,'SAT',734,,6967,10,4,,1,100,,6969,10,4,,1,101,,6971,10,4,,1,100,,6973,10,4,,1,100,,6975,10,4,,1,100,,6977,10,4,,1,100,,6979,10,4,,1,100,,6981,10,4,,1,100,,6983,10,4,,1,100,,6985,10,4,,1,100,,6987,10,4,,1,100,,6989,10,4,,1,100,,6991,10,4,,1,100,,6993,10,4,,1,100,,6995,10,4,,1,71,,6996,10,4,,1,30,,6997,10,4,,1,68,,6998,10,4,,1,30,,6999,10,4,,1,25,,7000,10,4,,1
3401,'SUN',734,,7001,10,4,,1,101,,7003,10,4,,1,100,,7005,10,4,,1,100,,7007,10,4,,1,100,,7009,10,4,,1,100,,7011,10,4,,1,100,,7013,10,4,,1,100,,7015,10,4,,1,100,,7017,10,4,,1,100,,7019,10,4,,1,100,,7021,10,4,,1,100,,7023,10,4,,1,100,,7025,10,4,,1,100,,7027,10,4,,1,100,,7029,10,4,,1,71,,7030,10,4,,1,28,,7031,10,4,,1,70,,7032,10,4,,1,30,,7033,10,4,,1,25,,7034,10,4,,1
3401,'CCFWK',2026,,7065,10,4,,1,100,,7067,10,4,,1,32,,7068,10,4,,1,70,,7069,10,4,,1,30,,7070,10,4,,1,70,,7071,10,4,,1,30,,7072,10,4,,1
3401,'CCFFF',2026,,7103,10,4,,1,100,,7105,10,4,,1,32,,7106,10,4,,1,70,,7107,10,4,,1,30,,7108,10,4,,1,70,,7109,10,4,,1,30,,7110,10,4,,1
3401,'CCFSAT',734,,7111,10,4,,1,100,,7113,10,4,,1,101,,7115,10,4,,1,100,,7117,10,4,,1,100,,7119,10,4,,1,100,,7121,10,4,,1,100,,7123,10,4,,1,100,,7125,10,4,,1,100,,7127,10,4,,1,100,,7129,10,4,,1,100,,7131,10,4,,1,100,,7133,10,4,,1,100,,7135,10,4,,1,100,,7137,10,4,,1,100,,7139,10,4,,1,71,,7140,10,4,,1,30,,7141,10,4,,1,68,,7142,10,4,,1,30,,7143,10,4,,1,25,,7144,10,4,,1
3401,'CCFSUN',734,,7145,10,4,,1,101,,7147,10,4,,1,100,,7149,10,4,,1,100,,7151,10,4,,1,100,,7153,10,4,,1,100,,7155,10,4,,1,100,,7157,10,4,,1,100,,7159,10,4,,1,100,,7161,10,4,,1,100,,7163,10,4,,1,100,,7165,10,4,,1,100,,7167,10,4,,1,100,,7169,10,4,,1,100,,7171,10,4,,1,100,,7173,10,4,,1,71,,7174,10,4,,1,28,,7175,10,4,,1,70,,7176,10,4,,1,30,,7177,10,4,,1,25,,7178,10,4,,1
9201,'WKDY',615,,12965,28,4,,1,30,,12966,28,4,,1,70,,12967,28,4,,1,30,,12968,28,4,,1,71,,12969,28,4,,1,31,,12970,28,4,,1,70,,12971,28,4,,1,30,,12972,28,4,,1,70,,12973,28,4,,1,30,,12974,28,4,,1,70,,12975,28,4,,1,30,,12976,28,4,,1,70,,12977,28,4,,1,30,,12978,28,4,,1,71,,12979,28,4,,1,31,,12980,28,4,,1,70,,12981,28,4,,1,32,,12982,28,4,,1,70,,12983,28,4,,1,31,,12984,28,4,,1,70,,12985,28,4,,1,30,,12986,28,4,,1,69,,12987,28,4,,1,29,,12988,28,4,,1,70,,12989,28,4,,1,30,,12990,28,4,,1,68,,12991,28,4,,1,30,,12992,28,4,,1,66,,12993,28,4,,1,100,,12994,28,4,,1,100,,12995,28,4,,1
9201,'SAT',800,,12996,28,4,,1,100,,12997,28,4,,1,100,,12998,28,4,,1,101,,12999,28,4,,1,102,,13000,28,4,,1,100,,13001,28,4,,1,100,,13002,28,4,,1,99,,13003,28,4,,1,100,,13004,28,4,,1,100,,13005,28,4,,1,99,,13006,28,4,,1,58,,13007,28,4,,1,100,,13008,28,4,,1,100,,13009,28,4,,1,100,,13010,28,4,,1
9201,'SUN',800,,13011,28,4,,1,100,,13012,28,4,,1,100,,13013,28,4,,1,101,,13014,28,4,,1,102,,13015,28,4,,1,100,,13016,28,4,,1,100,,13017,28,4,,1,99,,13018,28,4,,1,100,,13019,28,4,,1,100,,13020,28,4,,1,99,,13021,28,4,,1,58,,13022,28,4,,1,100,,13023,28,4,,1,100,,13024,28,4,,1,100,,13025,28,4,,1
9201,'CCFWK',615,,13026,28,4,,1,30,,13027,28,4,,1,70,,13028,28,4,,1,30,,13029,28,4,,1,71,,13030,28,4,,1,31,,13031,28,4,,1,70,,13032,28,4,,1,30,,13033,28,4,,1,70,,13034,28,4,,1,30,,13035,28,4,,1,70,,13036,28,4,,1,30,,13037,28,4,,1,70,,13038,28,4,,1,30,,13039,28,4,,1,71,,13040,28,4,,1,31,,13041,28,4,,1,70,,13042,28,4,,1,32,,13043,28,4,,1,70,,13044,28,4,,1,31,,13045,28,4,,1,70,,13046,28,4,,1,30,,13047,28,4,,1,69,,13048,28,4,,1,29,,13049,28,4,,1,70,,13050,28,4,,1,30,,13051,28,4,,1,68,,13052,28,4,,1,30,,13053,28,4,,1,66,,13054,28,4,,1,100,,13055,28,4,,1,100,,13056,28,4,,1
9201,'CCFFF',615,,13057,28,4,,1,30,,13058,28,4,,1,70,,13059,28,4,,1,30,,13060,28,4,,1,71,,13061,28,4,,1,31,,13062,28,4,,1,70,,13063,28,4,,1,30,,13064,28,4,,1,70,,13065,28,4,,1,30,,13066,28,4,,1,70,,13067,28,4,,1,30,,13068,28,4,,1,70,,13069,28,4,,1,30,,13070,28,4,,1,71,,13071,28,4,,1,31,,13072,28,4,,1,70,,13073,28,4,,1,32,,13074,28,4,,1,70,,13075,28,4,,1,31,,13076,28,4,,1,70,,13077,28,4,,1,30,,13078,28,4,,1,69,,13079,28,4,,1,29,,13080,28,4,,1,70,,13081,28,4,,1,30,,13082,28,4,,1,68,,13083,28,4,,1,30,,13084,28,4,,1,66,,13085,28,4,,1,100,,13086,28,4,,1,100,,13087,28,4,,1
9201,'CCFSAT',800,,13088,28,4,,1,100,,13089,28,4,,1,100,,13090,28,4,,1,101,,13091,28,4,,1,102,,13092,28,4,,1,100,,13093,28,4,,1,100,,13094,28,4,,1,99,,13095,28,4,,1,100,,13096,28,4,,1,100,,13097,28,4,,1,99,,13098,28,4,,1,58,,13099,28,4,,1,100,,13100,28,4,,1,100,,13101,28,4,,1,100,,13102,28,4,,1
9201,'CCFSUN',800,,13103,28,4,,1,100,,13104,28,4,,1,100,,13105,28,4,,1,101,,13106,28,4,,1,102,,13107,28,4,,1,100,,13108,28,4,,1,100,,13109,28,4,,1,99,,13110,28,4,,1,100,,13111,28,4,,1,100,,13112,28,4,,1,99,,13113,28,4,,1,58,,13114,28,4,,1,100,,13115,28,4,,1,100,,13116,28,4,,1,100,,13117,28,4,,1
