1200,'WKDY',529,,4878,6,,,1,30,,4879,6,,,1,70,,4880,6,,,1,30,,4881,6,,,1,70,,4882,6,,,1,30,,4883,6,,,1,70,,4884,6,,,1,30,,4885,6,,,1,70,,4886,6,,,1,30,,4887,6,,,1,70,,4888,6,,,1,30,,4889,6,,,1,70,,4890,6,,,1,30,,4891,6,,,1,70,,4892,6,,,1,30,,4893,6,,,1,70,,4894,6,,,1,30,,4895,6,,,1,70,,4896,6,,,1,30,,4897,6,,,1,70,,4898,6,,,1,30,,4899,6,,,1,70,,4900,6,,,1,30,,4901,6,,,1,70,,4902,6,,,1,30,,4903,6,,,1,70,,4904,6,,,1,30,,4905,6,,,1,70,,4906,6,,,1,30,,4907,6,,,1,69,,4908,6,,,1,30,,4909,6,,,1
1200,'SAT',621,,4910,6,,,1,100,,4911,6,,,1,100,,4912,6,,,1,100,,4913,6,,,1,100,,4914,6,,,1,100,,4915,6,,,1,100,,4916,6,,,1,100,,4917,6,,,1,100,,4918,6,,,1,100,,4919,6,,,1,100,,4920,6,,,1,100,,4921,6,,,1,100,,4922,6,,,1,100,,4923,6,,,1,100,,4924,6,,,1,100,,4925,6,,,1
1200,'SUN',621,,4926,6,,,1,100,,4927,6,,,1,100,,4928,6,,,1,100,,4929,6,,,1,100,,4930,6,,,1,100,,4931,6,,,1,100,,4932,6,,,1,100,,4933,6,,,1,100,,4934,6,,,1,100,,4935,6,,,1,100,,4936,6,,,1,100,,4937,6,,,1,100,,4938,6,,,1,100,,4939,6,,,1,100,,4940,6,,,1,100,,4941,6,,,1
1200,'CCFWK',529,,4942,6,,,1,30,,4943,6,,,1,70,,4944,6,,,1,30,,4945,6,,,1,70,,4946,6,,,1,30,,4947,6,,,1,70,,4948,6,,,1,30,,4949,6,,,1,70,,4950,6,,,1,30,,4951,6,,,1,70,,4952,6,,,1,30,,4953,6,,,1,70,,4954,6,,,1,30,,4955,6,,,1,70,,4956,6,,,1,30,,4957,6,,,1,70,,4958,6,,,1,30,,4959,6,,,1,70,,4960,6,,,1,30,,4961,6,,,1,70,,4962,6,,,1,30,,4963,6,,,1,70,,4964,6,,,1,30,,4965,6,,,1,70,,4966,6,,,1,30,,4967,6,,,1,70,,4968,6,,,1,30,,4969,6,,,1,70,,4970,6,,,1,30,,4971,6,,,1,69,,4972,6,,,1,30,,4973,6,,,1
1200,'CCFFF',529,,4974,6,,,1,30,,4975,6,,,1,70,,4976,6,,,1,30,,4977,6,,,1,70,,4978,6,,,1,30,,4979,6,,,1,70,,4980,6,,,1,30,,4981,6,,,1,70,,4982,6,,,1,30,,4983,6,,,1,70,,4984,6,,,1,30,,4985,6,,,1,70,,4986,6,,,1,30,,4987,6,,,1,70,,4988,6,,,1,30,,4989,6,,,1,70,,4990,6,,,1,30,,4991,6,,,1,70,,4992,6,,,1,30,,4993,6,,,1,70,,4994,6,,,1,30,,4995,6,,,1,70,,4996,6,,,1,30,,4997,6,,,1,70,,4998,6,,,1,30,,4999,6,,,1,70,,5000,6,,,1,30,,5001,6,,,1,70,,5002,6,,,1,30,,5003,6,,,1,69,,5004,6,,,1,30,,5005,6,,,1
1200,'CCFSAT',621,,5006,6,,,1,100,,5007,6,,,1,100,,5008,6,,,1,100,,5009,6,,,1,100,,5010,6,,,1,100,,5011,6,,,1,100,,5012,6,,,1,100,,5013,6,,,1,100,,5014,6,,,1,100,,5015,6,,,1,100,,5016,6,,,1,100,,5017,6,,,1,100,,5018,6,,,1,100,,5019,6,,,1,100,,5020,6,,,1,100,,5021,6,,,1
1200,'CCFSUN',621,,5022,6,,,1,100,,5023,6,,,1,100,,5024,6,,,1,100,,5025,6,,,1,100,,5026,6,,,1,100,,5027,6,,,1,100,,5028,6,,,1,100,,5029,6,,,1,100,,5030,6,,,1,100,,5031,6,,,1,100,,5032,6,,,1,100,,5033,6,,,1,100,,5034,6,,,1,100,,5035,6,,,1,100,,5036,6,,,1,100,,5037,6,,,1
8001,'WKDY',528,,12399,9,,,1,30,,12430,9,,,1,70,,12400,9,,,1,30,,12401,9,,,1,71,,12402,9,,,1,30,,12403,9,,,1,70,,12404,9,,,1,30,,12405,9,,,1,70,,12406,9,,,1,30,,12407,9,,,1,70,,12408,9,,,1,30,,12409,9,,,1,70,,12410,9,,,1,30,,12411,9,,,1,70,,12412,9,,,1,30,,12413,9,,,1,70,,12414,9,,,1,30,,12415,9,,,1,70,,12416,9,,,1,30,,12417,9,,,1,70,,12418,9,,,1,71,,12419,9,,,1,30,,12420,9,,,1,26,,12421,9,,,1,70,,12422,9,,,1,30,,12423,9,,,1,70,,12424,9,,,1,32,,12425,9,,,1,70,,12426,9,,,1,30,,12427,9,,,1,70,,12428,9,,,1,30,,12429,9,,,1
8001,'SAT',628,,12443,9,,,1,100,,12431,9,,,1,30,,12432,9,,,1,70,,12433,9,,,1,30,,12444,9,,,1,70,,12434,9,,,1,30,,12445,9,,,1,71,,12435,9,,,1,30,,12446,9,,,1,70,,12436,9,,,1,30,,12447,9,,,1,70,,12437,9,,,1,30,,12448,9,,,1,70,,12438,9,,,1,30,,12449,9,,,1,70,,12439,9,,,1,30,,12450,9,,,1,70,,12440,9,,,1,30,,12451,9,,,1,70,,12441,9,,,1,30,,12452,9,,,1,70,,12442,9,,,1,30,,12453,9,,,1,70,,12454,9,,,1,29,,12455,9,,,1,70,,12456,9,,,1,30,,12457,9,,,1,100,,12458,9,,,1
8001,'SUN',628,,12472,9,,,1,100,,12459,9,,,1,30,,12460,9,,,1,70,,12461,9,,,1,30,,12473,9,,,1,70,,12462,9,,,1,30,,12474,9,,,1,71,,12463,9,,,1,30,,12475,9,,,1,70,,12464,9,,,1,30,,12476,9,,,1,70,,12465,9,,,1,30,,12477,9,,,1,70,,12466,9,,,1,30,,12478,9,,,1,70,,12467,9,,,1,30,,12479,9,,,1,70,,12468,9,,,1,30,,12480,9,,,1,70,,12469,9,,,1,30,,12481,9,,,1,70,,12470,9,,,1,30,,12482,9,,,1,70,,12471,9,,,1,29,,12483,9,,,1,70,,12485,9,,,1,30,,12484,9,,,1,100,,12486,9,,,1
8001,'CCFWK',528,,12487,9,,,1,30,,12518,9,,,1,70,,12488,9,,,1,30,,12489,9,,,1,71,,12490,9,,,1,30,,12491,9,,,1,70,,12492,9,,,1,30,,12493,9,,,1,70,,12494,9,,,1,30,,12495,9,,,1,70,,12496,9,,,1,30,,12497,9,,,1,70,,12498,9,,,1,30,,12499,9,,,1,70,,12500,9,,,1,30,,12501,9,,,1,70,,12502,9,,,1,30,,12503,9,,,1,70,,12504,9,,,1,30,,12505,9,,,1,70,,12506,9,,,1,71,,12507,9,,,1,30,,12508,9,,,1,26,,12509,9,,,1,70,,12510,9,,,1,30,,12511,9,,,1,70,,12512,9,,,1,32,,12513,9,,,1,70,,12514,9,,,1,30,,12515,9,,,1,70,,12516,9,,,1,30,,12517,9,,,1
8001,'CCFFF',528,,12519,9,,,1,30,,12550,9,,,1,70,,12520,9,,,1,30,,12521,9,,,1,71,,12522,9,,,1,30,,12523,9,,,1,70,,12524,9,,,1,30,,12525,9,,,1,70,,12526,9,,,1,30,,12527,9,,,1,70,,12528,9,,,1,30,,12529,9,,,1,70,,12530,9,,,1,30,,12531,9,,,1,70,,12532,9,,,1,30,,12533,9,,,1,70,,12534,9,,,1,30,,12535,9,,,1,70,,12536,9,,,1,30,,12537,9,,,1,70,,12538,9,,,1,71,,12539,9,,,1,30,,12540,9,,,1,26,,12541,9,,,1,70,,12542,9,,,1,30,,12543,9,,,1,70,,12544,9,,,1,32,,12545,9,,,1,70,,12546,9,,,1,30,,12547,9,,,1,70,,12548,9,,,1,30,,12549,9,,,1
8001,'CCFSAT',628,,12563,9,,,1,100,,12551,9,,,1,30,,12552,9,,,1,70,,12553,9,,,1,30,,12564,9,,,1,70,,12554,9,,,1,30,,12565,9,,,1,71,,12555,9,,,1,30,,12566,9,,,1,70,,12556,9,,,1,30,,12567,9,,,1,70,,12557,9,,,1,30,,12568,9,,,1,70,,12558,9,,,1,30,,12569,9,,,1,70,,12559,9,,,1,30,,12570,9,,,1,70,,12560,9,,,1,30,,12571,9,,,1,70,,12561,9,,,1,30,,12572,9,,,1,70,,12562,9,,,1,30,,12573,9,,,1,70,,12574,9,,,1,29,,12575,9,,,1,70,,12576,9,,,1,30,,12577,9,,,1,100,,12578,9,,,1
8001,'CCFSUN',628,,12592,9,,,1,100,,12579,9,,,1,30,,12580,9,,,1,70,,12581,9,,,1,30,,12593,9,,,1,70,,12582,9,,,1,30,,12594,9,,,1,71,,12583,9,,,1,30,,12595,9,,,1,70,,12584,9,,,1,30,,12596,9,,,1,70,,12585,9,,,1,30,,12597,9,,,1,70,,12586,9,,,1,30,,12598,9,,,1,70,,12587,9,,,1,30,,12599,9,,,1,70,,12588,9,,,1,30,,12600,9,,,1,70,,12589,9,,,1,30,,12601,9,,,1,70,,12590,9,,,1,30,,12602,9,,,1,70,,12591,9,,,1,29,,12603,9,,,1,70,,12605,9,,,1,30,,12604,9,,,1,100,,12606,9,,,1
