98300,'CCFWK',1225,,13494,1,,,1,85,,13495,1,,,1,45,,13496,1,,,1,85,,13497,1,,,1,85,,13498,1,,,1,85,,13499,1,,,1,45,,13500,1,,,1,85,,13501,1,,,1,85,,13502,1,,,1,85,,13503,1,,,1,45,,13504,1,,,1,85,,13505,1,,,1,85,,13506,1,,,1,85,,13507,1,,,1,90,,13508,1,,,1
98300,'CCFFF',1015,,13509,1,,,1,30,,13510,1,,,1,70,,13511,1,,,1,110,,13512,1,,,1,85,,13513,1,,,1,45,,13514,1,,,1,85,,13515,1,,,1,85,,13516,1,,,1,85,,13517,1,,,1,45,,13518,1,,,1,85,,13519,1,,,1,85,,13520,1,,,1,85,,13521,1,,,1,45,,13522,1,,,1,85,,13523,1,,,1,85,,13524,1,,,1,85,,13525,1,,,1,90,,13526,1,,,1
98300,'CCFSAT',1225,,13527,1,,,1,85,,13528,1,,,1,45,,13529,1,,,1,85,,13530,1,,,1,85,,13531,1,,,1,85,,13532,1,,,1,45,,13533,1,,,1,85,,13534,1,,,1,85,,13535,1,,,1,85,,13536,1,,,1,45,,13537,1,,,1,85,,13538,1,,,1,85,,13539,1,,,1,85,,13540,1,,,1,90,,13541,1,,,1
98300,'CCFSUN',1225,,13542,1,,,1,85,,13543,1,,,1,45,,13544,1,,,1,85,,13545,1,,,1,85,,13546,1,,,1,85,,13547,1,,,1,45,,13548,1,,,1,85,,13549,1,,,1,85,,13550,1,,,1,85,,13551,1,,,1,45,,13552,1,,,1,85,,13553,1,,,1,85,,13554,1,,,1,85,,13555,1,,,1,90,,13556,1,,,1
98301,'CCFWK',1215,,13429,2,4,,1,85,,13430,2,4,,1,45,,13431,2,4,,1,85,,13432,2,4,,1,85,,13433,2,4,,1,85,,13434,2,4,,1,45,,13435,2,4,,1,85,,13436,2,4,,1,85,,13437,2,4,,1,85,,13438,2,4,,1,45,,13439,2,4,,1,85,,13440,2,4,,1,85,,13441,2,4,,1,85,,13442,2,4,,1,45,,13443,2,4,,1
98301,'CCFFF',1015,,13463,2,4,,1,15,,13444,2,4,,1,15,,13445,2,4,,1,70,,13446,2,4,,1,30,,13447,2,4,,1,70,,13448,2,4,,1,85,,13449,2,4,,1,45,,13450,2,4,,1,85,,13451,2,4,,1,85,,13452,2,4,,1,85,,13453,2,4,,1,45,,13454,2,4,,1,85,,13455,2,4,,1,85,,13456,2,4,,1,85,,13457,2,4,,1,45,,13458,2,4,,1,85,,13459,2,4,,1,85,,13460,2,4,,1,85,,13461,2,4,,1,45,,13462,2,4,,1
98301,'CCFSAT',1215,,13464,2,4,,1,85,,13465,2,4,,1,45,,13466,2,4,,1,85,,13467,2,4,,1,85,,13468,2,4,,1,85,,13469,2,4,,1,45,,13470,2,4,,1,85,,13471,2,4,,1,85,,13472,2,4,,1,85,,13473,2,4,,1,45,,13474,2,4,,1,85,,13475,2,4,,1,85,,13476,2,4,,1,85,,13477,2,4,,1,45,,13478,2,4,,1
98301,'CCFSUN',1215,,13479,2,4,,1,85,,13480,2,4,,1,45,,13481,2,4,,1,85,,13482,2,4,,1,85,,13483,2,4,,1,85,,13484,2,4,,1,45,,13485,2,4,,1,85,,13486,2,4,,1,85,,13487,2,4,,1,85,,13488,2,4,,1,45,,13489,2,4,,1,85,,13490,2,4,,1,85,,13491,2,4,,1,85,,13492,2,4,,1,45,,13493,2,4,,1
98500,'CCFWK',1230,,13557,1,,,1,70,,13558,1,,,1,30,,13559,1,,,1,70,,13560,1,,,1,30,,13561,1,,,1,100,,13562,1,,,1,100,,13563,1,,,1,100,,13564,1,,,1,100,,13565,1,,,1,100,,13566,1,,,1,100,,13567,1,,,1,100,,13568,1,,,1,170,,13569,1,,,1
98500,'CCFFF',955,,13583,1,,,1,50,,13584,1,,,1,10,,13585,1,,,1,10,,13592,1,,,1,20,,13586,1,,,1,10,,13587,1,,,1,50,,13591,1,,,1,10,,13588,1,,,1,30,,13589,1,,,1,70,,13590,1,,,1,15,,13570,1,,,1,70,,13571,1,,,1,30,,13572,1,,,1,70,,13573,1,,,1,30,,13574,1,,,1,100,,13575,1,,,1,100,,13576,1,,,1,100,,13577,1,,,1,100,,13578,1,,,1,100,,13579,1,,,1,100,,13580,1,,,1,100,,13581,1,,,1,170,,13582,1,,,1
98500,'CCFSAT',1230,,13593,1,,,1,70,,13594,1,,,1,30,,13595,1,,,1,70,,13596,1,,,1,30,,13597,1,,,1,100,,13598,1,,,1,100,,13599,1,,,1,100,,13600,1,,,1,100,,13601,1,,,1,100,,13602,1,,,1,100,,13603,1,,,1,100,,13604,1,,,1,170,,13605,1,,,1
98500,'CCFSUN',1230,,13606,1,,,1,70,,13607,1,,,1,30,,13608,1,,,1,70,,13609,1,,,1,30,,13610,1,,,1,100,,13611,1,,,1,100,,13612,1,,,1,100,,13613,1,,,1,100,,13614,1,,,1,100,,13615,1,,,1,100,,13616,1,,,1,100,,13617,1,,,1,170,,13618,1,,,1
98501,'CCFWK',1225,,13619,2,4,,1,30,,13620,2,4,,1,70,,13621,2,4,,1,30,,13622,2,4,,1,70,,13623,2,4,,1,30,,13624,2,4,,1,70,,13625,2,4,,1,100,,13626,2,4,,1,100,,13627,2,4,,1,100,,13628,2,4,,1,100,,13629,2,4,,1,100,,13630,2,4,,1,100,,13631,2,4,,1,100,,13632,2,4,,1
98501,'CCFFF',952,,13647,2,4,,1,50,,13648,2,4,,1,10,,13655,2,4,,1,30,,13649,2,4,,1,10,,13650,2,4,,1,50,,13654,2,4,,1,10,,13651,2,4,,1,30,,13652,2,4,,1,70,,13653,2,4,,1,13,,13633,2,4,,1,30,,13634,2,4,,1,70,,13635,2,4,,1,30,,13636,2,4,,1,70,,13637,2,4,,1,30,,13638,2,4,,1,70,,13639,2,4,,1,100,,13640,2,4,,1,100,,13641,2,4,,1,100,,13642,2,4,,1,100,,13643,2,4,,1,100,,13644,2,4,,1,100,,13645,2,4,,1,100,,13646,2,4,,1
98501,'CCFSAT',1225,,13656,2,4,,1,30,,13657,2,4,,1,70,,13658,2,4,,1,30,,13659,2,4,,1,70,,13660,2,4,,1,30,,13661,2,4,,1,70,,13662,2,4,,1,100,,13663,2,4,,1,100,,13664,2,4,,1,100,,13665,2,4,,1,100,,13666,2,4,,1,100,,13667,2,4,,1,100,,13668,2,4,,1,100,,13669,2,4,,1
98501,'CCFSUN',1225,,13670,2,4,,1,30,,13671,2,4,,1,70,,13672,2,4,,1,30,,13673,2,4,,1,70,,13674,2,4,,1,30,,13675,2,4,,1,70,,13676,2,4,,1,100,,13677,2,4,,1,100,,13678,2,4,,1,100,,13679,2,4,,1,100,,13680,2,4,,1,100,,13681,2,4,,1,100,,13682,2,4,,1,100,,13683,2,4,,1
98700,'CCFWK',1300,,13684,1,,,1,115,,13685,1,,,1,115,,13686,1,,,1,115,,13687,1,,,1,155,,13688,1,,,1,115,,13689,1,,,1,115,,13690,1,,,1,115,,13691,1,,,1,155,,13692,1,,,1
98700,'CCFFF',1015,,13693,1,,,1,15,,13694,1,,,1,100,,13695,1,,,1,20,,13696,1,,,1,150,,13697,1,,,1,115,,13698,1,,,1,115,,13699,1,,,1,115,,13700,1,,,1,155,,13701,1,,,1,115,,13702,1,,,1,115,,13703,1,,,1,115,,13704,1,,,1,155,,13705,1,,,1
98700,'CCFSAT',1300,,13706,1,,,1,115,,13707,1,,,1,115,,13708,1,,,1,115,,13709,1,,,1,155,,13710,1,,,1,115,,13711,1,,,1,115,,13712,1,,,1,115,,13713,1,,,1,155,,13714,1,,,1
98700,'CCFSUN',1300,,13715,1,,,1,115,,13716,1,,,1,115,,13717,1,,,1,115,,13718,1,,,1,155,,13719,1,,,1,115,,13720,1,,,1,115,,13721,1,,,1,115,,13722,1,,,1,155,,13723,1,,,1
98701,'CCFWK',1247,,13724,3,4,,1,155,,13725,3,4,,1,115,,13726,3,4,,1,115,,13727,3,4,,1,115,,13728,3,4,,1,155,,13729,3,4,,1,115,,13730,3,4,,1,115,,13731,3,4,,1,115,,13732,3,4,,1
98701,'CCFFF',955,,13748,2,4,,1,45,,13734,3,4,,1,15,,13735,3,4,,1,100,,13736,3,4,,1,15,,13737,3,4,,1,100,,13738,3,4,,1,15,,13739,3,4,,1,155,,13740,3,4,,1,115,,13741,3,4,,1,115,,13742,3,4,,1,115,,13743,3,4,,1,155,,13744,3,4,,1,115,,13745,3,4,,1,115,,13746,3,4,,1,115,,13747,3,4,,1
98701,'CCFSAT',1247,,13751,3,4,,1,155,,13752,3,4,,1,115,,13753,3,4,,1,115,,13754,3,4,,1,115,,13755,3,4,,1,155,,13756,3,4,,1,115,,13757,3,4,,1,115,,13758,3,4,,1,115,,13759,3,4,,1
98701,'CCFSUN',1247,,13761,3,4,,1,155,,13762,3,4,,1,115,,13763,3,4,,1,115,,13764,3,4,,1,115,,13765,3,4,,1,155,,13766,3,4,,1,115,,13767,3,4,,1,115,,13768,3,4,,1,115,,13769,3,4,,1
98800,'CCFWK',1220,,13810,3,4,,1,100,,13811,2,4,,1,100,,13812,2,4,,1,200,,13813,3,4,,1,100,,13814,2,4,,1,100,,13815,2,4,,1,200,,13816,3,4,,1,100,,13817,2,4,,1,100,,13818,2,4,,1
98800,'CCFFF',950,,13819,3,4,,1,85,,13820,2,4,,1,85,,13821,2,4,,1,100,,13822,3,4,,1,100,,13824,2,4,,1,100,,13825,2,4,,1,200,,13826,3,4,,1,100,,13827,2,4,,1,100,,13828,2,4,,1,200,,13829,3,4,,1,100,,13830,2,4,,1,100,,13831,2,4,,1
98800,'CCFSAT',1220,,13832,3,4,,1,100,,13833,2,4,,1,100,,13834,2,4,,1,200,,13835,3,4,,1,100,,13836,2,4,,1,100,,13837,2,4,,1,200,,13838,3,4,,1,100,,13839,2,4,,1,100,,13840,2,4,,1
98800,'CCFSUN',1220,,13841,3,4,,1,100,,13842,2,4,,1,100,,13843,2,4,,1,200,,13844,3,4,,1,100,,13845,2,4,,1,100,,13846,2,4,,1,200,,13847,3,4,,1,100,,13848,2,4,,1,100,,13849,2,4,,1
98801,'CCFWK',1235,,13771,1,0,22 23 24 25,1,100,,13772,1,0,22 23 24 25,1,100,,13773,1,,,1,200,,13774,1,0,22 23 24 25,1,100,,13775,1,0,22 23 24 25,1,100,,13776,1,,,1,200,,13777,1,0,22 23 24 25,1,100,,13778,1,0,22 23 24 25,1,165,,13779,1,,,1
98801,'CCFFF',950,,13780,1,0,22 23 24 25,1,85,,13781,1,0,22 23 24 25,1,85,,13782,1,,,1,115,,13783,1,0,22 23 24 25,1,100,,13784,1,0,22 23 24 25,1,100,,13785,1,,,1,200,,13786,1,0,22 23 24 25,1,100,,13787,1,0,22 23 24 25,1,100,,13788,1,,,1,200,,13789,1,0,22 23 24 25,1,100,,13790,1,0,22 23 24 25,1,165,,13791,1,,,1
98801,'CCFSAT',1235,,13792,1,0,22 23 24 25,1,100,,13793,1,0,22 23 24 25,1,100,,13794,1,,,1,200,,13795,1,0,22 23 24 25,1,100,,13796,1,0,22 23 24 25,1,100,,13797,1,,,1,200,,13798,1,0,22 23 24 25,1,100,,13799,1,0,22 23 24 25,1,165,,13800,1,,,1
98801,'CCFSUN',1235,,13801,1,0,22 23 24 25,1,100,,13802,1,0,22 23 24 25,1,100,,13803,1,,,1,200,,13804,1,0,22 23 24 25,1,100,,13805,1,0,22 23 24 25,1,100,,13806,1,,,1,200,,13807,1,0,22 23 24 25,1,100,,13808,1,0,22 23 24 25,1,165,,13809,1,,,1
98900,'CCFWK',1225,,13896,3,4,,1,100,,13897,3,4,,1,100,,13898,3,4,,1,100,,13899,3,4,,1,100,,13900,3,4,,1,100,,13901,3,4,,1,100,,13902,3,4,,1,100,,13903,3,4,,1,100,,13904,3,4,,1,100,,13905,3,4,,1,100,,13906,3,4,,1
98900,'CCFFF',950,,13907,2,4,,1,5,,13921,2,4,,1,100,,13908,3,4,,1,100,,13909,3,4,,1,70,,13910,3,4,,1,100,,13911,3,4,,1,100,,13912,3,4,,1,100,,13913,3,4,,1,100,,13914,3,4,,1,100,,13915,3,4,,1,100,,13916,3,4,,1,100,,13917,3,4,,1,100,,13918,3,4,,1,100,,13919,3,4,,1,100,,13920,3,4,,1
98900,'CCFSAT',1225,,13922,3,4,,1,100,,13923,3,4,,1,100,,13924,3,4,,1,100,,13925,3,4,,1,100,,13926,3,4,,1,100,,13927,3,4,,1,100,,13928,3,4,,1,100,,13929,3,4,,1,100,,13930,3,4,,1,100,,13931,3,4,,1,100,,13932,3,4,,1
98900,'CCFSUN',1225,,13933,3,4,,1,100,,13934,3,4,,1,100,,13935,3,4,,1,100,,13936,3,4,,1,100,,13937,3,4,,1,100,,13938,3,4,,1,100,,13939,3,4,,1,100,,13940,3,4,,1,100,,13941,3,4,,1,100,,13942,3,4,,1,100,,13943,3,4,,1
98901,'CCFWK',1230,,13850,1,,,1,100,,13851,1,,,1,100,,13852,1,,,1,100,,13853,1,,,1,100,,13854,1,,,1,100,,13855,1,,,1,100,,13856,1,,,1,100,,13857,1,,,1,100,,13858,1,,,1,100,,13859,1,,,1,170,,13860,1,,,1
98901,'CCFFF',1000,,13861,1,,,1,100,,13862,1,,,1,130,,13863,1,,,1,100,,13864,1,,,1,100,,13865,1,,,1,100,,13866,1,,,1,100,,13867,1,,,1,100,,13868,1,,,1,100,,13869,1,,,1,100,,13870,1,,,1,100,,13871,1,,,1,100,,13872,1,,,1,170,,13873,1,,,1
98901,'CCFSAT',1230,,13874,1,,,1,100,,13875,1,,,1,100,,13876,1,,,1,100,,13877,1,,,1,100,,13878,1,,,1,100,,13879,1,,,1,100,,13880,1,,,1,100,,13881,1,,,1,100,,13882,1,,,1,100,,13883,1,,,1,170,,13884,1,,,1
98901,'CCFSUN',1230,,13885,1,,,1,100,,13886,1,,,1,100,,13887,1,,,1,100,,13888,1,,,1,100,,13889,1,,,1,100,,13890,1,,,1,100,,13891,1,,,1,100,,13892,1,,,1,100,,13893,1,,,1,100,,13894,1,,,1,170,,13895,1,,,1
