7200,'WKDY',524,,11531,6,,,1,91,,11532,6,,,1,30,,11533,6,,,1,70,,11534,6,,,1,34,,11535,6,,,1,69,,11536,6,,,1,29,,11537,6,,,1,70,,11538,6,,,1,30,,11555,6,,,1,70,,11539,6,,,1,31,,11556,6,,,1,70,,11540,6,,,1,30,,11557,6,,,1,70,,11541,6,,,1,30,,11558,6,,,1,70,,11542,6,,,1,31,,11559,6,,,1,70,,11543,6,,,1,30,,11560,6,,,1,70,,11544,6,,,1,32,,11545,6,,,1,70,,11546,6,,,1,29,,11547,6,,,1,70,,11548,6,,,1,30,,11549,6,,,1,67,,11550,6,,,1,29,,11551,6,,,1,70,,11552,6,,,1,99,,11553,6,,,1,110,,11554,6,,,1
7200,'SAT',745,,11561,6,,,1,100,,11562,6,,,1,101,,11563,6,,,1,100,,11564,6,,,1,101,,11565,6,,,1,101,,11566,6,,,1,101,,11567,6,,,1,100,,11568,6,,,1,100,,11569,6,,,1,100,,11570,6,,,1,98,,11571,6,,,1,100,,11572,6,,,1,99,,11573,6,,,1
7200,'SUN',745,,11574,6,,,1,100,,11575,6,,,1,101,,11576,6,,,1,100,,11577,6,,,1,101,,11578,6,,,1,101,,11579,6,,,1,101,,11580,6,,,1,100,,11581,6,,,1,100,,11582,6,,,1,100,,11583,6,,,1,98,,11584,6,,,1,100,,11585,6,,,1,99,,11586,6,,,1
7200,'CCFWK',524,,11587,6,,,1,91,,11588,6,,,1,30,,11589,6,,,1,70,,11590,6,,,1,34,,11591,6,,,1,69,,11592,6,,,1,29,,11593,6,,,1,70,,11594,6,,,1,30,,11611,6,,,1,70,,11595,6,,,1,31,,11612,6,,,1,70,,11596,6,,,1,30,,11613,6,,,1,70,,11597,6,,,1,30,,11614,6,,,1,70,,11598,6,,,1,31,,11615,6,,,1,70,,11599,6,,,1,30,,11616,6,,,1,70,,11600,6,,,1,32,,11601,6,,,1,70,,11602,6,,,1,29,,11603,6,,,1,70,,11604,6,,,1,30,,11605,6,,,1,67,,11606,6,,,1,29,,11607,6,,,1,70,,11608,6,,,1,99,,11609,6,,,1,110,,11610,6,,,1
7200,'CCFFF',524,,11617,6,,,1,91,,11618,6,,,1,30,,11619,6,,,1,70,,11620,6,,,1,34,,11621,6,,,1,69,,11622,6,,,1,29,,11623,6,,,1,70,,11624,6,,,1,30,,11641,6,,,1,70,,11625,6,,,1,31,,11642,6,,,1,70,,11626,6,,,1,30,,11643,6,,,1,70,,11627,6,,,1,30,,11644,6,,,1,70,,11628,6,,,1,31,,11645,6,,,1,70,,11629,6,,,1,30,,11646,6,,,1,70,,11630,6,,,1,32,,11631,6,,,1,70,,11632,6,,,1,29,,11633,6,,,1,70,,11634,6,,,1,30,,11635,6,,,1,67,,11636,6,,,1,29,,11637,6,,,1,70,,11638,6,,,1,99,,11639,6,,,1,110,,11640,6,,,1
7200,'CCFSAT',745,,11647,6,,,1,100,,11648,6,,,1,101,,11649,6,,,1,100,,11650,6,,,1,101,,11651,6,,,1,101,,11652,6,,,1,101,,11653,6,,,1,100,,11654,6,,,1,100,,11655,6,,,1,100,,11656,6,,,1,98,,11657,6,,,1,100,,11658,6,,,1,99,,11659,6,,,1
7200,'CCFSUN',745,,11660,6,,,1,100,,11661,6,,,1,101,,11662,6,,,1,100,,11663,6,,,1,101,,11664,6,,,1,101,,11665,6,,,1,101,,11666,6,,,1,100,,11667,6,,,1,100,,11668,6,,,1,100,,11669,6,,,1,98,,11670,6,,,1,100,,11671,6,,,1,99,,11672,6,,,1
7401,'WKDY',527,,11970,13,,,1,100,,11971,13,,,1,30,,11999,13,,,1,69,,11972,13,,,1,31,,12000,13,,,1,69,,11973,13,,,1,29,,11974,13,,,1,70,,11975,13,,,1,30,,11976,13,,,1,70,,11977,13,,,1,30,,11978,13,,,1,71,,11979,13,,,1,31,,11980,13,,,1,70,,11981,13,,,1,31,,11982,13,,,1,70,,11983,13,,,1,30,,11984,13,,,1,69,,11985,13,,,1,29,,11986,13,,,1,70,,11987,13,,,1,30,,11988,13,,,1,70,,11989,13,,,1,30,,11990,13,,,1,70,,11991,13,,,1,31,,11992,13,,,1,70,,11993,13,,,1,31,,11994,13,,,1,68,,11995,13,,,1,31,,11997,13,,,1,70,,12001,13,,,1,30,,11996,13,,,1,99,,11998,13,,,1
7401,'SAT',806,,12002,13,,,1,100,,12003,13,,,1,99,,12004,13,,,1,99,,12005,13,,,1,100,,12006,13,,,1,100,,12007,13,,,1,100,,12008,13,,,1,100,,12009,13,,,1,100,,12010,13,,,1,100,,12011,13,,,1,100,,12012,13,,,1,100,,12013,13,,,1,100,,12014,13,,,1,102,,12015,13,,,1
7401,'SUN',806,,12016,13,,,1,100,,12017,13,,,1,99,,12018,13,,,1,99,,12019,13,,,1,100,,12020,13,,,1,100,,12021,13,,,1,100,,12022,13,,,1,100,,12023,13,,,1,100,,12024,13,,,1,100,,12025,13,,,1,100,,12026,13,,,1,100,,12027,13,,,1,100,,12028,13,,,1,102,,12029,13,,,1
7401,'CCFWK',527,,12030,13,,,1,100,,12031,13,,,1,30,,12059,13,,,1,69,,12032,13,,,1,31,,12060,13,,,1,69,,12033,13,,,1,29,,12034,13,,,1,70,,12035,13,,,1,30,,12036,13,,,1,70,,12037,13,,,1,30,,12038,13,,,1,71,,12039,13,,,1,31,,12040,13,,,1,70,,12041,13,,,1,31,,12042,13,,,1,70,,12043,13,,,1,30,,12044,13,,,1,69,,12045,13,,,1,29,,12046,13,,,1,70,,12047,13,,,1,30,,12048,13,,,1,70,,12049,13,,,1,30,,12050,13,,,1,70,,12051,13,,,1,31,,12052,13,,,1,70,,12053,13,,,1,31,,12054,13,,,1,68,,12055,13,,,1,31,,12057,13,,,1,70,,12061,13,,,1,30,,12056,13,,,1,99,,12058,13,,,1
7401,'CCFFF',527,,12062,13,,,1,100,,12063,13,,,1,30,,12091,13,,,1,69,,12064,13,,,1,31,,12092,13,,,1,69,,12065,13,,,1,29,,12066,13,,,1,70,,12067,13,,,1,30,,12068,13,,,1,70,,12069,13,,,1,30,,12070,13,,,1,71,,12071,13,,,1,31,,12072,13,,,1,70,,12073,13,,,1,31,,12074,13,,,1,70,,12075,13,,,1,30,,12076,13,,,1,69,,12077,13,,,1,29,,12078,13,,,1,70,,12079,13,,,1,30,,12080,13,,,1,70,,12081,13,,,1,30,,12082,13,,,1,70,,12083,13,,,1,31,,12084,13,,,1,70,,12085,13,,,1,31,,12086,13,,,1,68,,12087,13,,,1,31,,12089,13,,,1,70,,12093,13,,,1,30,,12088,13,,,1,99,,12090,13,,,1
7401,'CCFSAT',806,,12094,13,,,1,100,,12095,13,,,1,99,,12096,13,,,1,99,,12097,13,,,1,100,,12098,13,,,1,100,,12099,13,,,1,100,,12100,13,,,1,100,,12101,13,,,1,100,,12102,13,,,1,100,,12103,13,,,1,100,,12104,13,,,1,100,,12105,13,,,1,100,,12106,13,,,1,102,,12107,13,,,1
7401,'CCFSUN',806,,12108,13,,,1,100,,12109,13,,,1,99,,12110,13,,,1,99,,12111,13,,,1,100,,12112,13,,,1,100,,12113,13,,,1,100,,12114,13,,,1,100,,12115,13,,,1,100,,12116,13,,,1,100,,12117,13,,,1,100,,12118,13,,,1,100,,12119,13,,,1,100,,12120,13,,,1,102,,12121,13,,,1
