3100,'WKDY',542,,6231,4,,,1,71,,6232,4,,,1,30,,6233,4,,,1,70,,6234,4,,,1,31,,6235,4,,,1,72,,6236,4,,,1,30,,6237,4,,,1,68,,6238,4,,,1,31,,6239,4,,,1,70,,6240,4,,,1,30,,6241,4,,,1,70,,6242,4,,,1,32,,6243,4,,,1,70,,6244,4,,,1,30,,6245,4,,,1,70,,6246,4,,,1,30,,6247,4,,,1,70,,6248,4,,,1,32,,6249,4,,,1,70,,6250,4,,,1,30,,6251,4,,,1,70,,6252,4,,,1,28,,6253,4,,,1,68,,6254,4,,,1,30,,6255,4,,,1,70,,6256,4,,,1,29,,6257,4,,,1,70,,6258,4,,,1,100,,6259,4,,,1,97,,6260,4,,,1
3100,'SAT',848,,6261,4,,,1,80,,6262,4,,,1,80,,6263,4,,,1,40,,6264,4,,,1,81,,6265,4,,,1,80,,6266,4,,,1,40,,6267,4,,,1,80,,6268,4,,,1,80,,6269,4,,,1,40,,6270,4,,,1,80,,6271,4,,,1,80,,6272,4,,,1,40,,6273,4,,,1,80,,6274,4,,,1,80,,6275,4,,,1,39,,6276,4,,,1,80,,6277,4,,,1,80,,6278,4,,,1
3100,'SUN',848,,6279,4,,,1,100,,6280,4,,,1,100,,6281,4,,,1,101,,6282,4,,,1,100,,6283,4,,,1,100,,6284,4,,,1,100,,6285,4,,,1,100,,6286,4,,,1,100,,6287,4,,,1,99,,6288,4,,,1,100,,6289,4,,,1,100,,6290,4,,,1
3100,'CCFWK',542,,6291,4,,,1,71,,6292,4,,,1,30,,6293,4,,,1,70,,6294,4,,,1,31,,6295,4,,,1,72,,6296,4,,,1,30,,6297,4,,,1,68,,6298,4,,,1,31,,6299,4,,,1,70,,6300,4,,,1,30,,6301,4,,,1,70,,6302,4,,,1,32,,6303,4,,,1,70,,6304,4,,,1,30,,6305,4,,,1,70,,6306,4,,,1,30,,6307,4,,,1,70,,6308,4,,,1,32,,6309,4,,,1,70,,6310,4,,,1,30,,6311,4,,,1,70,,6312,4,,,1,28,,6313,4,,,1,68,,6314,4,,,1,30,,6315,4,,,1,70,,6316,4,,,1,29,,6317,4,,,1,70,,6318,4,,,1,100,,6319,4,,,1,97,,6320,4,,,1
3100,'CCFFF',542,,6321,4,,,1,71,,6322,4,,,1,30,,6323,4,,,1,70,,6324,4,,,1,31,,6325,4,,,1,72,,6326,4,,,1,30,,6327,4,,,1,68,,6328,4,,,1,31,,6329,4,,,1,70,,6330,4,,,1,30,,6331,4,,,1,70,,6332,4,,,1,32,,6333,4,,,1,70,,6334,4,,,1,30,,6335,4,,,1,70,,6336,4,,,1,30,,6337,4,,,1,70,,6338,4,,,1,32,,6339,4,,,1,70,,6340,4,,,1,30,,6341,4,,,1,70,,6342,4,,,1,28,,6343,4,,,1,68,,6344,4,,,1,30,,6345,4,,,1,70,,6346,4,,,1,29,,6347,4,,,1,70,,6348,4,,,1,100,,6349,4,,,1,97,,6350,4,,,1
3100,'CCFSAT',848,,6351,4,,,1,80,,6352,4,,,1,80,,6353,4,,,1,40,,6354,4,,,1,81,,6355,4,,,1,80,,6356,4,,,1,40,,6357,4,,,1,80,,6358,4,,,1,80,,6359,4,,,1,40,,6360,4,,,1,80,,6361,4,,,1,80,,6362,4,,,1,40,,6363,4,,,1,80,,6364,4,,,1,80,,6365,4,,,1,39,,6366,4,,,1,80,,6367,4,,,1,80,,6368,4,,,1
3100,'CCFSUN',848,,6369,4,,,1,100,,6370,4,,,1,100,,6371,4,,,1,101,,6372,4,,,1,100,,6373,4,,,1,100,,6374,4,,,1,100,,6375,4,,,1,100,,6376,4,,,1,100,,6377,4,,,1,99,,6378,4,,,1,100,,6379,4,,,1,100,,6380,4,,,1
7100,'WKDY',554,,10851,7,,,1,66,,10852,7,,,1,30,,10853,7,,,1,70,,10854,7,,,1,15,,10855,7,,,1,15,,10856,7,,,1,55,,10857,7,,,1,16,,10858,7,,,1,15,,10859,7,,,1,15,,10860,7,,,1,55,,10861,7,,,1,16,,10862,7,,,1,15,,10863,7,,,1,16,,10864,7,,,1,55,,10865,7,,,1,15,,10866,7,,,1,16,,10867,7,,,1,15,,10868,7,,,1,55,,10869,7,,,1,15,,10870,7,,,1,16,,10871,7,,,1,15,,10872,7,,,1,59,,10873,7,,,1,8,,10874,7,,,1,15,,10875,7,,,1,15,,10876,7,,,1,56,,10877,7,,,1,15,,10878,7,,,1,15,,10879,7,,,1,15,,10880,7,,,1,56,,10881,7,,,1,15,,10882,7,,,1,17,,10883,7,,,1,15,,10884,7,,,1,55,,10885,7,,,1,16,,10886,7,,,1,15,,10887,7,,,1,15,,10888,7,,,1,55,,10889,7,,,1,15,,10890,7,,,1,15,,10891,7,,,1,15,,10892,7,,,1,55,,10893,7,,,1,15,,10894,7,,,1,15,,10895,7,,,1,14,,10896,7,,,1,54,,10897,7,,,1,15,,10898,7,,,1,28,,10899,7,,,1,68,,10900,7,,,1,30,,10901,7,,,1,70,,10902,7,,,1,29,,10903,7,,,1,69,,10904,7,,,1,29,,10905,7,,,1,69,,10906,7,,,1,30,,10907,7,,,1,100,,10908,7,,,1
7100,'SAT',651,,10909,7,,,1,60,,10910,7,,,1,21,,10911,7,,,1,20,,10912,7,,,1,60,,10913,7,,,1,21,,10914,7,,,1,20,,10915,7,,,1,60,,10916,7,,,1,21,,10917,7,,,1,20,,10918,7,,,1,60,,10919,7,,,1,21,,10920,7,,,1,20,,10921,7,,,1,61,,10922,7,,,1,20,,10923,7,,,1,20,,10924,7,,,1,61,,10925,7,,,1,22,,10926,7,,,1,61,,10927,7,,,1,20,,10928,7,,,1,20,,10929,7,,,1,61,,10930,7,,,1,20,,10931,7,,,1,21,,10932,7,,,1,60,,10933,7,,,1,20,,10934,7,,,1,20,,10935,7,,,1,60,,10936,7,,,1,20,,10937,7,,,1,19,,10938,7,,,1,60,,10939,7,,,1,20,,10940,7,,,1,19,,10941,7,,,1,60,,10942,7,,,1,20,,10943,7,,,1,19,,10944,7,,,1,20,,10945,7,,,1,59,,10946,7,,,1,20,,10947,7,,,1,20,,10948,7,,,1,59,,10949,7,,,1,20,,10950,7,,,1,20,,10951,7,,,1,58,,10952,7,,,1,20,,10953,7,,,1,20,,10954,7,,,1,70,,10955,7,,,1,29,,10956,7,,,1,70,,10957,7,,,1
7100,'SUN',651,,10958,7,,,1,70,,10959,7,,,1,31,,10960,7,,,1,71,,10961,7,,,1,30,,10962,7,,,1,70,,10963,7,,,1,31,,10964,7,,,1,70,,10965,7,,,1,31,,10966,7,,,1,71,,10967,7,,,1,30,,10968,7,,,1,74,,10969,7,,,1,70,,10970,7,,,1,30,,10971,7,,,1,71,,10972,7,,,1,30,,10973,7,,,1,71,,10974,7,,,1,30,,10975,7,,,1,70,,10976,7,,,1,30,,10977,7,,,1,69,,10978,7,,,1,30,,10979,7,,,1,69,,10980,7,,,1,29,,10981,7,,,1,30,,10982,7,,,1,69,,10983,7,,,1,30,,10984,7,,,1,69,,10985,7,,,1,30,,10986,7,,,1,70,,10987,7,,,1,30,,10988,7,,,1,58,,10989,7,,,1,30,,10990,7,,,1,69,,10991,7,,,1
7100,'CCFWK',554,,10992,7,,,1,66,,10993,7,,,1,30,,10994,7,,,1,70,,10995,7,,,1,15,,10996,7,,,1,15,,10997,7,,,1,55,,10998,7,,,1,16,,10999,7,,,1,15,,11000,7,,,1,15,,11001,7,,,1,55,,11002,7,,,1,16,,11003,7,,,1,15,,11004,7,,,1,16,,11005,7,,,1,55,,11006,7,,,1,15,,11007,7,,,1,16,,11008,7,,,1,15,,11009,7,,,1,55,,11010,7,,,1,15,,11011,7,,,1,16,,11012,7,,,1,15,,11013,7,,,1,59,,11014,7,,,1,8,,11015,7,,,1,15,,11016,7,,,1,15,,11017,7,,,1,56,,11018,7,,,1,15,,11019,7,,,1,15,,11020,7,,,1,15,,11021,7,,,1,56,,11022,7,,,1,15,,11023,7,,,1,17,,11024,7,,,1,15,,11025,7,,,1,55,,11026,7,,,1,16,,11027,7,,,1,15,,11028,7,,,1,15,,11029,7,,,1,55,,11030,7,,,1,15,,11031,7,,,1,15,,11032,7,,,1,15,,11033,7,,,1,55,,11034,7,,,1,15,,11035,7,,,1,15,,11036,7,,,1,14,,11037,7,,,1,54,,11038,7,,,1,15,,11039,7,,,1,28,,11040,7,,,1,68,,11041,7,,,1,30,,11042,7,,,1,70,,11043,7,,,1,29,,11044,7,,,1,69,,11045,7,,,1,29,,11046,7,,,1,69,,11047,7,,,1,30,,11048,7,,,1,100,,11049,7,,,1
7100,'CCFFF',554,,11050,7,,,1,66,,11051,7,,,1,30,,11052,7,,,1,70,,11053,7,,,1,15,,11054,7,,,1,15,,11055,7,,,1,55,,11056,7,,,1,16,,11057,7,,,1,15,,11058,7,,,1,15,,11059,7,,,1,55,,11060,7,,,1,16,,11061,7,,,1,15,,11062,7,,,1,16,,11063,7,,,1,55,,11064,7,,,1,15,,11065,7,,,1,16,,11066,7,,,1,15,,11067,7,,,1,55,,11068,7,,,1,15,,11069,7,,,1,16,,11070,7,,,1,15,,11071,7,,,1,59,,11072,7,,,1,8,,11073,7,,,1,15,,11074,7,,,1,15,,11075,7,,,1,56,,11076,7,,,1,15,,11077,7,,,1,15,,11078,7,,,1,15,,11079,7,,,1,56,,11080,7,,,1,15,,11081,7,,,1,17,,11082,7,,,1,15,,11083,7,,,1,55,,11084,7,,,1,16,,11085,7,,,1,15,,11086,7,,,1,15,,11087,7,,,1,55,,11088,7,,,1,15,,11089,7,,,1,15,,11090,7,,,1,15,,11091,7,,,1,55,,11092,7,,,1,15,,11093,7,,,1,15,,11094,7,,,1,14,,11095,7,,,1,54,,11096,7,,,1,15,,11097,7,,,1,28,,11098,7,,,1,68,,11099,7,,,1,30,,11100,7,,,1,70,,11101,7,,,1,29,,11102,7,,,1,69,,11103,7,,,1,29,,11104,7,,,1,69,,11105,7,,,1,30,,11106,7,,,1,100,,11107,7,,,1
7100,'CCFSAT',651,,11108,7,,,1,60,,11109,7,,,1,21,,11110,7,,,1,20,,11111,7,,,1,60,,11112,7,,,1,21,,11113,7,,,1,20,,11114,7,,,1,60,,11115,7,,,1,21,,11116,7,,,1,20,,11117,7,,,1,60,,11118,7,,,1,21,,11119,7,,,1,20,,11120,7,,,1,61,,11121,7,,,1,20,,11122,7,,,1,20,,11123,7,,,1,61,,11124,7,,,1,22,,11125,7,,,1,61,,11126,7,,,1,20,,11127,7,,,1,20,,11128,7,,,1,61,,11129,7,,,1,20,,11130,7,,,1,21,,11131,7,,,1,60,,11132,7,,,1,20,,11133,7,,,1,20,,11134,7,,,1,60,,11135,7,,,1,20,,11136,7,,,1,19,,11137,7,,,1,60,,11138,7,,,1,20,,11139,7,,,1,19,,11140,7,,,1,60,,11141,7,,,1,20,,11142,7,,,1,19,,11143,7,,,1,20,,11144,7,,,1,59,,11145,7,,,1,20,,11146,7,,,1,20,,11147,7,,,1,59,,11148,7,,,1,20,,11149,7,,,1,20,,11150,7,,,1,58,,11151,7,,,1,20,,11152,7,,,1,20,,11153,7,,,1,70,,11154,7,,,1,29,,11155,7,,,1,70,,11156,7,,,1
7100,'CCFSUN',651,,11157,7,,,1,70,,11158,7,,,1,31,,11159,7,,,1,71,,11160,7,,,1,30,,11161,7,,,1,70,,11162,7,,,1,31,,11163,7,,,1,70,,11164,7,,,1,31,,11165,7,,,1,71,,11166,7,,,1,30,,11167,7,,,1,74,,11168,7,,,1,70,,11169,7,,,1,30,,11170,7,,,1,71,,11171,7,,,1,30,,11172,7,,,1,71,,11173,7,,,1,30,,11174,7,,,1,70,,11175,7,,,1,30,,11176,7,,,1,69,,11177,7,,,1,30,,11178,7,,,1,69,,11179,7,,,1,29,,11180,7,,,1,30,,11181,7,,,1,69,,11182,7,,,1,30,,11183,7,,,1,69,,11184,7,,,1,30,,11185,7,,,1,70,,11186,7,,,1,30,,11187,7,,,1,58,,11188,7,,,1,30,,11189,7,,,1,69,,11190,7,,,1
