2500,'WKDY',610,,5586,4,,,1,30,,5587,4,,,1,70,,5588,4,,,1,31,,5589,4,,,1,71,,5590,4,,,1,30,,5591,4,,,1,72,,5592,4,,,1,30,,5593,4,,,1,69,,5594,4,,,1,30,,5595,4,,,1,70,,5596,4,,,1,31,,5597,4,,,1,73,,5598,4,,,1,30,,5599,4,,,1,70,,5600,4,,,1,28,,5601,4,,,1,70,,5602,4,,,1,30,,5603,4,,,1,71,,5604,4,,,1,31,,5605,4,,,1,70,,5606,4,,,1,30,,5607,4,,,1,70,,5608,4,,,1,29,,5609,4,,,1,68,,5610,4,,,1,28,,5611,4,,,1,100,,5612,4,,,1,97,,5613,4,,,1
2500,'SAT',741,,5625,4,,,1,100,,5614,4,,,1,101,,5615,4,,,1,101,,5616,4,,,1,100,,5617,4,,,1,100,,5618,4,,,1,100,,5619,4,,,1,100,,5620,4,,,1,100,,5621,4,,,1,99,,5622,4,,,1,99,,5623,4,,,1,99,,5624,4,,,1,100,,5626,4,,,1
2500,'SUN',741,,5638,4,,,1,100,,5627,4,,,1,101,,5628,4,,,1,101,,5629,4,,,1,100,,5630,4,,,1,100,,5631,4,,,1,100,,5632,4,,,1,100,,5633,4,,,1,100,,5634,4,,,1,99,,5635,4,,,1,99,,5636,4,,,1,99,,5637,4,,,1,100,,5639,4,,,1
2500,'CCFWK',610,,5640,4,,,1,30,,5641,4,,,1,70,,5642,4,,,1,31,,5643,4,,,1,71,,5644,4,,,1,30,,5645,4,,,1,72,,5646,4,,,1,30,,5647,4,,,1,69,,5648,4,,,1,30,,5649,4,,,1,70,,5650,4,,,1,31,,5651,4,,,1,73,,5652,4,,,1,30,,5653,4,,,1,70,,5654,4,,,1,28,,5655,4,,,1,70,,5656,4,,,1,30,,5657,4,,,1,71,,5658,4,,,1,31,,5659,4,,,1,70,,5660,4,,,1,30,,5661,4,,,1,70,,5662,4,,,1,29,,5663,4,,,1,68,,5664,4,,,1,28,,5665,4,,,1,100,,5666,4,,,1,97,,5667,4,,,1
2500,'CCFFF',610,,5668,4,,,1,30,,5669,4,,,1,70,,5670,4,,,1,31,,5671,4,,,1,71,,5672,4,,,1,30,,5673,4,,,1,72,,5674,4,,,1,30,,5675,4,,,1,69,,5676,4,,,1,30,,5677,4,,,1,70,,5678,4,,,1,31,,5679,4,,,1,73,,5680,4,,,1,30,,5681,4,,,1,70,,5682,4,,,1,28,,5683,4,,,1,70,,5684,4,,,1,30,,5685,4,,,1,71,,5686,4,,,1,31,,5687,4,,,1,70,,5688,4,,,1,30,,5689,4,,,1,70,,5690,4,,,1,29,,5691,4,,,1,68,,5692,4,,,1,28,,5693,4,,,1,100,,5694,4,,,1,97,,5695,4,,,1
2500,'CCFSAT',741,,5707,4,,,1,100,,5696,4,,,1,101,,5697,4,,,1,101,,5698,4,,,1,100,,5699,4,,,1,100,,5700,4,,,1,100,,5701,4,,,1,100,,5702,4,,,1,100,,5703,4,,,1,99,,5704,4,,,1,99,,5705,4,,,1,99,,5706,4,,,1,100,,5708,4,,,1
2500,'CCFSUN',741,,5720,4,,,1,100,,5709,4,,,1,101,,5710,4,,,1,101,,5711,4,,,1,100,,5712,4,,,1,100,,5713,4,,,1,100,,5714,4,,,1,100,,5715,4,,,1,100,,5716,4,,,1,99,,5717,4,,,1,99,,5718,4,,,1,99,,5719,4,,,1,100,,5721,4,,,1
3200,'WKDY',543,,6381,3,,,1,70,,6382,3,,,1,30,,6383,3,,,1,69,,6384,3,,,1,30,,6385,3,,,1,70,,6386,3,,,1,30,,6387,3,,,1,69,,6388,3,,,1,30,,6389,3,,,1,70,,6390,3,,,1,29,,6391,3,,,1,70,,6392,3,,,1,29,,6393,3,,,1,70,,6394,3,,,1,28,,6395,3,,,1,70,,6396,3,,,1,30,,6397,3,,,1,70,,6398,3,,,1,29,,6399,3,,,1,70,,6400,3,,,1,31,,6401,3,,,1,70,,6402,3,,,1,30,,6403,3,,,1,71,,6404,3,,,1,32,,6405,3,,,1,71,,6406,3,,,1,31,,6407,3,,,1,70,,6408,3,,,1,100,,6409,3,,,1,101,,6410,3,,,1
3200,'SAT',751,,6427,3,,,1,79,,6428,3,,,1,79,,6429,3,,,1,40,,6411,3,,,1,79,,6412,3,,,1,79,,6413,3,,,1,39,,6414,3,,,1,80,,6415,3,,,1,80,,6416,3,,,1,40,,6417,3,,,1,80,,6418,3,,,1,80,,6419,3,,,1,40,,6420,3,,,1,81,,6421,3,,,1,80,,6422,3,,,1,41,,6423,3,,,1,81,,6424,3,,,1,81,,6425,3,,,1,40,,6426,3,,,1
3200,'SUN',751,,6430,3,,,1,100,,6431,3,,,1,98,,6432,3,,,1,100,,6433,3,,,1,97,,6434,3,,,1,100,,6435,3,,,1,100,,6436,3,,,1,100,,6437,3,,,1,100,,6438,3,,,1,100,,6439,3,,,1,102,,6440,3,,,1,100,,6441,3,,,1,102,,6442,3,,,1
3200,'CCFWK',543,,6443,3,,,1,70,,6444,3,,,1,30,,6445,3,,,1,69,,6446,3,,,1,30,,6447,3,,,1,70,,6448,3,,,1,30,,6449,3,,,1,69,,6450,3,,,1,30,,6451,3,,,1,70,,6452,3,,,1,29,,6453,3,,,1,70,,6454,3,,,1,29,,6455,3,,,1,70,,6456,3,,,1,28,,6457,3,,,1,70,,6458,3,,,1,30,,6459,3,,,1,70,,6460,3,,,1,29,,6461,3,,,1,70,,6462,3,,,1,31,,6463,3,,,1,70,,6464,3,,,1,30,,6465,3,,,1,71,,6466,3,,,1,32,,6467,3,,,1,71,,6468,3,,,1,31,,6469,3,,,1,70,,6470,3,,,1,100,,6471,3,,,1,101,,6472,3,,,1
3200,'CCFFF',543,,6473,3,,,1,70,,6474,3,,,1,30,,6475,3,,,1,69,,6476,3,,,1,30,,6477,3,,,1,70,,6478,3,,,1,30,,6479,3,,,1,69,,6480,3,,,1,30,,6481,3,,,1,70,,6482,3,,,1,29,,6483,3,,,1,70,,6484,3,,,1,29,,6485,3,,,1,70,,6486,3,,,1,28,,6487,3,,,1,70,,6488,3,,,1,30,,6489,3,,,1,70,,6490,3,,,1,29,,6491,3,,,1,70,,6492,3,,,1,31,,6493,3,,,1,70,,6494,3,,,1,30,,6495,3,,,1,71,,6496,3,,,1,32,,6497,3,,,1,71,,6498,3,,,1,31,,6499,3,,,1,70,,6500,3,,,1,100,,6501,3,,,1,101,,6502,3,,,1
3200,'CCFSAT',751,,6519,3,,,1,79,,6520,3,,,1,79,,6521,3,,,1,40,,6503,3,,,1,79,,6504,3,,,1,79,,6505,3,,,1,39,,6506,3,,,1,80,,6507,3,,,1,80,,6508,3,,,1,40,,6509,3,,,1,80,,6510,3,,,1,80,,6511,3,,,1,40,,6512,3,,,1,81,,6513,3,,,1,80,,6514,3,,,1,41,,6515,3,,,1,81,,6516,3,,,1,81,,6517,3,,,1,40,,6518,3,,,1
3200,'CCFSUN',751,,6522,3,,,1,100,,6523,3,,,1,98,,6524,3,,,1,100,,6525,3,,,1,97,,6526,3,,,1,100,,6527,3,,,1,100,,6528,3,,,1,100,,6529,3,,,1,100,,6530,3,,,1,100,,6531,3,,,1,102,,6532,3,,,1,100,,6533,3,,,1,102,,6534,3,,,1
