3400,'SAT',745,,6752,11,4,,1,100,,6720,11,4,,1,100,,6722,11,4,,1,102,,6724,11,4,,1,100,,6726,11,4,,1,100,,6728,11,4,,1,100,,6730,11,4,,1,100,,6732,11,4,,1,100,,6734,11,4,,1,100,,6736,11,4,,1,100,,6738,11,4,,1,99,,6740,11,4,,1,100,,6742,11,4,,1,99,,6744,11,4,,1
3400,'SUN',745,,6786,11,4,,1,100,,6754,11,4,,1,100,,6756,11,4,,1,102,,6758,11,4,,1,100,,6760,11,4,,1,100,,6762,11,4,,1,100,,6764,11,4,,1,100,,6766,11,4,,1,100,,6768,11,4,,1,100,,6770,11,4,,1,100,,6772,11,4,,1,99,,6774,11,4,,1,100,,6776,11,4,,1,99,,6778,11,4,,1
3400,'CCFSAT',745,,6894,11,4,,1,100,,6862,11,4,,1,100,,6864,11,4,,1,102,,6866,11,4,,1,100,,6868,11,4,,1,100,,6870,11,4,,1,100,,6872,11,4,,1,100,,6874,11,4,,1,100,,6876,11,4,,1,100,,6878,11,4,,1,100,,6880,11,4,,1,99,,6882,11,4,,1,100,,6884,11,4,,1,99,,6886,11,4,,1
3400,'CCFSUN',745,,6928,11,4,,1,100,,6896,11,4,,1,100,,6898,11,4,,1,102,,6900,11,4,,1,100,,6902,11,4,,1,100,,6904,11,4,,1,100,,6906,11,4,,1,100,,6908,11,4,,1,100,,6910,11,4,,1,100,,6912,11,4,,1,100,,6914,11,4,,1,99,,6916,11,4,,1,100,,6918,11,4,,1,99,,6920,11,4,,1
7400,'WKDY',508,,11815,29,4,,1,100,,11816,29,4,,1,31,,11844,29,4,,1,70,,11817,29,4,,1,31,,11845,29,4,,1,70,,11818,29,4,,1,30,,11819,29,4,,1,70,,11820,29,4,,1,30,,11821,29,4,,1,70,,11822,29,4,,1,30,,11823,29,4,,1,70,,11824,29,4,,1,32,,11825,29,4,,1,70,,11826,29,4,,1,30,,11827,29,4,,1,70,,11828,29,4,,1,30,,11829,29,4,,1,70,,11830,29,4,,1,31,,11831,29,4,,1,70,,11832,29,4,,1,30,,11833,29,4,,1,71,,11834,29,4,,1,31,,11835,29,4,,1,70,,11836,29,4,,1,29,,11837,29,4,,1,69,,11838,29,4,,1,29,,11839,29,4,,1,70,,11840,29,4,,1,27,,11841,29,4,,1,70,,11842,29,4,,1,30,,11846,29,4,,1,70,,11847,29,4,,1,30,,11843,29,4,,1
7400,'CCFWK',508,,11876,29,4,,1,100,,11877,29,4,,1,31,,11905,29,4,,1,70,,11878,29,4,,1,31,,11906,29,4,,1,70,,11879,29,4,,1,30,,11880,29,4,,1,70,,11881,29,4,,1,30,,11882,29,4,,1,70,,11883,29,4,,1,30,,11884,29,4,,1,70,,11885,29,4,,1,32,,11886,29,4,,1,70,,11887,29,4,,1,30,,11888,29,4,,1,70,,11889,29,4,,1,30,,11890,29,4,,1,70,,11891,29,4,,1,31,,11892,29,4,,1,70,,11893,29,4,,1,30,,11894,29,4,,1,71,,11895,29,4,,1,31,,11896,29,4,,1,70,,11897,29,4,,1,29,,11898,29,4,,1,69,,11899,29,4,,1,29,,11900,29,4,,1,70,,11901,29,4,,1,27,,11902,29,4,,1,70,,11903,29,4,,1,30,,11907,29,4,,1,70,,11908,29,4,,1,30,,11904,29,4,,1
7400,'CCFFF',508,,11909,29,4,,1,100,,11910,29,4,,1,31,,11938,29,4,,1,70,,11911,29,4,,1,31,,11939,29,4,,1,70,,11912,29,4,,1,30,,11913,29,4,,1,70,,11914,29,4,,1,30,,11915,29,4,,1,70,,11916,29,4,,1,30,,11917,29,4,,1,70,,11918,29,4,,1,32,,11919,29,4,,1,70,,11920,29,4,,1,30,,11921,29,4,,1,70,,11922,29,4,,1,30,,11923,29,4,,1,70,,11924,29,4,,1,31,,11925,29,4,,1,70,,11926,29,4,,1,30,,11927,29,4,,1,71,,11928,29,4,,1,31,,11929,29,4,,1,70,,11930,29,4,,1,29,,11931,29,4,,1,69,,11932,29,4,,1,29,,11933,29,4,,1,70,,11934,29,4,,1,27,,11935,29,4,,1,70,,11936,29,4,,1,30,,11940,29,4,,1,70,,11941,29,4,,1,30,,11937,29,4,,1
7401,'WKDY',517,,11970,1,,,1,98,,11971,1,,,1,30,,11999,1,,,1,69,,11972,1,,,1,31,,12000,1,,,1,69,,11973,1,,,1,29,,11974,1,,,1,70,,11975,1,,,1,30,,11976,1,,,1,70,,11977,1,,,1,30,,11978,1,,,1,70,,11979,1,,,1,31,,11980,1,,,1,70,,11981,1,,,1,31,,11982,1,,,1,70,,11983,1,,,1,30,,11984,1,,,1,69,,11985,1,,,1,29,,11986,1,,,1,70,,11987,1,,,1,29,,11988,1,,,1,70,,11989,1,,,1,30,,11990,1,,,1,70,,11991,1,,,1,32,,11992,1,,,1,71,,11993,1,,,1,31,,11994,1,,,1,69,,11995,1,,,1,31,,11997,1,,,1,70,,12001,1,,,1,30,,11996,1,,,1,99,,11998,1,,,1
7401,'SAT',755,,12002,1,,,1,99,,12003,1,,,1,99,,12004,1,,,1,99,,12005,1,,,1,99,,12006,1,,,1,100,,12007,1,,,1,100,,12008,1,,,1,100,,12009,1,,,1,100,,12010,1,,,1,100,,12011,1,,,1,101,,12012,1,,,1,100,,12013,1,,,1,100,,12014,1,,,1,102,,12015,1,,,1
7401,'SUN',755,,12016,1,,,1,99,,12017,1,,,1,99,,12018,1,,,1,99,,12019,1,,,1,99,,12020,1,,,1,100,,12021,1,,,1,100,,12022,1,,,1,100,,12023,1,,,1,100,,12024,1,,,1,100,,12025,1,,,1,101,,12026,1,,,1,100,,12027,1,,,1,100,,12028,1,,,1,102,,12029,1,,,1
7401,'CCFWK',517,,12030,1,,,1,98,,12031,1,,,1,30,,12059,1,,,1,69,,12032,1,,,1,31,,12060,1,,,1,69,,12033,1,,,1,29,,12034,1,,,1,70,,12035,1,,,1,30,,12036,1,,,1,70,,12037,1,,,1,30,,12038,1,,,1,70,,12039,1,,,1,31,,12040,1,,,1,70,,12041,1,,,1,31,,12042,1,,,1,70,,12043,1,,,1,30,,12044,1,,,1,69,,12045,1,,,1,29,,12046,1,,,1,70,,12047,1,,,1,29,,12048,1,,,1,70,,12049,1,,,1,30,,12050,1,,,1,70,,12051,1,,,1,32,,12052,1,,,1,71,,12053,1,,,1,31,,12054,1,,,1,69,,12055,1,,,1,31,,12057,1,,,1,70,,12061,1,,,1,30,,12056,1,,,1,99,,12058,1,,,1
7401,'CCFFF',517,,12062,1,,,1,98,,12063,1,,,1,30,,12091,1,,,1,69,,12064,1,,,1,31,,12092,1,,,1,69,,12065,1,,,1,29,,12066,1,,,1,70,,12067,1,,,1,30,,12068,1,,,1,70,,12069,1,,,1,30,,12070,1,,,1,70,,12071,1,,,1,31,,12072,1,,,1,70,,12073,1,,,1,31,,12074,1,,,1,70,,12075,1,,,1,30,,12076,1,,,1,69,,12077,1,,,1,29,,12078,1,,,1,70,,12079,1,,,1,29,,12080,1,,,1,70,,12081,1,,,1,30,,12082,1,,,1,70,,12083,1,,,1,32,,12084,1,,,1,71,,12085,1,,,1,31,,12086,1,,,1,69,,12087,1,,,1,31,,12089,1,,,1,70,,12093,1,,,1,30,,12088,1,,,1,99,,12090,1,,,1
7401,'CCFSAT',755,,12094,1,,,1,99,,12095,1,,,1,99,,12096,1,,,1,99,,12097,1,,,1,99,,12098,1,,,1,100,,12099,1,,,1,100,,12100,1,,,1,100,,12101,1,,,1,100,,12102,1,,,1,100,,12103,1,,,1,101,,12104,1,,,1,100,,12105,1,,,1,100,,12106,1,,,1,102,,12107,1,,,1
7401,'CCFSUN',755,,12108,1,,,1,99,,12109,1,,,1,99,,12110,1,,,1,99,,12111,1,,,1,99,,12112,1,,,1,100,,12113,1,,,1,100,,12114,1,,,1,100,,12115,1,,,1,100,,12116,1,,,1,100,,12117,1,,,1,101,,12118,1,,,1,100,,12119,1,,,1,100,,12120,1,,,1,102,,12121,1,,,1
