700,'WKDY',609,,4506,25,,,1,110,,4507,25,,,1,32,,4508,25,,,1,68,,4509,25,,,1,29,,4510,25,,,1,70,,4511,25,,,1,28,,4512,25,,,1,70,,4513,25,,,1,30,,4514,25,,,1,70,,4515,25,,,1,30,,4516,25,,,1,72,,4517,25,,,1,31,,4518,25,,,1,70,,4519,25,,,1,31,,4520,25,,,1,70,,4521,25,,,1,33,,4522,25,,,1,71,,4523,25,,,1,30,,4524,25,,,1,70,,4525,25,,,1,30,,4526,25,,,1,70,,4527,25,,,1,29,,4528,25,,,1,67,,4529,25,,,1,28,,4530,25,,,1,69,,4531,25,,,1,28,,4532,25,,,1,100,,4533,25,,,1,100,,4534,25,,,1
700,'SAT',714,,4546,25,,,1,100,,4547,25,,,1,100,,4535,25,,,1,102,,4536,25,,,1,101,,4537,25,,,1,100,,4538,25,,,1,101,,4539,25,,,1,100,,4540,25,,,1,100,,4541,25,,,1,100,,4542,25,,,1,100,,4543,25,,,1,100,,4544,25,,,1,99,,4545,25,,,1,100,,4548,25,,,1,100,,4549,25,,,1
700,'SUN',714,,4561,25,,,1,100,,4562,25,,,1,100,,4550,25,,,1,102,,4551,25,,,1,101,,4552,25,,,1,100,,4553,25,,,1,101,,4554,25,,,1,100,,4555,25,,,1,100,,4556,25,,,1,100,,4557,25,,,1,100,,4558,25,,,1,100,,4559,25,,,1,99,,4560,25,,,1,100,,4563,25,,,1,100,,4564,25,,,1
700,'CCFWK',609,,4565,25,,,1,110,,4566,25,,,1,32,,4567,25,,,1,68,,4568,25,,,1,29,,4569,25,,,1,70,,4570,25,,,1,28,,4571,25,,,1,70,,4572,25,,,1,30,,4573,25,,,1,70,,4574,25,,,1,30,,4575,25,,,1,72,,4576,25,,,1,31,,4577,25,,,1,70,,4578,25,,,1,31,,4579,25,,,1,70,,4580,25,,,1,33,,4581,25,,,1,71,,4582,25,,,1,30,,4583,25,,,1,70,,4584,25,,,1,30,,4585,25,,,1,70,,4586,25,,,1,29,,4587,25,,,1,67,,4588,25,,,1,28,,4589,25,,,1,69,,4590,25,,,1,28,,4591,25,,,1,100,,4592,25,,,1,100,,4593,25,,,1
700,'CCFFF',609,,4594,25,,,1,110,,4595,25,,,1,32,,4596,25,,,1,68,,4597,25,,,1,29,,4598,25,,,1,70,,4599,25,,,1,28,,4600,25,,,1,70,,4601,25,,,1,30,,4602,25,,,1,70,,4603,25,,,1,30,,4604,25,,,1,72,,4605,25,,,1,31,,4606,25,,,1,70,,4607,25,,,1,31,,4608,25,,,1,70,,4609,25,,,1,33,,4610,25,,,1,71,,4611,25,,,1,30,,4612,25,,,1,70,,4613,25,,,1,30,,4614,25,,,1,70,,4615,25,,,1,29,,4616,25,,,1,67,,4617,25,,,1,28,,4618,25,,,1,69,,4619,25,,,1,28,,4620,25,,,1,100,,4621,25,,,1,100,,4622,25,,,1
700,'CCFSAT',714,,4634,25,,,1,100,,4635,25,,,1,100,,4623,25,,,1,102,,4624,25,,,1,101,,4625,25,,,1,100,,4626,25,,,1,101,,4627,25,,,1,100,,4628,25,,,1,100,,4629,25,,,1,100,,4630,25,,,1,100,,4631,25,,,1,100,,4632,25,,,1,99,,4633,25,,,1,100,,4636,25,,,1,100,,4637,25,,,1
700,'CCFSUN',714,,4649,25,,,1,100,,4650,25,,,1,100,,4638,25,,,1,102,,4639,25,,,1,101,,4640,25,,,1,100,,4641,25,,,1,101,,4642,25,,,1,100,,4643,25,,,1,100,,4644,25,,,1,100,,4645,25,,,1,100,,4646,25,,,1,100,,4647,25,,,1,99,,4648,25,,,1,100,,4651,25,,,1,100,,4652,25,,,1
4701,'WKDY',535,,7212,4,,,1,679,,7213,4,,,1,606,,7214,4,,,1
4701,'CCFWK',535,,7215,4,,,1,679,,7216,4,,,1,606,,7217,4,,,1
4701,'CCFFF',535,,7218,4,,,1,679,,7219,4,,,1,606,,7220,4,,,1
