1201,'WKDY',639,,5038,21,,,1,70,,5039,21,,,1,30,,5040,21,,,1,71,,5041,21,,,1,30,,5042,21,,,1,70,,5043,21,,,1,30,,5044,21,,,1,70,,5045,21,,,1,30,,5046,21,,,1,70,,5047,21,,,1,30,,5048,21,,,1,70,,5049,21,,,1,30,,5050,21,,,1,70,,5051,21,,,1,30,,5052,21,,,1,70,,5053,21,,,1,30,,5054,21,,,1,70,,5055,21,,,1,32,,5056,21,,,1,70,,5057,21,,,1,30,,5058,21,,,1,70,,5059,21,,,1,30,,5060,21,,,1,70,,5061,21,,,1,27,,5062,21,,,1,70,,5063,21,,,1,30,,5064,21,,,1,69,,5065,21,,,1,30,,5066,21,,,1,69,,5067,21,,,1,30,,5068,21,,,1,70,,5069,21,,,1
1201,'SAT',728,,5070,21,,,1,100,,5071,21,,,1,101,,5072,21,,,1,100,,5073,21,,,1,101,,5074,21,,,1,100,,5075,21,,,1,100,,5076,21,,,1,100,,5077,21,,,1,100,,5078,21,,,1,100,,5079,21,,,1,99,,5080,21,,,1,100,,5081,21,,,1,99,,5082,21,,,1,100,,5083,21,,,1,100,,5084,21,,,1,100,,5085,21,,,1
1201,'SUN',728,,5086,21,,,1,100,,5087,21,,,1,101,,5088,21,,,1,100,,5089,21,,,1,101,,5090,21,,,1,100,,5091,21,,,1,100,,5092,21,,,1,100,,5093,21,,,1,100,,5094,21,,,1,100,,5095,21,,,1,99,,5096,21,,,1,100,,5097,21,,,1,99,,5098,21,,,1,100,,5099,21,,,1,100,,5100,21,,,1,100,,5101,21,,,1
1201,'CCFWK',639,,5102,21,,,1,70,,5103,21,,,1,30,,5104,21,,,1,71,,5105,21,,,1,30,,5106,21,,,1,70,,5107,21,,,1,30,,5108,21,,,1,70,,5109,21,,,1,30,,5110,21,,,1,70,,5111,21,,,1,30,,5112,21,,,1,70,,5113,21,,,1,30,,5114,21,,,1,70,,5115,21,,,1,30,,5116,21,,,1,70,,5117,21,,,1,30,,5118,21,,,1,70,,5119,21,,,1,32,,5120,21,,,1,70,,5121,21,,,1,30,,5122,21,,,1,70,,5123,21,,,1,30,,5124,21,,,1,70,,5125,21,,,1,27,,5126,21,,,1,70,,5127,21,,,1,30,,5128,21,,,1,69,,5129,21,,,1,30,,5130,21,,,1,69,,5131,21,,,1,30,,5132,21,,,1,70,,5133,21,,,1
1201,'CCFFF',639,,5134,21,,,1,70,,5135,21,,,1,30,,5136,21,,,1,71,,5137,21,,,1,30,,5138,21,,,1,70,,5139,21,,,1,30,,5140,21,,,1,70,,5141,21,,,1,30,,5142,21,,,1,70,,5143,21,,,1,30,,5144,21,,,1,70,,5145,21,,,1,30,,5146,21,,,1,70,,5147,21,,,1,30,,5148,21,,,1,70,,5149,21,,,1,30,,5150,21,,,1,70,,5151,21,,,1,32,,5152,21,,,1,70,,5153,21,,,1,30,,5154,21,,,1,70,,5155,21,,,1,30,,5156,21,,,1,70,,5157,21,,,1,27,,5158,21,,,1,70,,5159,21,,,1,30,,5160,21,,,1,69,,5161,21,,,1,30,,5162,21,,,1,69,,5163,21,,,1,30,,5164,21,,,1,70,,5165,21,,,1
1201,'CCFSAT',728,,5166,21,,,1,100,,5167,21,,,1,101,,5168,21,,,1,100,,5169,21,,,1,101,,5170,21,,,1,100,,5171,21,,,1,100,,5172,21,,,1,100,,5173,21,,,1,100,,5174,21,,,1,100,,5175,21,,,1,99,,5176,21,,,1,100,,5177,21,,,1,99,,5178,21,,,1,100,,5179,21,,,1,100,,5180,21,,,1,100,,5181,21,,,1
1201,'CCFSUN',728,,5182,21,,,1,100,,5183,21,,,1,101,,5184,21,,,1,100,,5185,21,,,1,101,,5186,21,,,1,100,,5187,21,,,1,100,,5188,21,,,1,100,,5189,21,,,1,100,,5190,21,,,1,100,,5191,21,,,1,99,,5192,21,,,1,100,,5193,21,,,1,99,,5194,21,,,1,100,,5195,21,,,1,100,,5196,21,,,1,100,,5197,21,,,1
8000,'WKDY',619,,12607,27,,,1,30,,12608,27,,,1,71,,12609,27,,,1,31,,12610,27,,,1,70,,12611,27,,,1,30,,12612,27,,,1,69,,12613,27,,,1,30,,12614,27,,,1,70,,12615,27,,,1,31,,12616,27,,,1,70,,12617,27,,,1,30,,12618,27,,,1,70,,12619,27,,,1,30,,12620,27,,,1,70,,12621,27,,,1,31,,12622,27,,,1,70,,12623,27,,,1,30,,12624,27,,,1,73,,12625,27,,,1,33,,12626,27,,,1,67,,12627,27,,,1,29,,12628,27,,,1,69,,12629,27,,,1,28,,12630,27,,,1,69,,12631,27,,,1,30,,12632,27,,,1,69,,12633,27,,,1,29,,12634,27,,,1,70,,12635,27,,,1,30,,12636,27,,,1,69,,12637,27,,,1
8000,'SAT',718,,12651,27,,,1,100,,12638,27,,,1,30,,12639,27,,,1,70,,12640,27,,,1,30,,12652,27,,,1,70,,12641,27,,,1,31,,12653,27,,,1,70,,12642,27,,,1,30,,12654,27,,,1,70,,12643,27,,,1,31,,12655,27,,,1,70,,12644,27,,,1,30,,12656,27,,,1,70,,12645,27,,,1,30,,12657,27,,,1,70,,12646,27,,,1,30,,12658,27,,,1,70,,12647,27,,,1,30,,12659,27,,,1,70,,12648,27,,,1,29,,12660,27,,,1,70,,12649,27,,,1,30,,12661,27,,,1,70,,12650,27,,,1,30,,12662,27,,,1,69,,12665,27,,,1,31,,12663,27,,,1,100,,12664,27,,,1
8000,'SUN',718,,12679,27,,,1,100,,12666,27,,,1,30,,12667,27,,,1,70,,12668,27,,,1,30,,12680,27,,,1,70,,12669,27,,,1,31,,12681,27,,,1,70,,12670,27,,,1,30,,12682,27,,,1,70,,12671,27,,,1,31,,12683,27,,,1,70,,12672,27,,,1,30,,12684,27,,,1,70,,12673,27,,,1,30,,12685,27,,,1,70,,12674,27,,,1,30,,12686,27,,,1,70,,12675,27,,,1,30,,12687,27,,,1,70,,12676,27,,,1,29,,12688,27,,,1,70,,12677,27,,,1,30,,12689,27,,,1,70,,12678,27,,,1,30,,12690,27,,,1,69,,12693,27,,,1,31,,12691,27,,,1,99,,12692,27,,,1
8000,'CCFWK',619,,12694,27,,,1,30,,12695,27,,,1,71,,12696,27,,,1,31,,12697,27,,,1,70,,12698,27,,,1,30,,12699,27,,,1,69,,12700,27,,,1,30,,12701,27,,,1,70,,12702,27,,,1,31,,12703,27,,,1,70,,12704,27,,,1,30,,12705,27,,,1,70,,12706,27,,,1,30,,12707,27,,,1,70,,12708,27,,,1,31,,12709,27,,,1,70,,12710,27,,,1,30,,12711,27,,,1,73,,12712,27,,,1,33,,12713,27,,,1,67,,12714,27,,,1,29,,12715,27,,,1,69,,12716,27,,,1,28,,12717,27,,,1,69,,12718,27,,,1,30,,12719,27,,,1,69,,12720,27,,,1,29,,12721,27,,,1,70,,12722,27,,,1,30,,12723,27,,,1,69,,12724,27,,,1
8000,'CCFFF',619,,12725,27,,,1,30,,12726,27,,,1,71,,12727,27,,,1,31,,12728,27,,,1,70,,12729,27,,,1,30,,12730,27,,,1,69,,12731,27,,,1,30,,12732,27,,,1,70,,12733,27,,,1,31,,12734,27,,,1,70,,12735,27,,,1,30,,12736,27,,,1,70,,12737,27,,,1,30,,12738,27,,,1,70,,12739,27,,,1,31,,12740,27,,,1,70,,12741,27,,,1,30,,12742,27,,,1,73,,12743,27,,,1,33,,12744,27,,,1,67,,12745,27,,,1,29,,12746,27,,,1,69,,12747,27,,,1,28,,12748,27,,,1,69,,12749,27,,,1,30,,12750,27,,,1,69,,12751,27,,,1,29,,12752,27,,,1,70,,12753,27,,,1,30,,12754,27,,,1,69,,12755,27,,,1
8000,'CCFSAT',718,,12769,27,,,1,100,,12756,27,,,1,30,,12757,27,,,1,70,,12758,27,,,1,30,,12770,27,,,1,70,,12759,27,,,1,31,,12771,27,,,1,70,,12760,27,,,1,30,,12772,27,,,1,70,,12761,27,,,1,31,,12773,27,,,1,70,,12762,27,,,1,30,,12774,27,,,1,70,,12763,27,,,1,30,,12775,27,,,1,70,,12764,27,,,1,30,,12776,27,,,1,70,,12765,27,,,1,30,,12777,27,,,1,70,,12766,27,,,1,29,,12778,27,,,1,70,,12767,27,,,1,30,,12779,27,,,1,70,,12768,27,,,1,30,,12780,27,,,1,69,,12783,27,,,1,31,,12781,27,,,1,100,,12782,27,,,1
8000,'CCFSUN',718,,12797,27,,,1,100,,12784,27,,,1,30,,12785,27,,,1,70,,12786,27,,,1,30,,12798,27,,,1,70,,12787,27,,,1,31,,12799,27,,,1,70,,12788,27,,,1,30,,12800,27,,,1,70,,12789,27,,,1,31,,12801,27,,,1,70,,12790,27,,,1,30,,12802,27,,,1,70,,12791,27,,,1,30,,12803,27,,,1,70,,12792,27,,,1,30,,12804,27,,,1,70,,12793,27,,,1,30,,12805,27,,,1,70,,12794,27,,,1,29,,12806,27,,,1,70,,12795,27,,,1,30,,12807,27,,,1,70,,12796,27,,,1,30,,12808,27,,,1,70,,12811,27,,,1,30,,12809,27,,,1,99,,12810,27,,,1
