3101,'WKDY',543,,6231,6,,,1,71,,6232,6,,,1,30,,6233,6,,,1,70,,6234,6,,,1,31,,6235,6,,,1,72,,6236,6,,,1,30,,6237,6,,,1,68,,6238,6,,,1,31,,6239,6,,,1,70,,6240,6,,,1,30,,6241,6,,,1,70,,6242,6,,,1,32,,6243,6,,,1,70,,6244,6,,,1,30,,6245,6,,,1,70,,6246,6,,,1,30,,6247,6,,,1,70,,6248,6,,,1,32,,6249,6,,,1,70,,6250,6,,,1,30,,6251,6,,,1,70,,6252,6,,,1,28,,6253,6,,,1,68,,6254,6,,,1,30,,6255,6,,,1,70,,6256,6,,,1,29,,6257,6,,,1,70,,6258,6,,,1,100,,6259,6,,,1,97,,6260,6,,,1
3101,'SAT',849,,6261,6,,,1,80,,6262,6,,,1,80,,6263,6,,,1,40,,6264,6,,,1,81,,6265,6,,,1,80,,6266,6,,,1,40,,6267,6,,,1,80,,6268,6,,,1,80,,6269,6,,,1,40,,6270,6,,,1,80,,6271,6,,,1,80,,6272,6,,,1,40,,6273,6,,,1,80,,6274,6,,,1,80,,6275,6,,,1,39,,6276,6,,,1,80,,6277,6,,,1,80,,6278,6,,,1
3101,'SUN',849,,6279,6,,,1,100,,6280,6,,,1,100,,6281,6,,,1,101,,6282,6,,,1,100,,6283,6,,,1,100,,6284,6,,,1,100,,6285,6,,,1,100,,6286,6,,,1,100,,6287,6,,,1,99,,6288,6,,,1,100,,6289,6,,,1,100,,6290,6,,,1
3101,'CCFWK',543,,6291,6,,,1,71,,6292,6,,,1,30,,6293,6,,,1,70,,6294,6,,,1,31,,6295,6,,,1,72,,6296,6,,,1,30,,6297,6,,,1,68,,6298,6,,,1,31,,6299,6,,,1,70,,6300,6,,,1,30,,6301,6,,,1,70,,6302,6,,,1,32,,6303,6,,,1,70,,6304,6,,,1,30,,6305,6,,,1,70,,6306,6,,,1,30,,6307,6,,,1,70,,6308,6,,,1,32,,6309,6,,,1,70,,6310,6,,,1,30,,6311,6,,,1,70,,6312,6,,,1,28,,6313,6,,,1,68,,6314,6,,,1,30,,6315,6,,,1,70,,6316,6,,,1,29,,6317,6,,,1,70,,6318,6,,,1,100,,6319,6,,,1,97,,6320,6,,,1
3101,'CCFFF',543,,6321,6,,,1,71,,6322,6,,,1,30,,6323,6,,,1,70,,6324,6,,,1,31,,6325,6,,,1,72,,6326,6,,,1,30,,6327,6,,,1,68,,6328,6,,,1,31,,6329,6,,,1,70,,6330,6,,,1,30,,6331,6,,,1,70,,6332,6,,,1,32,,6333,6,,,1,70,,6334,6,,,1,30,,6335,6,,,1,70,,6336,6,,,1,30,,6337,6,,,1,70,,6338,6,,,1,32,,6339,6,,,1,70,,6340,6,,,1,30,,6341,6,,,1,70,,6342,6,,,1,28,,6343,6,,,1,68,,6344,6,,,1,30,,6345,6,,,1,70,,6346,6,,,1,29,,6347,6,,,1,70,,6348,6,,,1,100,,6349,6,,,1,97,,6350,6,,,1
3101,'CCFSAT',849,,6351,6,,,1,80,,6352,6,,,1,80,,6353,6,,,1,40,,6354,6,,,1,81,,6355,6,,,1,80,,6356,6,,,1,40,,6357,6,,,1,80,,6358,6,,,1,80,,6359,6,,,1,40,,6360,6,,,1,80,,6361,6,,,1,80,,6362,6,,,1,40,,6363,6,,,1,80,,6364,6,,,1,80,,6365,6,,,1,39,,6366,6,,,1,80,,6367,6,,,1,80,,6368,6,,,1
3101,'CCFSUN',849,,6369,6,,,1,100,,6370,6,,,1,100,,6371,6,,,1,101,,6372,6,,,1,100,,6373,6,,,1,100,,6374,6,,,1,100,,6375,6,,,1,100,,6376,6,,,1,100,,6377,6,,,1,99,,6378,6,,,1,100,,6379,6,,,1,100,,6380,6,,,1
7100,'WKDY',555,,10851,9,,,1,66,,10852,9,,,1,30,,10853,9,,,1,70,,10854,9,,,1,15,,10855,9,,,1,15,,10856,9,,,1,55,,10857,9,,,1,16,,10858,9,,,1,15,,10859,9,,,1,15,,10860,9,,,1,55,,10861,9,,,1,16,,10862,9,,,1,15,,10863,9,,,1,16,,10864,9,,,1,55,,10865,9,,,1,15,,10866,9,,,1,16,,10867,9,,,1,15,,10868,9,,,1,55,,10869,9,,,1,15,,10870,9,,,1,16,,10871,9,,,1,15,,10872,9,,,1,59,,10873,9,,,1,8,,10874,9,,,1,15,,10875,9,,,1,15,,10876,9,,,1,56,,10877,9,,,1,15,,10878,9,,,1,15,,10879,9,,,1,15,,10880,9,,,1,56,,10881,9,,,1,15,,10882,9,,,1,17,,10883,9,,,1,15,,10884,9,,,1,55,,10885,9,,,1,16,,10886,9,,,1,15,,10887,9,,,1,15,,10888,9,,,1,55,,10889,9,,,1,15,,10890,9,,,1,15,,10891,9,,,1,15,,10892,9,,,1,55,,10893,9,,,1,15,,10894,9,,,1,15,,10895,9,,,1,14,,10896,9,,,1,54,,10897,9,,,1,15,,10898,9,,,1,28,,10899,9,,,1,68,,10900,9,,,1,30,,10901,9,,,1,70,,10902,9,,,1,29,,10903,9,,,1,69,,10904,9,,,1,29,,10905,9,,,1,69,,10906,9,,,1,29,,10907,9,,,1,100,,10908,9,,,1
7100,'SAT',651,,10909,9,,,1,60,,10910,9,,,1,21,,10911,9,,,1,20,,10912,9,,,1,61,,10913,9,,,1,21,,10914,9,,,1,20,,10915,9,,,1,60,,10916,9,,,1,21,,10917,9,,,1,20,,10918,9,,,1,60,,10919,9,,,1,21,,10920,9,,,1,20,,10921,9,,,1,61,,10922,9,,,1,20,,10923,9,,,1,20,,10924,9,,,1,61,,10925,9,,,1,22,,10926,9,,,1,61,,10927,9,,,1,20,,10928,9,,,1,20,,10929,9,,,1,61,,10930,9,,,1,20,,10931,9,,,1,21,,10932,9,,,1,60,,10933,9,,,1,20,,10934,9,,,1,20,,10935,9,,,1,60,,10936,9,,,1,20,,10937,9,,,1,19,,10938,9,,,1,60,,10939,9,,,1,20,,10940,9,,,1,19,,10941,9,,,1,60,,10942,9,,,1,20,,10943,9,,,1,19,,10944,9,,,1,60,,10945,9,,,1,19,,10946,9,,,1,20,,10947,9,,,1,20,,10948,9,,,1,59,,10949,9,,,1,20,,10950,9,,,1,20,,10951,9,,,1,58,,10952,9,,,1,20,,10953,9,,,1,20,,10954,9,,,1,69,,10955,9,,,1,29,,10956,9,,,1,70,,10957,9,,,1
7100,'SUN',651,,10958,9,,,1,71,,10959,9,,,1,30,,10960,9,,,1,72,,10961,9,,,1,30,,10962,9,,,1,70,,10963,9,,,1,31,,10964,9,,,1,70,,10965,9,,,1,31,,10966,9,,,1,71,,10967,9,,,1,30,,10968,9,,,1,74,,10969,9,,,1,70,,10970,9,,,1,30,,10971,9,,,1,71,,10972,9,,,1,30,,10973,9,,,1,71,,10974,9,,,1,30,,10975,9,,,1,70,,10976,9,,,1,30,,10977,9,,,1,69,,10978,9,,,1,30,,10979,9,,,1,69,,10980,9,,,1,29,,10981,9,,,1,70,,10982,9,,,1,29,,10983,9,,,1,30,,10984,9,,,1,69,,10985,9,,,1,30,,10986,9,,,1,70,,10987,9,,,1,30,,10988,9,,,1,58,,10989,9,,,1,29,,10990,9,,,1,69,,10991,9,,,1
7100,'CCFWK',555,,10992,9,,,1,66,,10993,9,,,1,30,,10994,9,,,1,70,,10995,9,,,1,15,,10996,9,,,1,15,,10997,9,,,1,55,,10998,9,,,1,16,,10999,9,,,1,15,,11000,9,,,1,15,,11001,9,,,1,55,,11002,9,,,1,16,,11003,9,,,1,15,,11004,9,,,1,16,,11005,9,,,1,55,,11006,9,,,1,15,,11007,9,,,1,16,,11008,9,,,1,15,,11009,9,,,1,55,,11010,9,,,1,15,,11011,9,,,1,16,,11012,9,,,1,15,,11013,9,,,1,59,,11014,9,,,1,8,,11015,9,,,1,15,,11016,9,,,1,15,,11017,9,,,1,56,,11018,9,,,1,15,,11019,9,,,1,15,,11020,9,,,1,15,,11021,9,,,1,56,,11022,9,,,1,15,,11023,9,,,1,17,,11024,9,,,1,15,,11025,9,,,1,55,,11026,9,,,1,16,,11027,9,,,1,15,,11028,9,,,1,15,,11029,9,,,1,55,,11030,9,,,1,15,,11031,9,,,1,15,,11032,9,,,1,15,,11033,9,,,1,55,,11034,9,,,1,15,,11035,9,,,1,15,,11036,9,,,1,14,,11037,9,,,1,54,,11038,9,,,1,15,,11039,9,,,1,28,,11040,9,,,1,68,,11041,9,,,1,30,,11042,9,,,1,70,,11043,9,,,1,29,,11044,9,,,1,69,,11045,9,,,1,29,,11046,9,,,1,69,,11047,9,,,1,29,,11048,9,,,1,100,,11049,9,,,1
7100,'CCFFF',555,,11050,9,,,1,66,,11051,9,,,1,30,,11052,9,,,1,70,,11053,9,,,1,15,,11054,9,,,1,15,,11055,9,,,1,55,,11056,9,,,1,16,,11057,9,,,1,15,,11058,9,,,1,15,,11059,9,,,1,55,,11060,9,,,1,16,,11061,9,,,1,15,,11062,9,,,1,16,,11063,9,,,1,55,,11064,9,,,1,15,,11065,9,,,1,16,,11066,9,,,1,15,,11067,9,,,1,55,,11068,9,,,1,15,,11069,9,,,1,16,,11070,9,,,1,15,,11071,9,,,1,59,,11072,9,,,1,8,,11073,9,,,1,15,,11074,9,,,1,15,,11075,9,,,1,56,,11076,9,,,1,15,,11077,9,,,1,15,,11078,9,,,1,15,,11079,9,,,1,56,,11080,9,,,1,15,,11081,9,,,1,17,,11082,9,,,1,15,,11083,9,,,1,55,,11084,9,,,1,16,,11085,9,,,1,15,,11086,9,,,1,15,,11087,9,,,1,55,,11088,9,,,1,15,,11089,9,,,1,15,,11090,9,,,1,15,,11091,9,,,1,55,,11092,9,,,1,15,,11093,9,,,1,15,,11094,9,,,1,14,,11095,9,,,1,54,,11096,9,,,1,15,,11097,9,,,1,28,,11098,9,,,1,68,,11099,9,,,1,30,,11100,9,,,1,70,,11101,9,,,1,29,,11102,9,,,1,69,,11103,9,,,1,29,,11104,9,,,1,69,,11105,9,,,1,29,,11106,9,,,1,100,,11107,9,,,1
7100,'CCFSAT',651,,11108,9,,,1,60,,11109,9,,,1,21,,11110,9,,,1,20,,11111,9,,,1,61,,11112,9,,,1,21,,11113,9,,,1,20,,11114,9,,,1,60,,11115,9,,,1,21,,11116,9,,,1,20,,11117,9,,,1,60,,11118,9,,,1,21,,11119,9,,,1,20,,11120,9,,,1,61,,11121,9,,,1,20,,11122,9,,,1,20,,11123,9,,,1,61,,11124,9,,,1,22,,11125,9,,,1,61,,11126,9,,,1,20,,11127,9,,,1,20,,11128,9,,,1,61,,11129,9,,,1,20,,11130,9,,,1,21,,11131,9,,,1,60,,11132,9,,,1,20,,11133,9,,,1,20,,11134,9,,,1,60,,11135,9,,,1,20,,11136,9,,,1,19,,11137,9,,,1,60,,11138,9,,,1,20,,11139,9,,,1,19,,11140,9,,,1,60,,11141,9,,,1,20,,11142,9,,,1,19,,11143,9,,,1,60,,11144,9,,,1,19,,11145,9,,,1,20,,11146,9,,,1,20,,11147,9,,,1,59,,11148,9,,,1,20,,11149,9,,,1,20,,11150,9,,,1,58,,11151,9,,,1,20,,11152,9,,,1,20,,11153,9,,,1,69,,11154,9,,,1,29,,11155,9,,,1,70,,11156,9,,,1
7100,'CCFSUN',651,,11157,9,,,1,71,,11158,9,,,1,30,,11159,9,,,1,72,,11160,9,,,1,30,,11161,9,,,1,70,,11162,9,,,1,31,,11163,9,,,1,70,,11164,9,,,1,31,,11165,9,,,1,71,,11166,9,,,1,30,,11167,9,,,1,74,,11168,9,,,1,70,,11169,9,,,1,30,,11170,9,,,1,71,,11171,9,,,1,30,,11172,9,,,1,71,,11173,9,,,1,30,,11174,9,,,1,70,,11175,9,,,1,30,,11176,9,,,1,69,,11177,9,,,1,30,,11178,9,,,1,69,,11179,9,,,1,29,,11180,9,,,1,70,,11181,9,,,1,29,,11182,9,,,1,30,,11183,9,,,1,69,,11184,9,,,1,30,,11185,9,,,1,70,,11186,9,,,1,30,,11187,9,,,1,58,,11188,9,,,1,29,,11189,9,,,1,69,,11190,9,,,1
