1201,'WKDY',637,,5038,18,,,1,70,,5039,18,,,1,30,,5040,18,,,1,70,,5041,18,,,1,30,,5042,18,,,1,70,,5043,18,,,1,30,,5044,18,,,1,70,,5045,18,,,1,30,,5046,18,,,1,70,,5047,18,,,1,30,,5048,18,,,1,70,,5049,18,,,1,30,,5050,18,,,1,70,,5051,18,,,1,30,,5052,18,,,1,70,,5053,18,,,1,30,,5054,18,,,1,70,,5055,18,,,1,32,,5056,18,,,1,70,,5057,18,,,1,30,,5058,18,,,1,70,,5059,18,,,1,30,,5060,18,,,1,70,,5061,18,,,1,28,,5062,18,,,1,70,,5063,18,,,1,30,,5064,18,,,1,69,,5065,18,,,1,30,,5066,18,,,1,69,,5067,18,,,1,30,,5068,18,,,1,70,,5069,18,,,1
1201,'SAT',725,,5070,18,,,1,100,,5071,18,,,1,101,,5072,18,,,1,100,,5073,18,,,1,101,,5074,18,,,1,100,,5075,18,,,1,100,,5076,18,,,1,100,,5077,18,,,1,100,,5078,18,,,1,100,,5079,18,,,1,99,,5080,18,,,1,100,,5081,18,,,1,99,,5082,18,,,1,100,,5083,18,,,1,100,,5084,18,,,1,100,,5085,18,,,1
1201,'SUN',725,,5086,18,,,1,100,,5087,18,,,1,101,,5088,18,,,1,100,,5089,18,,,1,101,,5090,18,,,1,100,,5091,18,,,1,100,,5092,18,,,1,100,,5093,18,,,1,100,,5094,18,,,1,100,,5095,18,,,1,99,,5096,18,,,1,100,,5097,18,,,1,99,,5098,18,,,1,100,,5099,18,,,1,100,,5100,18,,,1,100,,5101,18,,,1
1201,'CCFWK',637,,5102,18,,,1,70,,5103,18,,,1,30,,5104,18,,,1,70,,5105,18,,,1,30,,5106,18,,,1,70,,5107,18,,,1,30,,5108,18,,,1,70,,5109,18,,,1,30,,5110,18,,,1,70,,5111,18,,,1,30,,5112,18,,,1,70,,5113,18,,,1,30,,5114,18,,,1,70,,5115,18,,,1,30,,5116,18,,,1,70,,5117,18,,,1,30,,5118,18,,,1,70,,5119,18,,,1,32,,5120,18,,,1,70,,5121,18,,,1,30,,5122,18,,,1,70,,5123,18,,,1,30,,5124,18,,,1,70,,5125,18,,,1,28,,5126,18,,,1,70,,5127,18,,,1,30,,5128,18,,,1,69,,5129,18,,,1,30,,5130,18,,,1,69,,5131,18,,,1,30,,5132,18,,,1,70,,5133,18,,,1
1201,'CCFFF',637,,5134,18,,,1,70,,5135,18,,,1,30,,5136,18,,,1,70,,5137,18,,,1,30,,5138,18,,,1,70,,5139,18,,,1,30,,5140,18,,,1,70,,5141,18,,,1,30,,5142,18,,,1,70,,5143,18,,,1,30,,5144,18,,,1,70,,5145,18,,,1,30,,5146,18,,,1,70,,5147,18,,,1,30,,5148,18,,,1,70,,5149,18,,,1,30,,5150,18,,,1,70,,5151,18,,,1,32,,5152,18,,,1,70,,5153,18,,,1,30,,5154,18,,,1,70,,5155,18,,,1,30,,5156,18,,,1,70,,5157,18,,,1,28,,5158,18,,,1,70,,5159,18,,,1,30,,5160,18,,,1,69,,5161,18,,,1,30,,5162,18,,,1,69,,5163,18,,,1,30,,5164,18,,,1,70,,5165,18,,,1
1201,'CCFSAT',725,,5166,18,,,1,100,,5167,18,,,1,101,,5168,18,,,1,100,,5169,18,,,1,101,,5170,18,,,1,100,,5171,18,,,1,100,,5172,18,,,1,100,,5173,18,,,1,100,,5174,18,,,1,100,,5175,18,,,1,99,,5176,18,,,1,100,,5177,18,,,1,99,,5178,18,,,1,100,,5179,18,,,1,100,,5180,18,,,1,100,,5181,18,,,1
1201,'CCFSUN',725,,5182,18,,,1,100,,5183,18,,,1,101,,5184,18,,,1,100,,5185,18,,,1,101,,5186,18,,,1,100,,5187,18,,,1,100,,5188,18,,,1,100,,5189,18,,,1,100,,5190,18,,,1,100,,5191,18,,,1,99,,5192,18,,,1,100,,5193,18,,,1,99,,5194,18,,,1,100,,5195,18,,,1,100,,5196,18,,,1,100,,5197,18,,,1
8001,'WKDY',616,,12607,24,,,1,30,,12608,24,,,1,71,,12609,24,,,1,31,,12610,24,,,1,70,,12611,24,,,1,30,,12612,24,,,1,69,,12613,24,,,1,30,,12614,24,,,1,70,,12615,24,,,1,31,,12616,24,,,1,70,,12617,24,,,1,30,,12618,24,,,1,70,,12619,24,,,1,30,,12620,24,,,1,70,,12621,24,,,1,31,,12622,24,,,1,70,,12623,24,,,1,30,,12624,24,,,1,72,,12625,24,,,1,33,,12626,24,,,1,67,,12627,24,,,1,29,,12628,24,,,1,69,,12629,24,,,1,29,,12630,24,,,1,69,,12631,24,,,1,30,,12632,24,,,1,70,,12633,24,,,1,29,,12634,24,,,1,70,,12635,24,,,1,30,,12636,24,,,1,69,,12637,24,,,1
8001,'SAT',716,,12651,24,,,1,100,,12638,24,,,1,30,,12639,24,,,1,70,,12640,24,,,1,30,,12652,24,,,1,70,,12641,24,,,1,31,,12653,24,,,1,70,,12642,24,,,1,30,,12654,24,,,1,70,,12643,24,,,1,30,,12655,24,,,1,70,,12644,24,,,1,30,,12656,24,,,1,70,,12645,24,,,1,30,,12657,24,,,1,70,,12646,24,,,1,30,,12658,24,,,1,70,,12647,24,,,1,30,,12659,24,,,1,70,,12648,24,,,1,30,,12660,24,,,1,70,,12649,24,,,1,30,,12661,24,,,1,70,,12650,24,,,1,30,,12662,24,,,1,69,,12665,24,,,1,31,,12663,24,,,1,100,,12664,24,,,1
8001,'SUN',716,,12679,24,,,1,100,,12666,24,,,1,30,,12667,24,,,1,70,,12668,24,,,1,30,,12680,24,,,1,70,,12669,24,,,1,31,,12681,24,,,1,70,,12670,24,,,1,30,,12682,24,,,1,70,,12671,24,,,1,30,,12683,24,,,1,70,,12672,24,,,1,30,,12684,24,,,1,70,,12673,24,,,1,30,,12685,24,,,1,70,,12674,24,,,1,30,,12686,24,,,1,70,,12675,24,,,1,30,,12687,24,,,1,70,,12676,24,,,1,30,,12688,24,,,1,70,,12677,24,,,1,30,,12689,24,,,1,70,,12678,24,,,1,30,,12690,24,,,1,69,,12693,24,,,1,31,,12691,24,,,1,99,,12692,24,,,1
8001,'CCFWK',616,,12694,24,,,1,30,,12695,24,,,1,71,,12696,24,,,1,31,,12697,24,,,1,70,,12698,24,,,1,30,,12699,24,,,1,69,,12700,24,,,1,30,,12701,24,,,1,70,,12702,24,,,1,31,,12703,24,,,1,70,,12704,24,,,1,30,,12705,24,,,1,70,,12706,24,,,1,30,,12707,24,,,1,70,,12708,24,,,1,31,,12709,24,,,1,70,,12710,24,,,1,30,,12711,24,,,1,72,,12712,24,,,1,33,,12713,24,,,1,67,,12714,24,,,1,29,,12715,24,,,1,69,,12716,24,,,1,29,,12717,24,,,1,69,,12718,24,,,1,30,,12719,24,,,1,70,,12720,24,,,1,29,,12721,24,,,1,70,,12722,24,,,1,30,,12723,24,,,1,69,,12724,24,,,1
8001,'CCFFF',616,,12725,24,,,1,30,,12726,24,,,1,71,,12727,24,,,1,31,,12728,24,,,1,70,,12729,24,,,1,30,,12730,24,,,1,69,,12731,24,,,1,30,,12732,24,,,1,70,,12733,24,,,1,31,,12734,24,,,1,70,,12735,24,,,1,30,,12736,24,,,1,70,,12737,24,,,1,30,,12738,24,,,1,70,,12739,24,,,1,31,,12740,24,,,1,70,,12741,24,,,1,30,,12742,24,,,1,72,,12743,24,,,1,33,,12744,24,,,1,67,,12745,24,,,1,29,,12746,24,,,1,69,,12747,24,,,1,29,,12748,24,,,1,69,,12749,24,,,1,30,,12750,24,,,1,70,,12751,24,,,1,29,,12752,24,,,1,70,,12753,24,,,1,30,,12754,24,,,1,69,,12755,24,,,1
8001,'CCFSAT',716,,12769,24,,,1,100,,12756,24,,,1,30,,12757,24,,,1,70,,12758,24,,,1,30,,12770,24,,,1,70,,12759,24,,,1,31,,12771,24,,,1,70,,12760,24,,,1,30,,12772,24,,,1,70,,12761,24,,,1,30,,12773,24,,,1,70,,12762,24,,,1,30,,12774,24,,,1,70,,12763,24,,,1,30,,12775,24,,,1,70,,12764,24,,,1,30,,12776,24,,,1,70,,12765,24,,,1,30,,12777,24,,,1,70,,12766,24,,,1,30,,12778,24,,,1,70,,12767,24,,,1,30,,12779,24,,,1,70,,12768,24,,,1,30,,12780,24,,,1,69,,12783,24,,,1,31,,12781,24,,,1,100,,12782,24,,,1
8001,'CCFSUN',716,,12797,24,,,1,100,,12784,24,,,1,30,,12785,24,,,1,70,,12786,24,,,1,30,,12798,24,,,1,70,,12787,24,,,1,31,,12799,24,,,1,70,,12788,24,,,1,30,,12800,24,,,1,70,,12789,24,,,1,30,,12801,24,,,1,70,,12790,24,,,1,30,,12802,24,,,1,70,,12791,24,,,1,30,,12803,24,,,1,70,,12792,24,,,1,30,,12804,24,,,1,70,,12793,24,,,1,30,,12805,24,,,1,70,,12794,24,,,1,30,,12806,24,,,1,70,,12795,24,,,1,30,,12807,24,,,1,70,,12796,24,,,1,30,,12808,24,,,1,70,,12811,24,,,1,30,,12809,24,,,1,99,,12810,24,,,1
