3101,'WKDY',538,,6077,19,,,1,70,,6078,19,,,1,30,,6079,19,,,1,68,,6080,19,,,1,30,,6081,19,,,1,70,,6082,19,,,1,30,,6083,19,,,1,69,,6084,19,,,1,30,,6085,19,,,1,70,,6086,19,,,1,29,,6087,19,,,1,70,,6088,19,,,1,29,,6089,19,,,1,70,,6090,19,,,1,28,,6091,19,,,1,70,,6092,19,,,1,30,,6093,19,,,1,70,,6094,19,,,1,29,,6095,19,,,1,70,,6096,19,,,1,31,,6097,19,,,1,70,,6098,19,,,1,30,,6099,19,,,1,71,,6100,19,,,1,32,,6101,19,,,1,72,,6102,19,,,1,31,,6103,19,,,1,70,,6104,19,,,1,100,,6105,19,,,1,101,,6106,19,,,1
3101,'SAT',746,,6107,19,,,1,79,,6108,19,,,1,79,,6109,19,,,1,40,,6110,19,,,1,79,,6111,19,,,1,79,,6112,19,,,1,38,,6113,19,,,1,80,,6114,19,,,1,80,,6115,19,,,1,40,,6116,19,,,1,80,,6117,19,,,1,80,,6118,19,,,1,40,,6119,19,,,1,82,,6120,19,,,1,80,,6121,19,,,1,41,,6122,19,,,1,81,,6123,19,,,1,81,,6124,19,,,1,40,,6125,19,,,1
3101,'SUN',746,,6126,19,,,1,100,,6127,19,,,1,98,,6128,19,,,1,100,,6129,19,,,1,96,,6130,19,,,1,100,,6131,19,,,1,100,,6132,19,,,1,100,,6133,19,,,1,100,,6134,19,,,1,101,,6135,19,,,1,102,,6136,19,,,1,100,,6137,19,,,1,102,,6138,19,,,1
3101,'CCFWK',538,,6139,19,,,1,70,,6140,19,,,1,30,,6141,19,,,1,68,,6142,19,,,1,30,,6143,19,,,1,70,,6144,19,,,1,30,,6145,19,,,1,69,,6146,19,,,1,30,,6147,19,,,1,70,,6148,19,,,1,29,,6149,19,,,1,70,,6150,19,,,1,29,,6151,19,,,1,70,,6152,19,,,1,28,,6153,19,,,1,70,,6154,19,,,1,30,,6155,19,,,1,70,,6156,19,,,1,29,,6157,19,,,1,70,,6158,19,,,1,31,,6159,19,,,1,70,,6160,19,,,1,30,,6161,19,,,1,71,,6162,19,,,1,32,,6163,19,,,1,72,,6164,19,,,1,31,,6165,19,,,1,70,,6166,19,,,1,100,,6167,19,,,1,101,,6168,19,,,1
3101,'CCFFF',538,,6169,19,,,1,70,,6170,19,,,1,30,,6171,19,,,1,68,,6172,19,,,1,30,,6173,19,,,1,70,,6174,19,,,1,30,,6175,19,,,1,69,,6176,19,,,1,30,,6177,19,,,1,70,,6178,19,,,1,29,,6179,19,,,1,70,,6180,19,,,1,29,,6181,19,,,1,70,,6182,19,,,1,28,,6183,19,,,1,70,,6184,19,,,1,30,,6185,19,,,1,70,,6186,19,,,1,29,,6187,19,,,1,70,,6188,19,,,1,31,,6189,19,,,1,70,,6190,19,,,1,30,,6191,19,,,1,71,,6192,19,,,1,32,,6193,19,,,1,72,,6194,19,,,1,31,,6195,19,,,1,70,,6196,19,,,1,100,,6197,19,,,1,101,,6198,19,,,1
3101,'CCFSAT',746,,6199,19,,,1,79,,6200,19,,,1,79,,6201,19,,,1,40,,6202,19,,,1,79,,6203,19,,,1,79,,6204,19,,,1,38,,6205,19,,,1,80,,6206,19,,,1,80,,6207,19,,,1,40,,6208,19,,,1,80,,6209,19,,,1,80,,6210,19,,,1,40,,6211,19,,,1,82,,6212,19,,,1,80,,6213,19,,,1,41,,6214,19,,,1,81,,6215,19,,,1,81,,6216,19,,,1,40,,6217,19,,,1
3101,'CCFSUN',746,,6218,19,,,1,100,,6219,19,,,1,98,,6220,19,,,1,100,,6221,19,,,1,96,,6222,19,,,1,100,,6223,19,,,1,100,,6224,19,,,1,100,,6225,19,,,1,100,,6226,19,,,1,101,,6227,19,,,1,102,,6228,19,,,1,100,,6229,19,,,1,102,,6230,19,,,1
7101,'WKDY',539,,11191,17,,,1,65,,11192,17,,,1,29,,11193,17,,,1,70,,11194,17,,,1,15,,11195,17,,,1,15,,11196,17,,,1,15,,11197,17,,,1,55,,11198,17,,,1,15,,11199,17,,,1,15,,11200,17,,,1,15,,11201,17,,,1,56,,11202,17,,,1,15,,11203,17,,,1,16,,11204,17,,,1,15,,11205,17,,,1,55,,11206,17,,,1,15,,11207,17,,,1,15,,11208,17,,,1,15,,11209,17,,,1,55,,11210,17,,,1,15,,11211,17,,,1,15,,11212,17,,,1,19,,11213,17,,,1,48,,11214,17,,,1,15,,11215,17,,,1,15,,11216,17,,,1,16,,11217,17,,,1,55,,11218,17,,,1,15,,11219,17,,,1,15,,11220,17,,,1,16,,11221,17,,,1,55,,11222,17,,,1,16,,11223,17,,,1,16,,11224,17,,,1,15,,11225,17,,,1,56,,11226,17,,,1,15,,11227,17,,,1,16,,11228,17,,,1,15,,11229,17,,,1,55,,11230,17,,,1,15,,11231,17,,,1,15,,11232,17,,,1,15,,11233,17,,,1,55,,11234,17,,,1,16,,11235,17,,,1,14,,11236,17,,,1,14,,11237,17,,,1,55,,11238,17,,,1,28,,11239,17,,,1,68,,11240,17,,,1,31,,11241,17,,,1,70,,11242,17,,,1,30,,11243,17,,,1,69,,11244,17,,,1,29,,11245,17,,,1,70,,11246,17,,,1,30,,11247,17,,,1,100,,11248,17,,,1
7101,'SAT',636,,11249,17,,,1,20,,11296,17,,,1,60,,11297,17,,,1,20,,11250,17,,,1,20,,11251,17,,,1,61,,11252,17,,,1,20,,11253,17,,,1,20,,11254,17,,,1,60,,11255,17,,,1,20,,11256,17,,,1,20,,11257,17,,,1,59,,11258,17,,,1,20,,11259,17,,,1,20,,11260,17,,,1,60,,11261,17,,,1,20,,11262,17,,,1,21,,11263,17,,,1,62,,11264,17,,,1,21,,11265,17,,,1,61,,11266,17,,,1,20,,11267,17,,,1,21,,11268,17,,,1,60,,11269,17,,,1,21,,11270,17,,,1,20,,11271,17,,,1,60,,11272,17,,,1,20,,11273,17,,,1,20,,11274,17,,,1,60,,11275,17,,,1,19,,11276,17,,,1,20,,11277,17,,,1,60,,11278,17,,,1,19,,11279,17,,,1,20,,11280,17,,,1,60,,11281,17,,,1,20,,11282,17,,,1,20,,11283,17,,,1,60,,11284,17,,,1,20,,11285,17,,,1,20,,11286,17,,,1,60,,11287,17,,,1,20,,11288,17,,,1,20,,11289,17,,,1,18,,11290,17,,,1,60,,11291,17,,,1,20,,11292,17,,,1,70,,11293,17,,,1,30,,11294,17,,,1,70,,11295,17,,,1
7101,'SUN',636,,11298,17,,,1,70,,11331,17,,,1,30,,11299,17,,,1,71,,11300,17,,,1,30,,11301,17,,,1,70,,11302,17,,,1,30,,11303,17,,,1,70,,11304,17,,,1,29,,11305,17,,,1,70,,11306,17,,,1,30,,11307,17,,,1,74,,11308,17,,,1,30,,11309,17,,,1,71,,11310,17,,,1,31,,11311,17,,,1,70,,11312,17,,,1,31,,11313,17,,,1,70,,11314,17,,,1,30,,11315,17,,,1,70,,11316,17,,,1,29,,11317,17,,,1,70,,11318,17,,,1,29,,11319,17,,,1,69,,11320,17,,,1,31,,11321,17,,,1,70,,11322,17,,,1,30,,11323,17,,,1,70,,11324,17,,,1,30,,11325,17,,,1,70,,11326,17,,,1,30,,11327,17,,,1,18,,11328,17,,,1,70,,11329,17,,,1,30,,11330,17,,,1
7101,'CCFWK',539,,11332,17,,,1,65,,11333,17,,,1,29,,11334,17,,,1,70,,11335,17,,,1,15,,11336,17,,,1,15,,11337,17,,,1,15,,11338,17,,,1,55,,11339,17,,,1,15,,11340,17,,,1,15,,11341,17,,,1,15,,11342,17,,,1,56,,11343,17,,,1,15,,11344,17,,,1,16,,11345,17,,,1,15,,11346,17,,,1,55,,11347,17,,,1,15,,11348,17,,,1,15,,11349,17,,,1,15,,11350,17,,,1,55,,11351,17,,,1,15,,11352,17,,,1,15,,11353,17,,,1,19,,11354,17,,,1,48,,11355,17,,,1,15,,11356,17,,,1,15,,11357,17,,,1,16,,11358,17,,,1,55,,11359,17,,,1,15,,11360,17,,,1,15,,11361,17,,,1,16,,11362,17,,,1,55,,11363,17,,,1,16,,11364,17,,,1,16,,11365,17,,,1,15,,11366,17,,,1,56,,11367,17,,,1,15,,11368,17,,,1,16,,11369,17,,,1,15,,11370,17,,,1,55,,11371,17,,,1,15,,11372,17,,,1,15,,11373,17,,,1,15,,11374,17,,,1,55,,11375,17,,,1,16,,11376,17,,,1,14,,11377,17,,,1,14,,11378,17,,,1,55,,11379,17,,,1,28,,11380,17,,,1,68,,11381,17,,,1,31,,11382,17,,,1,70,,11383,17,,,1,30,,11384,17,,,1,69,,11385,17,,,1,29,,11386,17,,,1,70,,11387,17,,,1,30,,11388,17,,,1,100,,11389,17,,,1
7101,'CCFFF',539,,11390,17,,,1,65,,11391,17,,,1,29,,11392,17,,,1,70,,11393,17,,,1,15,,11394,17,,,1,15,,11395,17,,,1,15,,11396,17,,,1,55,,11397,17,,,1,15,,11398,17,,,1,15,,11399,17,,,1,15,,11400,17,,,1,56,,11401,17,,,1,15,,11402,17,,,1,16,,11403,17,,,1,15,,11404,17,,,1,55,,11405,17,,,1,15,,11406,17,,,1,15,,11407,17,,,1,15,,11408,17,,,1,55,,11409,17,,,1,15,,11410,17,,,1,15,,11411,17,,,1,19,,11412,17,,,1,48,,11413,17,,,1,15,,11414,17,,,1,15,,11415,17,,,1,16,,11416,17,,,1,55,,11417,17,,,1,15,,11418,17,,,1,15,,11419,17,,,1,16,,11420,17,,,1,55,,11421,17,,,1,16,,11422,17,,,1,16,,11423,17,,,1,15,,11424,17,,,1,56,,11425,17,,,1,15,,11426,17,,,1,16,,11427,17,,,1,15,,11428,17,,,1,55,,11429,17,,,1,15,,11430,17,,,1,15,,11431,17,,,1,15,,11432,17,,,1,55,,11433,17,,,1,16,,11434,17,,,1,14,,11435,17,,,1,14,,11436,17,,,1,55,,11437,17,,,1,28,,11438,17,,,1,68,,11439,17,,,1,31,,11440,17,,,1,70,,11441,17,,,1,30,,11442,17,,,1,69,,11443,17,,,1,29,,11444,17,,,1,70,,11445,17,,,1,30,,11446,17,,,1,100,,11447,17,,,1
7101,'CCFSAT',636,,11448,17,,,1,20,,11495,17,,,1,60,,11496,17,,,1,20,,11449,17,,,1,20,,11450,17,,,1,61,,11451,17,,,1,20,,11452,17,,,1,20,,11453,17,,,1,60,,11454,17,,,1,20,,11455,17,,,1,20,,11456,17,,,1,59,,11457,17,,,1,20,,11458,17,,,1,20,,11459,17,,,1,60,,11460,17,,,1,20,,11461,17,,,1,21,,11462,17,,,1,62,,11463,17,,,1,21,,11464,17,,,1,61,,11465,17,,,1,20,,11466,17,,,1,21,,11467,17,,,1,60,,11468,17,,,1,21,,11469,17,,,1,20,,11470,17,,,1,60,,11471,17,,,1,20,,11472,17,,,1,20,,11473,17,,,1,60,,11474,17,,,1,19,,11475,17,,,1,20,,11476,17,,,1,60,,11477,17,,,1,19,,11478,17,,,1,20,,11479,17,,,1,60,,11480,17,,,1,20,,11481,17,,,1,20,,11482,17,,,1,60,,11483,17,,,1,20,,11484,17,,,1,20,,11485,17,,,1,60,,11486,17,,,1,20,,11487,17,,,1,20,,11488,17,,,1,18,,11489,17,,,1,60,,11490,17,,,1,20,,11491,17,,,1,70,,11492,17,,,1,30,,11493,17,,,1,70,,11494,17,,,1
7101,'CCFSUN',636,,11497,17,,,1,70,,11530,17,,,1,30,,11498,17,,,1,71,,11499,17,,,1,30,,11500,17,,,1,70,,11501,17,,,1,30,,11502,17,,,1,70,,11503,17,,,1,29,,11504,17,,,1,70,,11505,17,,,1,30,,11506,17,,,1,74,,11507,17,,,1,30,,11508,17,,,1,71,,11509,17,,,1,31,,11510,17,,,1,70,,11511,17,,,1,31,,11512,17,,,1,70,,11513,17,,,1,30,,11514,17,,,1,70,,11515,17,,,1,29,,11516,17,,,1,70,,11517,17,,,1,29,,11518,17,,,1,69,,11519,17,,,1,31,,11520,17,,,1,70,,11521,17,,,1,30,,11522,17,,,1,70,,11523,17,,,1,30,,11524,17,,,1,70,,11525,17,,,1,30,,11526,17,,,1,18,,11527,17,,,1,70,,11528,17,,,1,30,,11529,17,,,1
