3100,'WKDY',537,,6077,18,,,1,70,,6078,18,,,1,30,,6079,18,,,1,69,,6080,18,,,1,30,,6081,18,,,1,69,,6082,18,,,1,30,,6083,18,,,1,69,,6084,18,,,1,31,,6085,18,,,1,70,,6086,18,,,1,29,,6087,18,,,1,70,,6088,18,,,1,29,,6089,18,,,1,70,,6090,18,,,1,28,,6091,18,,,1,70,,6092,18,,,1,30,,6093,18,,,1,70,,6094,18,,,1,28,,6095,18,,,1,30,,6096,18,,,1,71,,6097,18,,,1,70,,6098,18,,,1,30,,6099,18,,,1,71,,6100,18,,,1,33,,6101,18,,,1,71,,6102,18,,,1,31,,6103,18,,,1,70,,6104,18,,,1,100,,6105,18,,,1,101,,6106,18,,,1
3100,'SAT',745,,6107,18,,,1,79,,6108,18,,,1,79,,6109,18,,,1,40,,6110,18,,,1,79,,6111,18,,,1,79,,6112,18,,,1,39,,6113,18,,,1,80,,6114,18,,,1,80,,6115,18,,,1,40,,6116,18,,,1,80,,6117,18,,,1,80,,6118,18,,,1,40,,6119,18,,,1,81,,6120,18,,,1,80,,6121,18,,,1,41,,6122,18,,,1,81,,6123,18,,,1,81,,6124,18,,,1,40,,6125,18,,,1
3100,'SUN',745,,6126,18,,,1,100,,6127,18,,,1,98,,6128,18,,,1,100,,6129,18,,,1,97,,6130,18,,,1,100,,6131,18,,,1,100,,6132,18,,,1,100,,6133,18,,,1,100,,6134,18,,,1,100,,6135,18,,,1,102,,6136,18,,,1,100,,6137,18,,,1,102,,6138,18,,,1
3100,'CCFWK',537,,6139,18,,,1,70,,6140,18,,,1,30,,6141,18,,,1,69,,6142,18,,,1,30,,6143,18,,,1,69,,6144,18,,,1,30,,6145,18,,,1,69,,6146,18,,,1,31,,6147,18,,,1,70,,6148,18,,,1,29,,6149,18,,,1,70,,6150,18,,,1,29,,6151,18,,,1,70,,6152,18,,,1,28,,6153,18,,,1,70,,6154,18,,,1,30,,6155,18,,,1,70,,6156,18,,,1,28,,6157,18,,,1,30,,6158,18,,,1,71,,6159,18,,,1,70,,6160,18,,,1,30,,6161,18,,,1,71,,6162,18,,,1,33,,6163,18,,,1,71,,6164,18,,,1,31,,6165,18,,,1,70,,6166,18,,,1,100,,6167,18,,,1,101,,6168,18,,,1
3100,'CCFFF',537,,6169,18,,,1,70,,6170,18,,,1,30,,6171,18,,,1,69,,6172,18,,,1,30,,6173,18,,,1,69,,6174,18,,,1,30,,6175,18,,,1,69,,6176,18,,,1,31,,6177,18,,,1,70,,6178,18,,,1,29,,6179,18,,,1,70,,6180,18,,,1,29,,6181,18,,,1,70,,6182,18,,,1,28,,6183,18,,,1,70,,6184,18,,,1,30,,6185,18,,,1,70,,6186,18,,,1,28,,6187,18,,,1,30,,6188,18,,,1,71,,6189,18,,,1,70,,6190,18,,,1,30,,6191,18,,,1,71,,6192,18,,,1,33,,6193,18,,,1,71,,6194,18,,,1,31,,6195,18,,,1,70,,6196,18,,,1,100,,6197,18,,,1,101,,6198,18,,,1
3100,'CCFSAT',745,,6199,18,,,1,79,,6200,18,,,1,79,,6201,18,,,1,40,,6202,18,,,1,79,,6203,18,,,1,79,,6204,18,,,1,39,,6205,18,,,1,80,,6206,18,,,1,80,,6207,18,,,1,40,,6208,18,,,1,80,,6209,18,,,1,80,,6210,18,,,1,40,,6211,18,,,1,81,,6212,18,,,1,80,,6213,18,,,1,41,,6214,18,,,1,81,,6215,18,,,1,81,,6216,18,,,1,40,,6217,18,,,1
3100,'CCFSUN',745,,6218,18,,,1,100,,6219,18,,,1,98,,6220,18,,,1,100,,6221,18,,,1,97,,6222,18,,,1,100,,6223,18,,,1,100,,6224,18,,,1,100,,6225,18,,,1,100,,6226,18,,,1,100,,6227,18,,,1,102,,6228,18,,,1,100,,6229,18,,,1,102,,6230,18,,,1
7101,'WKDY',538,,11191,16,,,1,65,,11192,16,,,1,29,,11193,16,,,1,70,,11194,16,,,1,15,,11195,16,,,1,15,,11196,16,,,1,15,,11197,16,,,1,56,,11198,16,,,1,15,,11199,16,,,1,15,,11200,16,,,1,15,,11201,16,,,1,56,,11202,16,,,1,15,,11203,16,,,1,16,,11204,16,,,1,15,,11205,16,,,1,55,,11206,16,,,1,15,,11207,16,,,1,15,,11208,16,,,1,15,,11209,16,,,1,55,,11210,16,,,1,15,,11211,16,,,1,15,,11212,16,,,1,19,,11213,16,,,1,48,,11214,16,,,1,15,,11215,16,,,1,15,,11216,16,,,1,15,,11217,16,,,1,55,,11218,16,,,1,15,,11219,16,,,1,15,,11220,16,,,1,16,,11221,16,,,1,55,,11222,16,,,1,16,,11223,16,,,1,16,,11224,16,,,1,15,,11225,16,,,1,56,,11226,16,,,1,15,,11227,16,,,1,16,,11228,16,,,1,15,,11229,16,,,1,55,,11230,16,,,1,15,,11231,16,,,1,15,,11232,16,,,1,15,,11233,16,,,1,55,,11234,16,,,1,16,,11235,16,,,1,15,,11236,16,,,1,14,,11237,16,,,1,55,,11238,16,,,1,28,,11239,16,,,1,68,,11240,16,,,1,30,,11241,16,,,1,70,,11242,16,,,1,30,,11243,16,,,1,69,,11244,16,,,1,29,,11245,16,,,1,70,,11246,16,,,1,30,,11247,16,,,1,100,,11248,16,,,1
7101,'SAT',635,,11249,16,,,1,20,,11296,16,,,1,60,,11297,16,,,1,20,,11250,16,,,1,20,,11251,16,,,1,61,,11252,16,,,1,20,,11253,16,,,1,20,,11254,16,,,1,60,,11255,16,,,1,20,,11256,16,,,1,20,,11257,16,,,1,60,,11258,16,,,1,20,,11259,16,,,1,20,,11260,16,,,1,60,,11261,16,,,1,20,,11262,16,,,1,21,,11263,16,,,1,62,,11264,16,,,1,21,,11265,16,,,1,61,,11266,16,,,1,20,,11267,16,,,1,21,,11268,16,,,1,60,,11269,16,,,1,20,,11270,16,,,1,20,,11271,16,,,1,60,,11272,16,,,1,21,,11273,16,,,1,20,,11274,16,,,1,60,,11275,16,,,1,19,,11276,16,,,1,20,,11277,16,,,1,60,,11278,16,,,1,19,,11279,16,,,1,20,,11280,16,,,1,60,,11281,16,,,1,19,,11282,16,,,1,20,,11283,16,,,1,60,,11284,16,,,1,20,,11285,16,,,1,20,,11286,16,,,1,60,,11287,16,,,1,20,,11288,16,,,1,20,,11289,16,,,1,18,,11290,16,,,1,60,,11291,16,,,1,20,,11292,16,,,1,70,,11293,16,,,1,30,,11294,16,,,1,70,,11295,16,,,1
7101,'SUN',635,,11298,16,,,1,70,,11331,16,,,1,30,,11299,16,,,1,71,,11300,16,,,1,30,,11301,16,,,1,70,,11302,16,,,1,30,,11303,16,,,1,70,,11304,16,,,1,30,,11305,16,,,1,70,,11306,16,,,1,30,,11307,16,,,1,74,,11308,16,,,1,30,,11309,16,,,1,71,,11310,16,,,1,31,,11311,16,,,1,70,,11312,16,,,1,30,,11313,16,,,1,70,,11314,16,,,1,31,,11315,16,,,1,70,,11316,16,,,1,29,,11317,16,,,1,70,,11318,16,,,1,29,,11319,16,,,1,69,,11320,16,,,1,30,,11321,16,,,1,70,,11322,16,,,1,30,,11323,16,,,1,70,,11324,16,,,1,30,,11325,16,,,1,70,,11326,16,,,1,30,,11327,16,,,1,18,,11328,16,,,1,70,,11329,16,,,1,30,,11330,16,,,1
7101,'CCFWK',538,,11332,16,,,1,65,,11333,16,,,1,29,,11334,16,,,1,70,,11335,16,,,1,15,,11336,16,,,1,15,,11337,16,,,1,15,,11338,16,,,1,56,,11339,16,,,1,15,,11340,16,,,1,15,,11341,16,,,1,15,,11342,16,,,1,56,,11343,16,,,1,15,,11344,16,,,1,16,,11345,16,,,1,15,,11346,16,,,1,55,,11347,16,,,1,15,,11348,16,,,1,15,,11349,16,,,1,15,,11350,16,,,1,55,,11351,16,,,1,15,,11352,16,,,1,15,,11353,16,,,1,19,,11354,16,,,1,48,,11355,16,,,1,15,,11356,16,,,1,15,,11357,16,,,1,15,,11358,16,,,1,55,,11359,16,,,1,15,,11360,16,,,1,15,,11361,16,,,1,16,,11362,16,,,1,55,,11363,16,,,1,16,,11364,16,,,1,16,,11365,16,,,1,15,,11366,16,,,1,56,,11367,16,,,1,15,,11368,16,,,1,16,,11369,16,,,1,15,,11370,16,,,1,55,,11371,16,,,1,15,,11372,16,,,1,15,,11373,16,,,1,15,,11374,16,,,1,55,,11375,16,,,1,16,,11376,16,,,1,15,,11377,16,,,1,14,,11378,16,,,1,55,,11379,16,,,1,28,,11380,16,,,1,68,,11381,16,,,1,30,,11382,16,,,1,70,,11383,16,,,1,30,,11384,16,,,1,69,,11385,16,,,1,29,,11386,16,,,1,70,,11387,16,,,1,30,,11388,16,,,1,100,,11389,16,,,1
7101,'CCFFF',538,,11390,16,,,1,65,,11391,16,,,1,29,,11392,16,,,1,70,,11393,16,,,1,15,,11394,16,,,1,15,,11395,16,,,1,15,,11396,16,,,1,56,,11397,16,,,1,15,,11398,16,,,1,15,,11399,16,,,1,15,,11400,16,,,1,56,,11401,16,,,1,15,,11402,16,,,1,16,,11403,16,,,1,15,,11404,16,,,1,55,,11405,16,,,1,15,,11406,16,,,1,15,,11407,16,,,1,15,,11408,16,,,1,55,,11409,16,,,1,15,,11410,16,,,1,15,,11411,16,,,1,19,,11412,16,,,1,48,,11413,16,,,1,15,,11414,16,,,1,15,,11415,16,,,1,15,,11416,16,,,1,55,,11417,16,,,1,15,,11418,16,,,1,15,,11419,16,,,1,16,,11420,16,,,1,55,,11421,16,,,1,16,,11422,16,,,1,16,,11423,16,,,1,15,,11424,16,,,1,56,,11425,16,,,1,15,,11426,16,,,1,16,,11427,16,,,1,15,,11428,16,,,1,55,,11429,16,,,1,15,,11430,16,,,1,15,,11431,16,,,1,15,,11432,16,,,1,55,,11433,16,,,1,16,,11434,16,,,1,15,,11435,16,,,1,14,,11436,16,,,1,55,,11437,16,,,1,28,,11438,16,,,1,68,,11439,16,,,1,30,,11440,16,,,1,70,,11441,16,,,1,30,,11442,16,,,1,69,,11443,16,,,1,29,,11444,16,,,1,70,,11445,16,,,1,30,,11446,16,,,1,100,,11447,16,,,1
7101,'CCFSAT',635,,11448,16,,,1,20,,11495,16,,,1,60,,11496,16,,,1,20,,11449,16,,,1,20,,11450,16,,,1,61,,11451,16,,,1,20,,11452,16,,,1,20,,11453,16,,,1,60,,11454,16,,,1,20,,11455,16,,,1,20,,11456,16,,,1,60,,11457,16,,,1,20,,11458,16,,,1,20,,11459,16,,,1,60,,11460,16,,,1,20,,11461,16,,,1,21,,11462,16,,,1,62,,11463,16,,,1,21,,11464,16,,,1,61,,11465,16,,,1,20,,11466,16,,,1,21,,11467,16,,,1,60,,11468,16,,,1,20,,11469,16,,,1,20,,11470,16,,,1,60,,11471,16,,,1,21,,11472,16,,,1,20,,11473,16,,,1,60,,11474,16,,,1,19,,11475,16,,,1,20,,11476,16,,,1,60,,11477,16,,,1,19,,11478,16,,,1,20,,11479,16,,,1,60,,11480,16,,,1,19,,11481,16,,,1,20,,11482,16,,,1,60,,11483,16,,,1,20,,11484,16,,,1,20,,11485,16,,,1,60,,11486,16,,,1,20,,11487,16,,,1,20,,11488,16,,,1,18,,11489,16,,,1,60,,11490,16,,,1,20,,11491,16,,,1,70,,11492,16,,,1,30,,11493,16,,,1,70,,11494,16,,,1
7101,'CCFSUN',635,,11497,16,,,1,70,,11530,16,,,1,30,,11498,16,,,1,71,,11499,16,,,1,30,,11500,16,,,1,70,,11501,16,,,1,30,,11502,16,,,1,70,,11503,16,,,1,30,,11504,16,,,1,70,,11505,16,,,1,30,,11506,16,,,1,74,,11507,16,,,1,30,,11508,16,,,1,71,,11509,16,,,1,31,,11510,16,,,1,70,,11511,16,,,1,30,,11512,16,,,1,70,,11513,16,,,1,31,,11514,16,,,1,70,,11515,16,,,1,29,,11516,16,,,1,70,,11517,16,,,1,29,,11518,16,,,1,69,,11519,16,,,1,30,,11520,16,,,1,70,,11521,16,,,1,30,,11522,16,,,1,70,,11523,16,,,1,30,,11524,16,,,1,70,,11525,16,,,1,30,,11526,16,,,1,18,,11527,16,,,1,70,,11528,16,,,1,30,,11529,16,,,1
