200,'WKDY',644,,1,37,,,1,100,,2,37,,,1,100,,3,37,,,1,92,,4,37,,,1,107,,5,37,,,1,100,,6,37,,,1,100,,7,37,,,1,100,,8,37,,,1,102,,9,37,,,1,100,,10,37,,,1,99,,11,37,,,1,101,,12,37,,,1,96,,13,37,,,1
3001,'WKDY',549,,794,18,,,1,70,,795,18,,,1,23,,796,52,,,1,76,,797,52,,,1,30,,798,52,,,1,70,,799,52,,,1,30,,800,52,,,1,70,,801,52,,,1,29,,802,52,,,1,69,,803,52,,,1,30,,804,52,,,1,70,,805,52,,,1,30,,806,52,,,1,70,,807,52,,,1,31,,808,52,,,1,70,,809,52,,,1,29,,810,52,,,1,72,,811,52,,,1,32,,812,52,,,1,70,,813,52,,,1,31,,814,52,,,1,69,,815,52,,,1,30,,816,52,,,1,70,,817,52,,,1,27,,818,52,,,1,70,,819,52,,,1,27,,820,52,,,1,68,,821,52,,,1,29,,822,52,,,1,70,,823,52,,,1,29,,824,52,,,1,98,,825,52,,,1
3001,'SAT',636,,826,18,,,1,100,,827,18,,,1,73,,828,52,,,1,32,,829,52,,,1,70,,830,52,,,1,30,,831,52,,,1,70,,832,52,,,1,31,,833,52,,,1,70,,834,52,,,1,31,,835,52,,,1,70,,836,52,,,1,31,,837,52,,,1,70,,838,52,,,1,30,,839,52,,,1,70,,840,52,,,1,30,,841,52,,,1,70,,842,52,,,1,30,,843,52,,,1,70,,844,52,,,1,30,,845,52,,,1,70,,846,52,,,1,29,,847,52,,,1,99,,848,52,,,1,98,,849,52,,,1,100,,850,52,,,1
3001,'SUN',636,,851,18,,,1,100,,852,18,,,1,105,,853,52,,,1,100,,854,52,,,1,101,,855,52,,,1,101,,856,52,,,1,101,,857,52,,,1,100,,858,52,,,1,100,,859,52,,,1,100,,860,52,,,1,100,,861,52,,,1,99,,862,52,,,1,99,,863,52,,,1,98,,864,52,,,1,100,,865,52,,,1
3201,'WKDY',541,,1047,2,,,1,70,,1048,2,,,1,30,,1049,2,,,1,70,,1050,2,,,1,30,,1051,2,,,1,70,,1052,2,,,1,30,,1053,2,,,1,69,,1054,2,,,1,30,,1055,2,,,1,70,,1056,2,,,1,29,,1057,2,,,1,70,,1058,2,,,1,29,,1059,2,,,1,70,,1060,2,,,1,28,,1061,2,,,1,70,,1062,2,,,1,30,,1063,2,,,1,70,,1064,2,,,1,29,,1065,2,,,1,70,,1066,2,,,1,31,,1067,2,,,1,70,,1068,2,,,1,30,,1069,2,,,1,71,,1070,2,,,1,32,,1071,2,,,1,71,,1072,2,,,1,31,,1073,2,,,1,70,,1074,2,,,1,100,,1075,2,,,1,100,,1076,2,,,1
3201,'SAT',749,,1093,2,,,1,79,,1094,2,,,1,79,,1095,2,,,1,40,,1077,2,,,1,79,,1078,2,,,1,80,,1079,2,,,1,39,,1080,2,,,1,80,,1081,2,,,1,80,,1082,2,,,1,40,,1083,2,,,1,80,,1084,2,,,1,80,,1085,2,,,1,40,,1086,2,,,1,81,,1087,2,,,1,80,,1088,2,,,1,40,,1089,2,,,1,81,,1090,2,,,1,81,,1091,2,,,1,40,,1092,2,,,1
3201,'SUN',749,,1096,2,,,1,100,,1097,2,,,1,98,,1098,2,,,1,100,,1099,2,,,1,98,,1100,2,,,1,100,,1101,2,,,1,100,,1102,2,,,1,100,,1103,2,,,1,100,,1104,2,,,1,100,,1105,2,,,1,101,,1106,2,,,1,100,,1107,2,,,1,102,,1108,2,,,1
4100,'WKDY',730,,1320,14,0,18 13,1,70,,1324,14,0,18 13,1
4101,'WKDY',1712,,1326,2,,,1,30,,1327,2,,,1
7100,'WKDY',543,,2848,21,,,1,66,,2849,21,,,1,29,,2850,21,,,1,70,,2851,21,,,1,15,,2852,21,,,1,15,,2853,21,,,1,15,,2854,21,,,1,56,,2855,21,,,1,15,,2856,21,,,1,15,,2857,21,,,1,15,,2858,21,,,1,56,,2859,21,,,1,15,,2860,21,,,1,16,,2861,21,,,1,15,,2862,21,,,1,55,,2863,21,,,1,15,,2864,21,,,1,15,,2865,21,,,1,15,,2866,21,,,1,55,,2867,21,,,1,15,,2868,21,,,1,15,,2869,21,,,1,59,,2870,21,,,1,8,,2871,21,,,1,15,,2872,21,,,1,15,,2873,21,,,1,16,,2874,21,,,1,55,,2875,21,,,1,15,,2876,21,,,1,15,,2877,21,,,1,16,,2878,21,,,1,55,,2879,21,,,1,16,,2880,21,,,1,16,,2881,21,,,1,15,,2882,21,,,1,56,,2883,21,,,1,15,,2884,21,,,1,16,,2885,21,,,1,15,,2886,21,,,1,55,,2887,21,,,1,15,,2888,21,,,1,15,,2889,21,,,1,15,,2890,21,,,1,55,,2891,21,,,1,16,,2892,21,,,1,14,,2893,21,,,1,14,,2894,21,,,1,55,,2895,21,,,1,28,,2896,21,,,1,68,,2897,21,,,1,30,,2898,21,,,1,70,,2899,21,,,1,29,,2900,21,,,1,69,,2901,21,,,1,29,,2902,21,,,1,70,,2903,21,,,1,30,,2904,21,,,1,100,,2905,21,,,1
7100,'SAT',640,,2906,21,,,1,60,,2953,21,,,1,20,,2954,21,,,1,20,,2907,21,,,1,60,,2908,21,,,1,21,,2909,21,,,1,20,,2910,21,,,1,60,,2911,21,,,1,21,,2912,21,,,1,20,,2913,21,,,1,60,,2914,21,,,1,20,,2915,21,,,1,20,,2916,21,,,1,60,,2917,21,,,1,20,,2918,21,,,1,20,,2919,21,,,1,61,,2920,21,,,1,22,,2921,21,,,1,21,,2922,21,,,1,61,,2923,21,,,1,20,,2924,21,,,1,21,,2925,21,,,1,60,,2926,21,,,1,21,,2927,21,,,1,20,,2928,21,,,1,60,,2929,21,,,1,20,,2930,21,,,1,20,,2931,21,,,1,60,,2932,21,,,1,19,,2933,21,,,1,20,,2934,21,,,1,60,,2935,21,,,1,19,,2936,21,,,1,20,,2937,21,,,1,60,,2938,21,,,1,19,,2939,21,,,1,20,,2940,21,,,1,60,,2941,21,,,1,20,,2942,21,,,1,20,,2943,21,,,1,59,,2944,21,,,1,20,,2945,21,,,1,20,,2946,21,,,1,58,,2947,21,,,1,20,,2948,21,,,1,20,,2949,21,,,1,70,,2950,21,,,1,30,,2951,21,,,1,70,,2952,21,,,1
7100,'SUN',640,,2955,21,,,1,70,,2988,21,,,1,30,,2956,21,,,1,71,,2957,21,,,1,30,,2958,21,,,1,70,,2959,21,,,1,31,,2960,21,,,1,70,,2961,21,,,1,30,,2962,21,,,1,70,,2963,21,,,1,30,,2964,21,,,1,74,,2965,21,,,1,30,,2966,21,,,1,71,,2967,21,,,1,31,,2968,21,,,1,70,,2969,21,,,1,31,,2970,21,,,1,70,,2971,21,,,1,30,,2972,21,,,1,70,,2973,21,,,1,29,,2974,21,,,1,70,,2975,21,,,1,29,,2976,21,,,1,69,,2977,21,,,1,30,,2978,21,,,1,70,,2979,21,,,1,30,,2980,21,,,1,69,,2981,21,,,1,30,,2982,21,,,1,70,,2983,21,,,1,30,,2984,21,,,1,58,,2985,21,,,1,30,,2986,21,,,1,70,,2987,21,,,1
10500,'WKDY',515,,3769,3,,,1,40,,3770,3,,,1,83,,3771,3,,,1,70,,3772,3,,,1,10,,3773,3,,,1,40,,3774,3,,,1,89,,3789,3,,,1,69,,3775,3,,,1,100,,3776,3,,,1,100,,3777,3,,,1,104,,3778,3,,,1,100,,3779,3,,,1,99,,3780,3,,,1,98,,3781,3,,,1,38,,3782,3,,,1,79,,3783,3,,,1,81,,3784,3,,,1,35,,3785,3,,,1,71,,3786,3,,,1,101,,3787,3,,,1,100,,3788,3,,,1
