3100,'WKDY',544,,6231,9,,,1,71,,6232,9,,,1,31,,6233,9,,,1,70,,6234,9,,,1,31,,6235,9,,,1,72,,6236,9,,,1,30,,6237,9,,,1,68,,6238,9,,,1,31,,6239,9,,,1,70,,6240,9,,,1,30,,6241,9,,,1,70,,6242,9,,,1,32,,6243,9,,,1,70,,6244,9,,,1,30,,6245,9,,,1,70,,6246,9,,,1,30,,6247,9,,,1,70,,6248,9,,,1,32,,6249,9,,,1,70,,6250,9,,,1,30,,6251,9,,,1,70,,6252,9,,,1,28,,6253,9,,,1,68,,6254,9,,,1,30,,6255,9,,,1,70,,6256,9,,,1,29,,6257,9,,,1,70,,6258,9,,,1,100,,6259,9,,,1,97,,6260,9,,,1
3100,'SAT',850,,6261,9,,,1,80,,6262,9,,,1,80,,6263,9,,,1,40,,6264,9,,,1,81,,6265,9,,,1,80,,6266,9,,,1,41,,6267,9,,,1,80,,6268,9,,,1,80,,6269,9,,,1,39,,6270,9,,,1,80,,6271,9,,,1,80,,6272,9,,,1,40,,6273,9,,,1,80,,6274,9,,,1,80,,6275,9,,,1,39,,6276,9,,,1,80,,6277,9,,,1,80,,6278,9,,,1
3100,'SUN',850,,6279,9,,,1,100,,6280,9,,,1,101,,6281,9,,,1,101,,6282,9,,,1,99,,6283,9,,,1,100,,6284,9,,,1,100,,6285,9,,,1,100,,6286,9,,,1,100,,6287,9,,,1,99,,6288,9,,,1,100,,6289,9,,,1,100,,6290,9,,,1
3100,'CCFWK',544,,6291,9,,,1,71,,6292,9,,,1,31,,6293,9,,,1,70,,6294,9,,,1,31,,6295,9,,,1,72,,6296,9,,,1,30,,6297,9,,,1,68,,6298,9,,,1,31,,6299,9,,,1,70,,6300,9,,,1,30,,6301,9,,,1,70,,6302,9,,,1,32,,6303,9,,,1,70,,6304,9,,,1,30,,6305,9,,,1,70,,6306,9,,,1,30,,6307,9,,,1,70,,6308,9,,,1,32,,6309,9,,,1,70,,6310,9,,,1,30,,6311,9,,,1,70,,6312,9,,,1,28,,6313,9,,,1,68,,6314,9,,,1,30,,6315,9,,,1,70,,6316,9,,,1,29,,6317,9,,,1,70,,6318,9,,,1,100,,6319,9,,,1,97,,6320,9,,,1
3100,'CCFFF',544,,6321,9,,,1,71,,6322,9,,,1,31,,6323,9,,,1,70,,6324,9,,,1,31,,6325,9,,,1,72,,6326,9,,,1,30,,6327,9,,,1,68,,6328,9,,,1,31,,6329,9,,,1,70,,6330,9,,,1,30,,6331,9,,,1,70,,6332,9,,,1,32,,6333,9,,,1,70,,6334,9,,,1,30,,6335,9,,,1,70,,6336,9,,,1,30,,6337,9,,,1,70,,6338,9,,,1,32,,6339,9,,,1,70,,6340,9,,,1,30,,6341,9,,,1,70,,6342,9,,,1,28,,6343,9,,,1,68,,6344,9,,,1,30,,6345,9,,,1,70,,6346,9,,,1,29,,6347,9,,,1,70,,6348,9,,,1,100,,6349,9,,,1,97,,6350,9,,,1
3100,'CCFSAT',850,,6351,9,,,1,80,,6352,9,,,1,80,,6353,9,,,1,40,,6354,9,,,1,81,,6355,9,,,1,80,,6356,9,,,1,41,,6357,9,,,1,80,,6358,9,,,1,80,,6359,9,,,1,39,,6360,9,,,1,80,,6361,9,,,1,80,,6362,9,,,1,40,,6363,9,,,1,80,,6364,9,,,1,80,,6365,9,,,1,39,,6366,9,,,1,80,,6367,9,,,1,80,,6368,9,,,1
3100,'CCFSUN',850,,6369,9,,,1,100,,6370,9,,,1,101,,6371,9,,,1,101,,6372,9,,,1,99,,6373,9,,,1,100,,6374,9,,,1,100,,6375,9,,,1,100,,6376,9,,,1,100,,6377,9,,,1,99,,6378,9,,,1,100,,6379,9,,,1,100,,6380,9,,,1
7100,'WKDY',556,,10851,12,,,1,66,,10852,12,,,1,30,,10853,12,,,1,70,,10854,12,,,1,16,,10855,12,,,1,15,,10856,12,,,1,55,,10857,12,,,1,16,,10858,12,,,1,15,,10859,12,,,1,15,,10860,12,,,1,55,,10861,12,,,1,16,,10862,12,,,1,15,,10863,12,,,1,16,,10864,12,,,1,55,,10865,12,,,1,15,,10866,12,,,1,16,,10867,12,,,1,15,,10868,12,,,1,55,,10869,12,,,1,15,,10870,12,,,1,16,,10871,12,,,1,15,,10872,12,,,1,59,,10873,12,,,1,8,,10874,12,,,1,15,,10875,12,,,1,15,,10876,12,,,1,56,,10877,12,,,1,15,,10878,12,,,1,15,,10879,12,,,1,15,,10880,12,,,1,56,,10881,12,,,1,15,,10882,12,,,1,17,,10883,12,,,1,15,,10884,12,,,1,55,,10885,12,,,1,16,,10886,12,,,1,15,,10887,12,,,1,55,,10888,12,,,1,15,,10889,12,,,1,15,,10890,12,,,1,15,,10891,12,,,1,55,,10892,12,,,1,15,,10893,12,,,1,15,,10894,12,,,1,15,,10895,12,,,1,14,,10896,12,,,1,54,,10897,12,,,1,15,,10898,12,,,1,28,,10899,12,,,1,68,,10900,12,,,1,30,,10901,12,,,1,69,,10902,12,,,1,29,,10903,12,,,1,69,,10904,12,,,1,29,,10905,12,,,1,69,,10906,12,,,1,30,,10907,12,,,1,100,,10908,12,,,1
7100,'SAT',653,,10909,12,,,1,60,,10910,12,,,1,21,,10911,12,,,1,20,,10912,12,,,1,60,,10913,12,,,1,21,,10914,12,,,1,20,,10915,12,,,1,60,,10916,12,,,1,21,,10917,12,,,1,20,,10918,12,,,1,60,,10919,12,,,1,22,,10920,12,,,1,20,,10921,12,,,1,61,,10922,12,,,1,20,,10923,12,,,1,20,,10924,12,,,1,61,,10925,12,,,1,22,,10926,12,,,1,61,,10927,12,,,1,20,,10928,12,,,1,20,,10929,12,,,1,61,,10930,12,,,1,20,,10931,12,,,1,21,,10932,12,,,1,60,,10933,12,,,1,20,,10934,12,,,1,20,,10935,12,,,1,60,,10936,12,,,1,20,,10937,12,,,1,19,,10938,12,,,1,60,,10939,12,,,1,20,,10940,12,,,1,19,,10941,12,,,1,60,,10942,12,,,1,20,,10943,12,,,1,18,,10944,12,,,1,60,,10945,12,,,1,19,,10946,12,,,1,20,,10947,12,,,1,60,,10948,12,,,1,19,,10949,12,,,1,20,,10950,12,,,1,20,,10951,12,,,1,58,,10952,12,,,1,20,,10953,12,,,1,20,,10954,12,,,1,70,,10955,12,,,1,29,,10956,12,,,1,70,,10957,12,,,1
7100,'SUN',653,,10958,12,,,1,70,,10959,12,,,1,31,,10960,12,,,1,71,,10961,12,,,1,30,,10962,12,,,1,70,,10963,12,,,1,31,,10964,12,,,1,70,,10965,12,,,1,32,,10966,12,,,1,71,,10967,12,,,1,30,,10968,12,,,1,74,,10969,12,,,1,70,,10970,12,,,1,30,,10971,12,,,1,71,,10972,12,,,1,30,,10973,12,,,1,71,,10974,12,,,1,30,,10975,12,,,1,70,,10976,12,,,1,30,,10977,12,,,1,69,,10978,12,,,1,30,,10979,12,,,1,69,,10980,12,,,1,29,,10981,12,,,1,69,,10982,12,,,1,29,,10983,12,,,1,70,,10984,12,,,1,29,,10985,12,,,1,30,,10986,12,,,1,70,,10987,12,,,1,30,,10988,12,,,1,58,,10989,12,,,1,30,,10990,12,,,1,69,,10991,12,,,1
7100,'CCFWK',556,,10992,12,,,1,66,,10993,12,,,1,30,,10994,12,,,1,70,,10995,12,,,1,16,,10996,12,,,1,15,,10997,12,,,1,55,,10998,12,,,1,16,,10999,12,,,1,15,,11000,12,,,1,15,,11001,12,,,1,55,,11002,12,,,1,16,,11003,12,,,1,15,,11004,12,,,1,16,,11005,12,,,1,55,,11006,12,,,1,15,,11007,12,,,1,16,,11008,12,,,1,15,,11009,12,,,1,55,,11010,12,,,1,15,,11011,12,,,1,16,,11012,12,,,1,15,,11013,12,,,1,59,,11014,12,,,1,8,,11015,12,,,1,15,,11016,12,,,1,15,,11017,12,,,1,56,,11018,12,,,1,15,,11019,12,,,1,15,,11020,12,,,1,15,,11021,12,,,1,56,,11022,12,,,1,15,,11023,12,,,1,17,,11024,12,,,1,15,,11025,12,,,1,55,,11026,12,,,1,16,,11027,12,,,1,15,,11028,12,,,1,55,,11029,12,,,1,15,,11030,12,,,1,15,,11031,12,,,1,15,,11032,12,,,1,55,,11033,12,,,1,15,,11034,12,,,1,15,,11035,12,,,1,15,,11036,12,,,1,14,,11037,12,,,1,54,,11038,12,,,1,15,,11039,12,,,1,28,,11040,12,,,1,68,,11041,12,,,1,30,,11042,12,,,1,69,,11043,12,,,1,29,,11044,12,,,1,69,,11045,12,,,1,29,,11046,12,,,1,69,,11047,12,,,1,30,,11048,12,,,1,100,,11049,12,,,1
7100,'CCFFF',556,,11050,12,,,1,66,,11051,12,,,1,30,,11052,12,,,1,70,,11053,12,,,1,16,,11054,12,,,1,15,,11055,12,,,1,55,,11056,12,,,1,16,,11057,12,,,1,15,,11058,12,,,1,15,,11059,12,,,1,55,,11060,12,,,1,16,,11061,12,,,1,15,,11062,12,,,1,16,,11063,12,,,1,55,,11064,12,,,1,15,,11065,12,,,1,16,,11066,12,,,1,15,,11067,12,,,1,55,,11068,12,,,1,15,,11069,12,,,1,16,,11070,12,,,1,15,,11071,12,,,1,59,,11072,12,,,1,8,,11073,12,,,1,15,,11074,12,,,1,15,,11075,12,,,1,56,,11076,12,,,1,15,,11077,12,,,1,15,,11078,12,,,1,15,,11079,12,,,1,56,,11080,12,,,1,15,,11081,12,,,1,17,,11082,12,,,1,15,,11083,12,,,1,55,,11084,12,,,1,16,,11085,12,,,1,15,,11086,12,,,1,55,,11087,12,,,1,15,,11088,12,,,1,15,,11089,12,,,1,15,,11090,12,,,1,55,,11091,12,,,1,15,,11092,12,,,1,15,,11093,12,,,1,15,,11094,12,,,1,14,,11095,12,,,1,54,,11096,12,,,1,15,,11097,12,,,1,28,,11098,12,,,1,68,,11099,12,,,1,30,,11100,12,,,1,69,,11101,12,,,1,29,,11102,12,,,1,69,,11103,12,,,1,29,,11104,12,,,1,69,,11105,12,,,1,30,,11106,12,,,1,100,,11107,12,,,1
7100,'CCFSAT',653,,11108,12,,,1,60,,11109,12,,,1,21,,11110,12,,,1,20,,11111,12,,,1,60,,11112,12,,,1,21,,11113,12,,,1,20,,11114,12,,,1,60,,11115,12,,,1,21,,11116,12,,,1,20,,11117,12,,,1,60,,11118,12,,,1,22,,11119,12,,,1,20,,11120,12,,,1,61,,11121,12,,,1,20,,11122,12,,,1,20,,11123,12,,,1,61,,11124,12,,,1,22,,11125,12,,,1,61,,11126,12,,,1,20,,11127,12,,,1,20,,11128,12,,,1,61,,11129,12,,,1,20,,11130,12,,,1,21,,11131,12,,,1,60,,11132,12,,,1,20,,11133,12,,,1,20,,11134,12,,,1,60,,11135,12,,,1,20,,11136,12,,,1,19,,11137,12,,,1,60,,11138,12,,,1,20,,11139,12,,,1,19,,11140,12,,,1,60,,11141,12,,,1,20,,11142,12,,,1,18,,11143,12,,,1,60,,11144,12,,,1,19,,11145,12,,,1,20,,11146,12,,,1,60,,11147,12,,,1,19,,11148,12,,,1,20,,11149,12,,,1,20,,11150,12,,,1,58,,11151,12,,,1,20,,11152,12,,,1,20,,11153,12,,,1,70,,11154,12,,,1,29,,11155,12,,,1,70,,11156,12,,,1
7100,'CCFSUN',653,,11157,12,,,1,70,,11158,12,,,1,31,,11159,12,,,1,71,,11160,12,,,1,30,,11161,12,,,1,70,,11162,12,,,1,31,,11163,12,,,1,70,,11164,12,,,1,32,,11165,12,,,1,71,,11166,12,,,1,30,,11167,12,,,1,74,,11168,12,,,1,70,,11169,12,,,1,30,,11170,12,,,1,71,,11171,12,,,1,30,,11172,12,,,1,71,,11173,12,,,1,30,,11174,12,,,1,70,,11175,12,,,1,30,,11176,12,,,1,69,,11177,12,,,1,30,,11178,12,,,1,69,,11179,12,,,1,29,,11180,12,,,1,69,,11181,12,,,1,29,,11182,12,,,1,70,,11183,12,,,1,29,,11184,12,,,1,30,,11185,12,,,1,70,,11186,12,,,1,30,,11187,12,,,1,58,,11188,12,,,1,30,,11189,12,,,1,69,,11190,12,,,1
