1200,'WKDY',551,,4878,24,,,1,70,,4879,24,,,1,31,,4880,24,,,1,70,,4881,24,,,1,30,,4882,24,,,1,70,,4883,24,,,1,30,,4884,24,,,1,70,,4885,24,,,1,30,,4886,24,,,1,70,,4887,24,,,1,30,,4888,24,,,1,70,,4889,24,,,1,32,,4890,24,,,1,70,,4891,24,,,1,30,,4892,24,,,1,70,,4893,24,,,1,30,,4894,24,,,1,70,,4895,24,,,1,31,,4896,24,,,1,70,,4897,24,,,1,30,,4898,24,,,1,70,,4899,24,,,1,30,,4900,24,,,1,70,,4901,24,,,1,30,,4902,24,,,1,70,,4903,24,,,1,29,,4904,24,,,1,70,,4905,24,,,1,30,,4906,24,,,1,68,,4907,24,,,1,28,,4908,24,,,1,70,,4909,24,,,1
1200,'SAT',641,,4910,24,,,1,100,,4911,24,,,1,100,,4912,24,,,1,102,,4913,24,,,1,100,,4914,24,,,1,101,,4915,24,,,1,100,,4916,24,,,1,100,,4917,24,,,1,100,,4918,24,,,1,100,,4919,24,,,1,100,,4920,24,,,1,99,,4921,24,,,1,100,,4922,24,,,1,98,,4923,24,,,1,100,,4924,24,,,1,100,,4925,24,,,1
1200,'SUN',641,,4926,24,,,1,100,,4927,24,,,1,100,,4928,24,,,1,102,,4929,24,,,1,100,,4930,24,,,1,101,,4931,24,,,1,100,,4932,24,,,1,100,,4933,24,,,1,100,,4934,24,,,1,100,,4935,24,,,1,100,,4936,24,,,1,99,,4937,24,,,1,100,,4938,24,,,1,98,,4939,24,,,1,100,,4940,24,,,1,100,,4941,24,,,1
1200,'CCFWK',551,,4942,24,,,1,70,,4943,24,,,1,31,,4944,24,,,1,70,,4945,24,,,1,30,,4946,24,,,1,70,,4947,24,,,1,30,,4948,24,,,1,70,,4949,24,,,1,30,,4950,24,,,1,70,,4951,24,,,1,30,,4952,24,,,1,70,,4953,24,,,1,32,,4954,24,,,1,70,,4955,24,,,1,30,,4956,24,,,1,70,,4957,24,,,1,30,,4958,24,,,1,70,,4959,24,,,1,31,,4960,24,,,1,70,,4961,24,,,1,30,,4962,24,,,1,70,,4963,24,,,1,30,,4964,24,,,1,70,,4965,24,,,1,30,,4966,24,,,1,70,,4967,24,,,1,29,,4968,24,,,1,70,,4969,24,,,1,30,,4970,24,,,1,68,,4971,24,,,1,28,,4972,24,,,1,70,,4973,24,,,1
1200,'CCFFF',551,,4974,24,,,1,70,,4975,24,,,1,31,,4976,24,,,1,70,,4977,24,,,1,30,,4978,24,,,1,70,,4979,24,,,1,30,,4980,24,,,1,70,,4981,24,,,1,30,,4982,24,,,1,70,,4983,24,,,1,30,,4984,24,,,1,70,,4985,24,,,1,32,,4986,24,,,1,70,,4987,24,,,1,30,,4988,24,,,1,70,,4989,24,,,1,30,,4990,24,,,1,70,,4991,24,,,1,31,,4992,24,,,1,70,,4993,24,,,1,30,,4994,24,,,1,70,,4995,24,,,1,30,,4996,24,,,1,70,,4997,24,,,1,30,,4998,24,,,1,70,,4999,24,,,1,29,,5000,24,,,1,70,,5001,24,,,1,30,,5002,24,,,1,68,,5003,24,,,1,28,,5004,24,,,1,70,,5005,24,,,1
1200,'CCFSAT',641,,5006,24,,,1,100,,5007,24,,,1,100,,5008,24,,,1,102,,5009,24,,,1,100,,5010,24,,,1,101,,5011,24,,,1,100,,5012,24,,,1,100,,5013,24,,,1,100,,5014,24,,,1,100,,5015,24,,,1,100,,5016,24,,,1,99,,5017,24,,,1,100,,5018,24,,,1,98,,5019,24,,,1,100,,5020,24,,,1,100,,5021,24,,,1
1200,'CCFSUN',641,,5022,24,,,1,100,,5023,24,,,1,100,,5024,24,,,1,102,,5025,24,,,1,100,,5026,24,,,1,101,,5027,24,,,1,100,,5028,24,,,1,100,,5029,24,,,1,100,,5030,24,,,1,100,,5031,24,,,1,100,,5032,24,,,1,99,,5033,24,,,1,100,,5034,24,,,1,98,,5035,24,,,1,100,,5036,24,,,1,100,,5037,24,,,1
3001,'WKDY',537,,5898,31,,,1,96,,5899,49,,,1,70,,5900,49,,,1,24,,5901,49,,,1,79,,5902,49,,,1,30,,5903,49,,,1,69,,5904,49,,,1,29,,5905,49,,,1,71,,5906,49,,,1,29,,5907,49,,,1,69,,5908,49,,,1,33,,5909,49,,,1,70,,5910,49,,,1,30,,5911,49,,,1,71,,5912,49,,,1,31,,5913,49,,,1,70,,5914,49,,,1,28,,5915,49,,,1,72,,5916,49,,,1,34,,5917,49,,,1,70,,5918,49,,,1,31,,5919,49,,,1,69,,5920,49,,,1,29,,5921,49,,,1,67,,5922,49,,,1,25,,5923,49,,,1,70,,5924,49,,,1,27,,5925,49,,,1,28,,5926,49,,,1,69,,5927,49,,,1,29,,5928,49,,,1,67,,5929,49,,,1,96,,5930,49,,,1
3001,'SAT',715,,5931,49,,,1,100,,5932,49,,,1,34,,5933,49,,,1,72,,5934,49,,,1,31,,5935,49,,,1,71,,5936,49,,,1,31,,5937,49,,,1,71,,5938,49,,,1,31,,5939,49,,,1,72,,5940,49,,,1,30,,5941,49,,,1,71,,5942,49,,,1,30,,5943,49,,,1,70,,5944,49,,,1,29,,5945,49,,,1,70,,5946,49,,,1,30,,5947,49,,,1,70,,5948,49,,,1,30,,5949,49,,,1,69,,5950,49,,,1,29,,5951,49,,,1,68,,5952,49,,,1,99,,5953,49,,,1,98,,5954,49,,,1,100,,5955,49,,,1
3001,'SUN',713,,5956,49,,,1,100,,5957,49,,,1,106,,5958,49,,,1,104,,5959,49,,,1,101,,5960,49,,,1,103,,5961,49,,,1,101,,5962,49,,,1,100,,5963,49,,,1,99,,5964,49,,,1,100,,5965,49,,,1,100,,5966,49,,,1,96,,5967,49,,,1,99,,5968,49,,,1,98,,5969,49,,,1,100,,5970,49,,,1
3001,'CCFWK',537,,5971,31,,,1,96,,5972,49,,,1,70,,5973,49,,,1,24,,5974,49,,,1,79,,5975,49,,,1,30,,5976,49,,,1,69,,5977,49,,,1,29,,5978,49,,,1,71,,5979,49,,,1,29,,5980,49,,,1,69,,5981,49,,,1,33,,5982,49,,,1,70,,5983,49,,,1,30,,5984,49,,,1,71,,5985,49,,,1,31,,5986,49,,,1,70,,5987,49,,,1,28,,5988,49,,,1,72,,5989,49,,,1,34,,5990,49,,,1,70,,5991,49,,,1,31,,5992,49,,,1,69,,5993,49,,,1,29,,5994,49,,,1,67,,5995,49,,,1,25,,5996,49,,,1,70,,5997,49,,,1,27,,5998,49,,,1,28,,5999,49,,,1,69,,6000,49,,,1,29,,6001,49,,,1,67,,6002,49,,,1,96,,6003,49,,,1
3001,'CCFFF',537,,6004,31,,,1,96,,6005,49,,,1,70,,6006,49,,,1,24,,6007,49,,,1,79,,6008,49,,,1,30,,6009,49,,,1,69,,6010,49,,,1,29,,6011,49,,,1,71,,6012,49,,,1,29,,6013,49,,,1,69,,6014,49,,,1,33,,6015,49,,,1,70,,6016,49,,,1,30,,6017,49,,,1,71,,6018,49,,,1,31,,6019,49,,,1,70,,6020,49,,,1,28,,6021,49,,,1,72,,6022,49,,,1,34,,6023,49,,,1,70,,6024,49,,,1,31,,6025,49,,,1,69,,6026,49,,,1,29,,6027,49,,,1,67,,6028,49,,,1,25,,6029,49,,,1,70,,6030,49,,,1,27,,6031,49,,,1,28,,6032,49,,,1,69,,6033,49,,,1,29,,6034,49,,,1,67,,6035,49,,,1,96,,6036,49,,,1
3001,'CCFSAT',715,,6037,49,,,1,100,,6038,49,,,1,34,,6039,49,,,1,72,,6040,49,,,1,31,,6041,49,,,1,71,,6042,49,,,1,31,,6043,49,,,1,71,,6044,49,,,1,31,,6045,49,,,1,72,,6046,49,,,1,30,,6047,49,,,1,71,,6048,49,,,1,30,,6049,49,,,1,70,,6050,49,,,1,29,,6051,49,,,1,70,,6052,49,,,1,30,,6053,49,,,1,70,,6054,49,,,1,30,,6055,49,,,1,69,,6056,49,,,1,29,,6057,49,,,1,68,,6058,49,,,1,99,,6059,49,,,1,98,,6060,49,,,1,100,,6061,49,,,1
3001,'CCFSUN',713,,6062,49,,,1,100,,6063,49,,,1,106,,6064,49,,,1,104,,6065,49,,,1,101,,6066,49,,,1,103,,6067,49,,,1,101,,6068,49,,,1,100,,6069,49,,,1,99,,6070,49,,,1,100,,6071,49,,,1,100,,6072,49,,,1,96,,6073,49,,,1,99,,6074,49,,,1,98,,6075,49,,,1,100,,6076,49,,,1
