4700,'WKDY',605,,7203,1,,,1,639,,7204,1,,,1,606,,7205,1,,,1
4700,'CCFWK',605,,7206,1,,,1,639,,7207,1,,,1,606,,7208,1,,,1
4700,'CCFFF',605,,7209,1,,,1,639,,7210,1,,,1,606,,7211,1,,,1
4701,'WKDY',605,,7212,9,4,,1,639,,7213,9,4,,1,606,,7214,9,4,,1
4701,'CCFWK',605,,7215,9,4,,1,639,,7216,9,4,,1,606,,7217,9,4,,1
4701,'CCFFF',605,,7218,9,4,,1,639,,7219,9,4,,1,606,,7220,9,4,,1
98800,'CCFWK',1525,,13773,3,4,,1,400,,13776,3,4,,1,425,,13779,3,4,,1
98800,'CCFFF',1212,,13782,3,4,,1,313,,13785,3,4,,1,400,,13788,3,4,,1,425,,13791,3,4,,1
98800,'CCFSAT',1525,,13794,3,4,,1,400,,13797,3,4,,1,425,,13800,3,4,,1
98800,'CCFSUN',1525,,13803,3,4,,1,400,,13806,3,4,,1,425,,13809,3,4,,1
98801,'CCFWK',1130,,13810,1,,,1,400,,13813,1,,,1,400,,13816,1,,,1
98801,'CCFFF',900,,13819,1,,,1,230,,13822,1,,,1,85,,13823,1,,,1,315,,13826,1,,,1,400,,13829,1,,,1
98801,'CCFSAT',1130,,13832,1,,,1,400,,13835,1,,,1,400,,13838,1,,,1
98801,'CCFSUN',1130,,13841,1,,,1,400,,13844,1,,,1,400,,13847,1,,,1
