3101,'WKDY',545,,6231,10,,,1,71,,6232,10,,,1,30,,6233,10,,,1,70,,6234,10,,,1,31,,6235,10,,,1,72,,6236,10,,,1,30,,6237,10,,,1,68,,6238,10,,,1,31,,6239,10,,,1,70,,6240,10,,,1,30,,6241,10,,,1,70,,6242,10,,,1,32,,6243,10,,,1,70,,6244,10,,,1,30,,6245,10,,,1,70,,6246,10,,,1,30,,6247,10,,,1,70,,6248,10,,,1,33,,6249,10,,,1,70,,6250,10,,,1,30,,6251,10,,,1,69,,6252,10,,,1,28,,6253,10,,,1,68,,6254,10,,,1,30,,6255,10,,,1,70,,6256,10,,,1,29,,6257,10,,,1,70,,6258,10,,,1,100,,6259,10,,,1,97,,6260,10,,,1
3101,'SAT',851,,6261,10,,,1,80,,6262,10,,,1,80,,6263,10,,,1,40,,6264,10,,,1,81,,6265,10,,,1,80,,6266,10,,,1,40,,6267,10,,,1,80,,6268,10,,,1,80,,6269,10,,,1,40,,6270,10,,,1,80,,6271,10,,,1,80,,6272,10,,,1,40,,6273,10,,,1,80,,6274,10,,,1,80,,6275,10,,,1,39,,6276,10,,,1,80,,6277,10,,,1,80,,6278,10,,,1
3101,'SUN',851,,6279,10,,,1,100,,6280,10,,,1,100,,6281,10,,,1,101,,6282,10,,,1,100,,6283,10,,,1,100,,6284,10,,,1,100,,6285,10,,,1,100,,6286,10,,,1,100,,6287,10,,,1,99,,6288,10,,,1,100,,6289,10,,,1,100,,6290,10,,,1
3101,'CCFWK',545,,6291,10,,,1,71,,6292,10,,,1,30,,6293,10,,,1,70,,6294,10,,,1,31,,6295,10,,,1,72,,6296,10,,,1,30,,6297,10,,,1,68,,6298,10,,,1,31,,6299,10,,,1,70,,6300,10,,,1,30,,6301,10,,,1,70,,6302,10,,,1,32,,6303,10,,,1,70,,6304,10,,,1,30,,6305,10,,,1,70,,6306,10,,,1,30,,6307,10,,,1,70,,6308,10,,,1,33,,6309,10,,,1,70,,6310,10,,,1,30,,6311,10,,,1,69,,6312,10,,,1,28,,6313,10,,,1,68,,6314,10,,,1,30,,6315,10,,,1,70,,6316,10,,,1,29,,6317,10,,,1,70,,6318,10,,,1,100,,6319,10,,,1,97,,6320,10,,,1
3101,'CCFFF',545,,6321,10,,,1,71,,6322,10,,,1,30,,6323,10,,,1,70,,6324,10,,,1,31,,6325,10,,,1,72,,6326,10,,,1,30,,6327,10,,,1,68,,6328,10,,,1,31,,6329,10,,,1,70,,6330,10,,,1,30,,6331,10,,,1,70,,6332,10,,,1,32,,6333,10,,,1,70,,6334,10,,,1,30,,6335,10,,,1,70,,6336,10,,,1,30,,6337,10,,,1,70,,6338,10,,,1,33,,6339,10,,,1,70,,6340,10,,,1,30,,6341,10,,,1,69,,6342,10,,,1,28,,6343,10,,,1,68,,6344,10,,,1,30,,6345,10,,,1,70,,6346,10,,,1,29,,6347,10,,,1,70,,6348,10,,,1,100,,6349,10,,,1,97,,6350,10,,,1
3101,'CCFSAT',851,,6351,10,,,1,80,,6352,10,,,1,80,,6353,10,,,1,40,,6354,10,,,1,81,,6355,10,,,1,80,,6356,10,,,1,40,,6357,10,,,1,80,,6358,10,,,1,80,,6359,10,,,1,40,,6360,10,,,1,80,,6361,10,,,1,80,,6362,10,,,1,40,,6363,10,,,1,80,,6364,10,,,1,80,,6365,10,,,1,39,,6366,10,,,1,80,,6367,10,,,1,80,,6368,10,,,1
3101,'CCFSUN',851,,6369,10,,,1,100,,6370,10,,,1,100,,6371,10,,,1,101,,6372,10,,,1,100,,6373,10,,,1,100,,6374,10,,,1,100,,6375,10,,,1,100,,6376,10,,,1,100,,6377,10,,,1,99,,6378,10,,,1,100,,6379,10,,,1,100,,6380,10,,,1
7100,'WKDY',557,,10851,13,,,1,66,,10852,13,,,1,30,,10853,13,,,1,70,,10854,13,,,1,15,,10855,13,,,1,15,,10856,13,,,1,55,,10857,13,,,1,16,,10858,13,,,1,15,,10859,13,,,1,15,,10860,13,,,1,55,,10861,13,,,1,16,,10862,13,,,1,15,,10863,13,,,1,16,,10864,13,,,1,55,,10865,13,,,1,15,,10866,13,,,1,16,,10867,13,,,1,15,,10868,13,,,1,55,,10869,13,,,1,15,,10870,13,,,1,16,,10871,13,,,1,15,,10872,13,,,1,59,,10873,13,,,1,8,,10874,13,,,1,15,,10875,13,,,1,15,,10876,13,,,1,56,,10877,13,,,1,15,,10878,13,,,1,15,,10879,13,,,1,15,,10880,13,,,1,56,,10881,13,,,1,15,,10882,13,,,1,18,,10883,13,,,1,55,,10884,13,,,1,15,,10885,13,,,1,16,,10886,13,,,1,15,,10887,13,,,1,55,,10888,13,,,1,15,,10889,13,,,1,14,,10890,13,,,1,15,,10891,13,,,1,55,,10892,13,,,1,15,,10893,13,,,1,15,,10894,13,,,1,15,,10895,13,,,1,14,,10896,13,,,1,54,,10897,13,,,1,15,,10898,13,,,1,28,,10899,13,,,1,68,,10900,13,,,1,30,,10901,13,,,1,70,,10902,13,,,1,29,,10903,13,,,1,69,,10904,13,,,1,29,,10905,13,,,1,69,,10906,13,,,1,29,,10907,13,,,1,100,,10908,13,,,1
7100,'SAT',653,,10909,13,,,1,60,,10910,13,,,1,21,,10911,13,,,1,20,,10912,13,,,1,61,,10913,13,,,1,21,,10914,13,,,1,20,,10915,13,,,1,60,,10916,13,,,1,21,,10917,13,,,1,20,,10918,13,,,1,60,,10919,13,,,1,21,,10920,13,,,1,20,,10921,13,,,1,61,,10922,13,,,1,20,,10923,13,,,1,20,,10924,13,,,1,61,,10925,13,,,1,22,,10926,13,,,1,61,,10927,13,,,1,20,,10928,13,,,1,20,,10929,13,,,1,61,,10930,13,,,1,20,,10931,13,,,1,21,,10932,13,,,1,60,,10933,13,,,1,20,,10934,13,,,1,20,,10935,13,,,1,60,,10936,13,,,1,20,,10937,13,,,1,19,,10938,13,,,1,60,,10939,13,,,1,20,,10940,13,,,1,19,,10941,13,,,1,60,,10942,13,,,1,20,,10943,13,,,1,19,,10944,13,,,1,60,,10945,13,,,1,19,,10946,13,,,1,20,,10947,13,,,1,60,,10948,13,,,1,19,,10949,13,,,1,20,,10950,13,,,1,60,,10951,13,,,1,18,,10952,13,,,1,20,,10953,13,,,1,20,,10954,13,,,1,69,,10955,13,,,1,29,,10956,13,,,1,70,,10957,13,,,1
7100,'SUN',653,,10958,13,,,1,70,,10959,13,,,1,31,,10960,13,,,1,72,,10961,13,,,1,30,,10962,13,,,1,70,,10963,13,,,1,31,,10964,13,,,1,70,,10965,13,,,1,31,,10966,13,,,1,71,,10967,13,,,1,30,,10968,13,,,1,74,,10969,13,,,1,70,,10970,13,,,1,30,,10971,13,,,1,71,,10972,13,,,1,30,,10973,13,,,1,71,,10974,13,,,1,30,,10975,13,,,1,70,,10976,13,,,1,30,,10977,13,,,1,69,,10978,13,,,1,30,,10979,13,,,1,69,,10980,13,,,1,29,,10981,13,,,1,70,,10982,13,,,1,29,,10983,13,,,1,70,,10984,13,,,1,29,,10985,13,,,1,70,,10986,13,,,1,30,,10987,13,,,1,70,,10988,13,,,1,18,,10989,13,,,1,29,,10990,13,,,1,69,,10991,13,,,1
7100,'CCFWK',557,,10992,13,,,1,66,,10993,13,,,1,30,,10994,13,,,1,70,,10995,13,,,1,15,,10996,13,,,1,15,,10997,13,,,1,55,,10998,13,,,1,16,,10999,13,,,1,15,,11000,13,,,1,15,,11001,13,,,1,55,,11002,13,,,1,16,,11003,13,,,1,15,,11004,13,,,1,16,,11005,13,,,1,55,,11006,13,,,1,15,,11007,13,,,1,16,,11008,13,,,1,15,,11009,13,,,1,55,,11010,13,,,1,15,,11011,13,,,1,16,,11012,13,,,1,15,,11013,13,,,1,59,,11014,13,,,1,8,,11015,13,,,1,15,,11016,13,,,1,15,,11017,13,,,1,56,,11018,13,,,1,15,,11019,13,,,1,15,,11020,13,,,1,15,,11021,13,,,1,56,,11022,13,,,1,15,,11023,13,,,1,18,,11024,13,,,1,55,,11025,13,,,1,15,,11026,13,,,1,16,,11027,13,,,1,15,,11028,13,,,1,55,,11029,13,,,1,15,,11030,13,,,1,14,,11031,13,,,1,15,,11032,13,,,1,55,,11033,13,,,1,15,,11034,13,,,1,15,,11035,13,,,1,15,,11036,13,,,1,14,,11037,13,,,1,54,,11038,13,,,1,15,,11039,13,,,1,28,,11040,13,,,1,68,,11041,13,,,1,30,,11042,13,,,1,70,,11043,13,,,1,29,,11044,13,,,1,69,,11045,13,,,1,29,,11046,13,,,1,69,,11047,13,,,1,29,,11048,13,,,1,100,,11049,13,,,1
7100,'CCFFF',557,,11050,13,,,1,66,,11051,13,,,1,30,,11052,13,,,1,70,,11053,13,,,1,15,,11054,13,,,1,15,,11055,13,,,1,55,,11056,13,,,1,16,,11057,13,,,1,15,,11058,13,,,1,15,,11059,13,,,1,55,,11060,13,,,1,16,,11061,13,,,1,15,,11062,13,,,1,16,,11063,13,,,1,55,,11064,13,,,1,15,,11065,13,,,1,16,,11066,13,,,1,15,,11067,13,,,1,55,,11068,13,,,1,15,,11069,13,,,1,16,,11070,13,,,1,15,,11071,13,,,1,59,,11072,13,,,1,8,,11073,13,,,1,15,,11074,13,,,1,15,,11075,13,,,1,56,,11076,13,,,1,15,,11077,13,,,1,15,,11078,13,,,1,15,,11079,13,,,1,56,,11080,13,,,1,15,,11081,13,,,1,18,,11082,13,,,1,55,,11083,13,,,1,15,,11084,13,,,1,16,,11085,13,,,1,15,,11086,13,,,1,55,,11087,13,,,1,15,,11088,13,,,1,14,,11089,13,,,1,15,,11090,13,,,1,55,,11091,13,,,1,15,,11092,13,,,1,15,,11093,13,,,1,15,,11094,13,,,1,14,,11095,13,,,1,54,,11096,13,,,1,15,,11097,13,,,1,28,,11098,13,,,1,68,,11099,13,,,1,30,,11100,13,,,1,70,,11101,13,,,1,29,,11102,13,,,1,69,,11103,13,,,1,29,,11104,13,,,1,69,,11105,13,,,1,29,,11106,13,,,1,100,,11107,13,,,1
7100,'CCFSAT',653,,11108,13,,,1,60,,11109,13,,,1,21,,11110,13,,,1,20,,11111,13,,,1,61,,11112,13,,,1,21,,11113,13,,,1,20,,11114,13,,,1,60,,11115,13,,,1,21,,11116,13,,,1,20,,11117,13,,,1,60,,11118,13,,,1,21,,11119,13,,,1,20,,11120,13,,,1,61,,11121,13,,,1,20,,11122,13,,,1,20,,11123,13,,,1,61,,11124,13,,,1,22,,11125,13,,,1,61,,11126,13,,,1,20,,11127,13,,,1,20,,11128,13,,,1,61,,11129,13,,,1,20,,11130,13,,,1,21,,11131,13,,,1,60,,11132,13,,,1,20,,11133,13,,,1,20,,11134,13,,,1,60,,11135,13,,,1,20,,11136,13,,,1,19,,11137,13,,,1,60,,11138,13,,,1,20,,11139,13,,,1,19,,11140,13,,,1,60,,11141,13,,,1,20,,11142,13,,,1,19,,11143,13,,,1,60,,11144,13,,,1,19,,11145,13,,,1,20,,11146,13,,,1,60,,11147,13,,,1,19,,11148,13,,,1,20,,11149,13,,,1,60,,11150,13,,,1,18,,11151,13,,,1,20,,11152,13,,,1,20,,11153,13,,,1,69,,11154,13,,,1,29,,11155,13,,,1,70,,11156,13,,,1
7100,'CCFSUN',653,,11157,13,,,1,70,,11158,13,,,1,31,,11159,13,,,1,72,,11160,13,,,1,30,,11161,13,,,1,70,,11162,13,,,1,31,,11163,13,,,1,70,,11164,13,,,1,31,,11165,13,,,1,71,,11166,13,,,1,30,,11167,13,,,1,74,,11168,13,,,1,70,,11169,13,,,1,30,,11170,13,,,1,71,,11171,13,,,1,30,,11172,13,,,1,71,,11173,13,,,1,30,,11174,13,,,1,70,,11175,13,,,1,30,,11176,13,,,1,69,,11177,13,,,1,30,,11178,13,,,1,69,,11179,13,,,1,29,,11180,13,,,1,70,,11181,13,,,1,29,,11182,13,,,1,70,,11183,13,,,1,29,,11184,13,,,1,70,,11185,13,,,1,30,,11186,13,,,1,70,,11187,13,,,1,18,,11188,13,,,1,29,,11189,13,,,1,69,,11190,13,,,1
