4100,'WKDY',651,,7188,3,,,1,70,,7192,3,,,1,81,,7189,3,0,10 11 12,1,948,,7190,3,0,10 11 12,1,68,,7191,3,0,10 11 12,1
4100,'CCFWK',651,,7193,3,,,1,70,,7197,3,,,1,81,,7194,3,0,10 11 12,1,948,,7195,3,0,10 11 12,1,68,,7196,3,0,10 11 12,1
4100,'CCFFF',651,,7198,3,,,1,70,,7202,3,,,1,81,,7199,3,0,10 11 12,1,948,,7200,3,0,10 11 12,1,68,,7201,3,0,10 11 12,1
9201,'WKDY',552,,12965,3,,,1,70,,12966,3,,,1,30,,12967,3,,,1,70,,12968,3,,,1,31,,12969,3,,,1,71,,12970,3,,,1,30,,12971,3,,,1,70,,12972,3,,,1,30,,12973,3,,,1,70,,12974,3,,,1,30,,12975,3,,,1,70,,12976,3,,,1,30,,12977,3,,,1,70,,12978,3,,,1,31,,12979,3,,,1,71,,12980,3,,,1,30,,12981,3,,,1,70,,12982,3,,,1,30,,12983,3,,,1,71,,12984,3,,,1,30,,12985,3,,,1,70,,12986,3,,,1,29,,12987,3,,,1,69,,12988,3,,,1,30,,12989,3,,,1,70,,12990,3,,,1,30,,12991,3,,,1,70,,12992,3,,,1,27,,12993,3,,,1,100,,12994,3,,,1,100,,12995,3,,,1
9201,'SAT',737,,12996,3,,,1,100,,12997,3,,,1,100,,12998,3,,,1,101,,12999,3,,,1,101,,13000,3,,,1,100,,13001,3,,,1,100,,13002,3,,,1,99,,13003,3,,,1,100,,13004,3,,,1,100,,13005,3,,,1,100,,13006,3,,,1,98,,13007,3,,,1,100,,13008,3,,,1,100,,13009,3,,,1,100,,13010,3,,,1
9201,'SUN',737,,13011,3,,,1,100,,13012,3,,,1,100,,13013,3,,,1,101,,13014,3,,,1,101,,13015,3,,,1,100,,13016,3,,,1,100,,13017,3,,,1,99,,13018,3,,,1,100,,13019,3,,,1,100,,13020,3,,,1,100,,13021,3,,,1,98,,13022,3,,,1,100,,13023,3,,,1,100,,13024,3,,,1,100,,13025,3,,,1
9201,'CCFWK',552,,13026,3,,,1,70,,13027,3,,,1,30,,13028,3,,,1,70,,13029,3,,,1,31,,13030,3,,,1,71,,13031,3,,,1,30,,13032,3,,,1,70,,13033,3,,,1,30,,13034,3,,,1,70,,13035,3,,,1,30,,13036,3,,,1,70,,13037,3,,,1,30,,13038,3,,,1,70,,13039,3,,,1,31,,13040,3,,,1,71,,13041,3,,,1,30,,13042,3,,,1,70,,13043,3,,,1,30,,13044,3,,,1,71,,13045,3,,,1,30,,13046,3,,,1,70,,13047,3,,,1,29,,13048,3,,,1,69,,13049,3,,,1,30,,13050,3,,,1,70,,13051,3,,,1,30,,13052,3,,,1,70,,13053,3,,,1,27,,13054,3,,,1,100,,13055,3,,,1,100,,13056,3,,,1
9201,'CCFFF',552,,13057,3,,,1,70,,13058,3,,,1,30,,13059,3,,,1,70,,13060,3,,,1,31,,13061,3,,,1,71,,13062,3,,,1,30,,13063,3,,,1,70,,13064,3,,,1,30,,13065,3,,,1,70,,13066,3,,,1,30,,13067,3,,,1,70,,13068,3,,,1,30,,13069,3,,,1,70,,13070,3,,,1,31,,13071,3,,,1,71,,13072,3,,,1,30,,13073,3,,,1,70,,13074,3,,,1,30,,13075,3,,,1,71,,13076,3,,,1,30,,13077,3,,,1,70,,13078,3,,,1,29,,13079,3,,,1,69,,13080,3,,,1,30,,13081,3,,,1,70,,13082,3,,,1,30,,13083,3,,,1,70,,13084,3,,,1,27,,13085,3,,,1,100,,13086,3,,,1,100,,13087,3,,,1
9201,'CCFSAT',737,,13088,3,,,1,100,,13089,3,,,1,100,,13090,3,,,1,101,,13091,3,,,1,101,,13092,3,,,1,100,,13093,3,,,1,100,,13094,3,,,1,99,,13095,3,,,1,100,,13096,3,,,1,100,,13097,3,,,1,100,,13098,3,,,1,98,,13099,3,,,1,100,,13100,3,,,1,100,,13101,3,,,1,100,,13102,3,,,1
9201,'CCFSUN',737,,13103,3,,,1,100,,13104,3,,,1,100,,13105,3,,,1,101,,13106,3,,,1,101,,13107,3,,,1,100,,13108,3,,,1,100,,13109,3,,,1,99,,13110,3,,,1,100,,13111,3,,,1,100,,13112,3,,,1,100,,13113,3,,,1,98,,13114,3,,,1,100,,13115,3,,,1,100,,13116,3,,,1,100,,13117,3,,,1
