3200,'WKDY',607,,6381,33,,,1,30,,6382,33,,,1,70,,6383,33,,,1,30,,6384,33,,,1,70,,6385,33,,,1,30,,6386,33,,,1,70,,6387,33,,,1,30,,6388,33,,,1,70,,6389,33,,,1,30,,6390,33,,,1,70,,6391,33,,,1,30,,6392,33,,,1,70,,6393,33,,,1,30,,6394,33,,,1,70,,6395,33,,,1,30,,6396,33,,,1,70,,6397,33,,,1,30,,6398,33,,,1,70,,6399,33,,,1,30,,6400,33,,,1,70,,6401,33,,,1,30,,6402,33,,,1,70,,6403,33,,,1,30,,6404,33,,,1,70,,6405,33,,,1,30,,6406,33,,,1,70,,6407,33,,,1,30,,6408,33,,,1,100,,6409,33,,,1,100,,6410,33,,,1
3200,'SAT',814,,6427,33,,,1,40,,6428,33,,,1,80,,6429,33,,,1,80,,6411,33,,,1,40,,6412,33,,,1,80,,6413,33,,,1,80,,6414,33,,,1,40,,6415,33,,,1,80,,6416,33,,,1,80,,6417,33,,,1,40,,6418,33,,,1,80,,6419,33,,,1,80,,6420,33,,,1,40,,6421,33,,,1,80,,6422,33,,,1,80,,6423,33,,,1,40,,6424,33,,,1,80,,6425,33,,,1,80,,6426,33,,,1
3200,'SUN',814,,6430,33,,,1,100,,6431,33,,,1,100,,6432,33,,,1,100,,6433,33,,,1,100,,6434,33,,,1,100,,6435,33,,,1,100,,6436,33,,,1,100,,6437,33,,,1,100,,6438,33,,,1,100,,6439,33,,,1,100,,6440,33,,,1,100,,6441,33,,,1,100,,6442,33,,,1
3200,'CCFWK',607,,6443,33,,,1,30,,6444,33,,,1,70,,6445,33,,,1,30,,6446,33,,,1,70,,6447,33,,,1,30,,6448,33,,,1,70,,6449,33,,,1,30,,6450,33,,,1,70,,6451,33,,,1,30,,6452,33,,,1,70,,6453,33,,,1,30,,6454,33,,,1,70,,6455,33,,,1,30,,6456,33,,,1,70,,6457,33,,,1,30,,6458,33,,,1,70,,6459,33,,,1,30,,6460,33,,,1,70,,6461,33,,,1,30,,6462,33,,,1,70,,6463,33,,,1,30,,6464,33,,,1,70,,6465,33,,,1,30,,6466,33,,,1,70,,6467,33,,,1,30,,6468,33,,,1,70,,6469,33,,,1,30,,6470,33,,,1,100,,6471,33,,,1,100,,6472,33,,,1
3200,'CCFFF',607,,6473,33,,,1,30,,6474,33,,,1,70,,6475,33,,,1,30,,6476,33,,,1,70,,6477,33,,,1,30,,6478,33,,,1,70,,6479,33,,,1,30,,6480,33,,,1,70,,6481,33,,,1,30,,6482,33,,,1,70,,6483,33,,,1,30,,6484,33,,,1,70,,6485,33,,,1,30,,6486,33,,,1,70,,6487,33,,,1,30,,6488,33,,,1,70,,6489,33,,,1,30,,6490,33,,,1,70,,6491,33,,,1,30,,6492,33,,,1,70,,6493,33,,,1,30,,6494,33,,,1,70,,6495,33,,,1,30,,6496,33,,,1,70,,6497,33,,,1,30,,6498,33,,,1,70,,6499,33,,,1,30,,6500,33,,,1,100,,6501,33,,,1,100,,6502,33,,,1
3200,'CCFSAT',814,,6519,33,,,1,40,,6520,33,,,1,80,,6521,33,,,1,80,,6503,33,,,1,40,,6504,33,,,1,80,,6505,33,,,1,80,,6506,33,,,1,40,,6507,33,,,1,80,,6508,33,,,1,80,,6509,33,,,1,40,,6510,33,,,1,80,,6511,33,,,1,80,,6512,33,,,1,40,,6513,33,,,1,80,,6514,33,,,1,80,,6515,33,,,1,40,,6516,33,,,1,80,,6517,33,,,1,80,,6518,33,,,1
3200,'CCFSUN',814,,6522,33,,,1,100,,6523,33,,,1,100,,6524,33,,,1,100,,6525,33,,,1,100,,6526,33,,,1,100,,6527,33,,,1,100,,6528,33,,,1,100,,6529,33,,,1,100,,6530,33,,,1,100,,6531,33,,,1,100,,6532,33,,,1,100,,6533,33,,,1,100,,6534,33,,,1
7801,'WKDY',458,,12257,26,,,1,143,,12258,26,,,1,31,,12259,26,,,1,72,,12260,26,,,1,30,,12261,26,,,1,70,,12262,26,,,1,30,,12263,26,,,1,71,,12264,26,,,1,31,,12281,26,,,1,70,,12265,26,,,1,31,,12282,26,,,1,70,,12266,26,,,1,31,,12283,26,,,1,70,,12267,26,,,1,30,,12284,26,,,1,70,,12268,26,,,1,31,,12285,26,,,1,70,,12269,26,,,1,30,,12286,26,,,1,70,,12270,26,,,1,30,,12271,26,,,1,70,,12272,26,,,1,30,,12273,26,,,1,70,,12274,26,,,1,30,,12275,26,,,1,70,,12276,26,,,1,100,,12277,26,,,1,96,,12278,26,,,1,99,,12279,26,,,1,97,,12280,26,,,1
7801,'SAT',805,,12287,26,,,1,100,,12288,26,,,1,100,,12289,26,,,1,101,,12290,26,,,1,100,,12291,26,,,1,101,,12292,26,,,1,100,,12293,26,,,1,100,,12294,26,,,1,100,,12295,26,,,1,100,,12296,26,,,1,100,,12297,26,,,1,99,,12298,26,,,1,98,,12299,26,,,1
7801,'SUN',805,,12300,26,,,1,100,,12301,26,,,1,100,,12302,26,,,1,101,,12303,26,,,1,100,,12304,26,,,1,101,,12305,26,,,1,100,,12306,26,,,1,100,,12307,26,,,1,100,,12308,26,,,1,100,,12309,26,,,1,100,,12310,26,,,1,99,,12311,26,,,1,98,,12312,26,,,1
7801,'CCFWK',458,,12313,26,,,1,143,,12314,26,,,1,31,,12315,26,,,1,72,,12316,26,,,1,30,,12317,26,,,1,70,,12318,26,,,1,30,,12319,26,,,1,71,,12320,26,,,1,31,,12337,26,,,1,70,,12321,26,,,1,31,,12338,26,,,1,70,,12322,26,,,1,31,,12339,26,,,1,70,,12323,26,,,1,30,,12340,26,,,1,70,,12324,26,,,1,31,,12341,26,,,1,70,,12325,26,,,1,30,,12342,26,,,1,70,,12326,26,,,1,30,,12327,26,,,1,70,,12328,26,,,1,30,,12329,26,,,1,70,,12330,26,,,1,30,,12331,26,,,1,70,,12332,26,,,1,100,,12333,26,,,1,96,,12334,26,,,1,99,,12335,26,,,1,97,,12336,26,,,1
7801,'CCFFF',458,,12343,26,,,1,143,,12344,26,,,1,31,,12345,26,,,1,72,,12346,26,,,1,30,,12347,26,,,1,70,,12348,26,,,1,30,,12349,26,,,1,71,,12350,26,,,1,31,,12367,26,,,1,70,,12351,26,,,1,31,,12368,26,,,1,70,,12352,26,,,1,31,,12369,26,,,1,70,,12353,26,,,1,30,,12370,26,,,1,70,,12354,26,,,1,31,,12371,26,,,1,70,,12355,26,,,1,30,,12372,26,,,1,70,,12356,26,,,1,30,,12357,26,,,1,70,,12358,26,,,1,30,,12359,26,,,1,70,,12360,26,,,1,30,,12361,26,,,1,70,,12362,26,,,1,100,,12363,26,,,1,96,,12364,26,,,1,99,,12365,26,,,1,97,,12366,26,,,1
7801,'CCFSAT',805,,12373,26,,,1,100,,12374,26,,,1,100,,12375,26,,,1,101,,12376,26,,,1,100,,12377,26,,,1,101,,12378,26,,,1,100,,12379,26,,,1,100,,12380,26,,,1,100,,12381,26,,,1,100,,12382,26,,,1,100,,12383,26,,,1,99,,12384,26,,,1,98,,12385,26,,,1
7801,'CCFSUN',805,,12386,26,,,1,100,,12387,26,,,1,100,,12388,26,,,1,101,,12389,26,,,1,100,,12390,26,,,1,101,,12391,26,,,1,100,,12392,26,,,1,100,,12393,26,,,1,100,,12394,26,,,1,100,,12395,26,,,1,100,,12396,26,,,1,99,,12397,26,,,1,98,,12398,26,,,1
