1200,'WKDY',531,,4878,9,,,1,70,,4879,9,,,1,30,,4880,9,,,1,70,,4881,9,,,1,30,,4882,9,,,1,70,,4883,9,,,1,30,,4884,9,,,1,70,,4885,9,,,1,30,,4886,9,,,1,70,,4887,9,,,1,30,,4888,9,,,1,70,,4889,9,,,1,31,,4890,9,,,1,70,,4891,9,,,1,30,,4892,9,,,1,70,,4893,9,,,1,30,,4894,9,,,1,70,,4895,9,,,1,30,,4896,9,,,1,70,,4897,9,,,1,30,,4898,9,,,1,70,,4899,9,,,1,30,,4900,9,,,1,70,,4901,9,,,1,30,,4902,9,,,1,70,,4903,9,,,1,30,,4904,9,,,1,70,,4905,9,,,1,30,,4906,9,,,1,69,,4907,9,,,1,29,,4908,9,,,1,70,,4909,9,,,1
1200,'SAT',623,,4910,9,,,1,100,,4911,9,,,1,100,,4912,9,,,1,100,,4913,9,,,1,100,,4914,9,,,1,101,,4915,9,,,1,100,,4916,9,,,1,100,,4917,9,,,1,100,,4918,9,,,1,100,,4919,9,,,1,100,,4920,9,,,1,99,,4921,9,,,1,100,,4922,9,,,1,100,,4923,9,,,1,100,,4924,9,,,1,100,,4925,9,,,1
1200,'SUN',623,,4926,9,,,1,100,,4927,9,,,1,100,,4928,9,,,1,100,,4929,9,,,1,100,,4930,9,,,1,101,,4931,9,,,1,100,,4932,9,,,1,100,,4933,9,,,1,100,,4934,9,,,1,100,,4935,9,,,1,100,,4936,9,,,1,99,,4937,9,,,1,100,,4938,9,,,1,100,,4939,9,,,1,100,,4940,9,,,1,100,,4941,9,,,1
1200,'CCFWK',531,,4942,9,,,1,70,,4943,9,,,1,30,,4944,9,,,1,70,,4945,9,,,1,30,,4946,9,,,1,70,,4947,9,,,1,30,,4948,9,,,1,70,,4949,9,,,1,30,,4950,9,,,1,70,,4951,9,,,1,30,,4952,9,,,1,70,,4953,9,,,1,31,,4954,9,,,1,70,,4955,9,,,1,30,,4956,9,,,1,70,,4957,9,,,1,30,,4958,9,,,1,70,,4959,9,,,1,30,,4960,9,,,1,70,,4961,9,,,1,30,,4962,9,,,1,70,,4963,9,,,1,30,,4964,9,,,1,70,,4965,9,,,1,30,,4966,9,,,1,70,,4967,9,,,1,30,,4968,9,,,1,70,,4969,9,,,1,30,,4970,9,,,1,69,,4971,9,,,1,29,,4972,9,,,1,70,,4973,9,,,1
1200,'CCFFF',531,,4974,9,,,1,70,,4975,9,,,1,30,,4976,9,,,1,70,,4977,9,,,1,30,,4978,9,,,1,70,,4979,9,,,1,30,,4980,9,,,1,70,,4981,9,,,1,30,,4982,9,,,1,70,,4983,9,,,1,30,,4984,9,,,1,70,,4985,9,,,1,31,,4986,9,,,1,70,,4987,9,,,1,30,,4988,9,,,1,70,,4989,9,,,1,30,,4990,9,,,1,70,,4991,9,,,1,30,,4992,9,,,1,70,,4993,9,,,1,30,,4994,9,,,1,70,,4995,9,,,1,30,,4996,9,,,1,70,,4997,9,,,1,30,,4998,9,,,1,70,,4999,9,,,1,30,,5000,9,,,1,70,,5001,9,,,1,30,,5002,9,,,1,69,,5003,9,,,1,29,,5004,9,,,1,70,,5005,9,,,1
1200,'CCFSAT',623,,5006,9,,,1,100,,5007,9,,,1,100,,5008,9,,,1,100,,5009,9,,,1,100,,5010,9,,,1,101,,5011,9,,,1,100,,5012,9,,,1,100,,5013,9,,,1,100,,5014,9,,,1,100,,5015,9,,,1,100,,5016,9,,,1,99,,5017,9,,,1,100,,5018,9,,,1,100,,5019,9,,,1,100,,5020,9,,,1,100,,5021,9,,,1
1200,'CCFSUN',623,,5022,9,,,1,100,,5023,9,,,1,100,,5024,9,,,1,100,,5025,9,,,1,100,,5026,9,,,1,101,,5027,9,,,1,100,,5028,9,,,1,100,,5029,9,,,1,100,,5030,9,,,1,100,,5031,9,,,1,100,,5032,9,,,1,99,,5033,9,,,1,100,,5034,9,,,1,100,,5035,9,,,1,100,,5036,9,,,1,100,,5037,9,,,1
8000,'WKDY',530,,12399,12,,,1,70,,12430,12,,,1,30,,12400,12,,,1,70,,12401,12,,,1,32,,12402,12,,,1,70,,12403,12,,,1,29,,12404,12,,,1,70,,12405,12,,,1,30,,12406,12,,,1,70,,12407,12,,,1,30,,12408,12,,,1,70,,12409,12,,,1,30,,12410,12,,,1,70,,12411,12,,,1,30,,12412,12,,,1,70,,12413,12,,,1,31,,12414,12,,,1,70,,12415,12,,,1,30,,12416,12,,,1,70,,12417,12,,,1,30,,12418,12,,,1,71,,12419,12,,,1,31,,12420,12,,,1,25,,12421,12,,,1,70,,12422,12,,,1,30,,12423,12,,,1,70,,12424,12,,,1,71,,12425,12,,,1,30,,12426,12,,,1,70,,12427,12,,,1,30,,12428,12,,,1,70,,12429,12,,,1
8000,'SAT',630,,12443,12,,,1,100,,12431,12,,,1,70,,12432,12,,,1,30,,12433,12,,,1,70,,12444,12,,,1,30,,12434,12,,,1,70,,12445,12,,,1,31,,12435,12,,,1,70,,12446,12,,,1,30,,12436,12,,,1,71,,12447,12,,,1,30,,12437,12,,,1,70,,12448,12,,,1,30,,12438,12,,,1,70,,12449,12,,,1,30,,12439,12,,,1,70,,12450,12,,,1,30,,12440,12,,,1,70,,12451,12,,,1,30,,12441,12,,,1,70,,12452,12,,,1,30,,12442,12,,,1,70,,12453,12,,,1,29,,12454,12,,,1,69,,12455,12,,,1,30,,12456,12,,,1,70,,12457,12,,,1,100,,12458,12,,,1
8000,'SUN',630,,12472,12,,,1,100,,12459,12,,,1,70,,12460,12,,,1,30,,12461,12,,,1,70,,12473,12,,,1,30,,12462,12,,,1,70,,12474,12,,,1,31,,12463,12,,,1,70,,12475,12,,,1,30,,12464,12,,,1,71,,12476,12,,,1,30,,12465,12,,,1,70,,12477,12,,,1,30,,12466,12,,,1,70,,12478,12,,,1,30,,12467,12,,,1,70,,12479,12,,,1,30,,12468,12,,,1,70,,12480,12,,,1,30,,12469,12,,,1,70,,12481,12,,,1,30,,12470,12,,,1,70,,12482,12,,,1,29,,12471,12,,,1,69,,12483,12,,,1,30,,12485,12,,,1,70,,12484,12,,,1,100,,12486,12,,,1
8000,'CCFWK',530,,12487,12,,,1,70,,12518,12,,,1,30,,12488,12,,,1,70,,12489,12,,,1,32,,12490,12,,,1,70,,12491,12,,,1,29,,12492,12,,,1,70,,12493,12,,,1,30,,12494,12,,,1,70,,12495,12,,,1,30,,12496,12,,,1,70,,12497,12,,,1,30,,12498,12,,,1,70,,12499,12,,,1,30,,12500,12,,,1,70,,12501,12,,,1,31,,12502,12,,,1,70,,12503,12,,,1,30,,12504,12,,,1,70,,12505,12,,,1,30,,12506,12,,,1,71,,12507,12,,,1,31,,12508,12,,,1,25,,12509,12,,,1,70,,12510,12,,,1,30,,12511,12,,,1,70,,12512,12,,,1,71,,12513,12,,,1,30,,12514,12,,,1,70,,12515,12,,,1,30,,12516,12,,,1,70,,12517,12,,,1
8000,'CCFFF',530,,12519,12,,,1,70,,12550,12,,,1,30,,12520,12,,,1,70,,12521,12,,,1,32,,12522,12,,,1,70,,12523,12,,,1,29,,12524,12,,,1,70,,12525,12,,,1,30,,12526,12,,,1,70,,12527,12,,,1,30,,12528,12,,,1,70,,12529,12,,,1,30,,12530,12,,,1,70,,12531,12,,,1,30,,12532,12,,,1,70,,12533,12,,,1,31,,12534,12,,,1,70,,12535,12,,,1,30,,12536,12,,,1,70,,12537,12,,,1,30,,12538,12,,,1,71,,12539,12,,,1,31,,12540,12,,,1,25,,12541,12,,,1,70,,12542,12,,,1,30,,12543,12,,,1,70,,12544,12,,,1,71,,12545,12,,,1,30,,12546,12,,,1,70,,12547,12,,,1,30,,12548,12,,,1,70,,12549,12,,,1
8000,'CCFSAT',630,,12563,12,,,1,100,,12551,12,,,1,70,,12552,12,,,1,30,,12553,12,,,1,70,,12564,12,,,1,30,,12554,12,,,1,70,,12565,12,,,1,31,,12555,12,,,1,70,,12566,12,,,1,30,,12556,12,,,1,71,,12567,12,,,1,30,,12557,12,,,1,70,,12568,12,,,1,30,,12558,12,,,1,70,,12569,12,,,1,30,,12559,12,,,1,70,,12570,12,,,1,30,,12560,12,,,1,70,,12571,12,,,1,30,,12561,12,,,1,70,,12572,12,,,1,30,,12562,12,,,1,70,,12573,12,,,1,29,,12574,12,,,1,69,,12575,12,,,1,30,,12576,12,,,1,70,,12577,12,,,1,100,,12578,12,,,1
8000,'CCFSUN',630,,12592,12,,,1,100,,12579,12,,,1,70,,12580,12,,,1,30,,12581,12,,,1,70,,12593,12,,,1,30,,12582,12,,,1,70,,12594,12,,,1,31,,12583,12,,,1,70,,12595,12,,,1,30,,12584,12,,,1,71,,12596,12,,,1,30,,12585,12,,,1,70,,12597,12,,,1,30,,12586,12,,,1,70,,12598,12,,,1,30,,12587,12,,,1,70,,12599,12,,,1,30,,12588,12,,,1,70,,12600,12,,,1,30,,12589,12,,,1,70,,12601,12,,,1,30,,12590,12,,,1,70,,12602,12,,,1,29,,12591,12,,,1,69,,12603,12,,,1,30,,12605,12,,,1,70,,12604,12,,,1,100,,12606,12,,,1
