3001,'WKDY',531,,5898,25,,,1,96,,5899,43,,,1,30,,5900,43,,,1,63,,5901,43,,,1,39,,5902,43,,,1,70,,5903,43,,,1,29,,5904,43,,,1,69,,5905,43,,,1,31,,5906,43,,,1,69,,5907,43,,,1,29,,5908,43,,,1,72,,5909,43,,,1,30,,5910,43,,,1,70,,5911,43,,,1,31,,5912,43,,,1,71,,5913,43,,,1,70,,5914,43,,,1,29,,5915,43,,,1,72,,5916,43,,,1,33,,5917,43,,,1,70,,5918,43,,,1,32,,5919,43,,,1,69,,5920,43,,,1,29,,5921,43,,,1,67,,5922,43,,,1,25,,5923,43,,,1,30,,5924,43,,,1,67,,5925,43,,,1,28,,5926,43,,,1,69,,5927,43,,,1,29,,5928,43,,,1,68,,5929,43,,,1,96,,5930,43,,,1
3001,'SAT',709,,5931,43,,,1,100,,5932,43,,,1,33,,5933,43,,,1,72,,5934,43,,,1,31,,5935,43,,,1,71,,5936,43,,,1,31,,5937,43,,,1,71,,5938,43,,,1,31,,5939,43,,,1,72,,5940,43,,,1,30,,5941,43,,,1,71,,5942,43,,,1,30,,5943,43,,,1,70,,5944,43,,,1,29,,5945,43,,,1,70,,5946,43,,,1,30,,5947,43,,,1,70,,5948,43,,,1,30,,5949,43,,,1,69,,5950,43,,,1,29,,5951,43,,,1,68,,5952,43,,,1,99,,5953,43,,,1,98,,5954,43,,,1,100,,5955,43,,,1
3001,'SUN',708,,5956,43,,,1,100,,5957,43,,,1,106,,5958,43,,,1,102,,5959,43,,,1,101,,5960,43,,,1,103,,5961,43,,,1,101,,5962,43,,,1,100,,5963,43,,,1,99,,5964,43,,,1,100,,5965,43,,,1,100,,5966,43,,,1,97,,5967,43,,,1,99,,5968,43,,,1,98,,5969,43,,,1,100,,5970,43,,,1
3001,'CCFWK',531,,5971,25,,,1,96,,5972,43,,,1,30,,5973,43,,,1,63,,5974,43,,,1,39,,5975,43,,,1,70,,5976,43,,,1,29,,5977,43,,,1,69,,5978,43,,,1,31,,5979,43,,,1,69,,5980,43,,,1,29,,5981,43,,,1,72,,5982,43,,,1,30,,5983,43,,,1,70,,5984,43,,,1,31,,5985,43,,,1,71,,5986,43,,,1,70,,5987,43,,,1,29,,5988,43,,,1,72,,5989,43,,,1,33,,5990,43,,,1,70,,5991,43,,,1,32,,5992,43,,,1,69,,5993,43,,,1,29,,5994,43,,,1,67,,5995,43,,,1,25,,5996,43,,,1,30,,5997,43,,,1,67,,5998,43,,,1,28,,5999,43,,,1,69,,6000,43,,,1,29,,6001,43,,,1,68,,6002,43,,,1,96,,6003,43,,,1
3001,'CCFFF',531,,6004,25,,,1,96,,6005,43,,,1,30,,6006,43,,,1,63,,6007,43,,,1,39,,6008,43,,,1,70,,6009,43,,,1,29,,6010,43,,,1,69,,6011,43,,,1,31,,6012,43,,,1,69,,6013,43,,,1,29,,6014,43,,,1,72,,6015,43,,,1,30,,6016,43,,,1,70,,6017,43,,,1,31,,6018,43,,,1,71,,6019,43,,,1,70,,6020,43,,,1,29,,6021,43,,,1,72,,6022,43,,,1,33,,6023,43,,,1,70,,6024,43,,,1,32,,6025,43,,,1,69,,6026,43,,,1,29,,6027,43,,,1,67,,6028,43,,,1,25,,6029,43,,,1,30,,6030,43,,,1,67,,6031,43,,,1,28,,6032,43,,,1,69,,6033,43,,,1,29,,6034,43,,,1,68,,6035,43,,,1,96,,6036,43,,,1
3001,'CCFSAT',709,,6037,43,,,1,100,,6038,43,,,1,33,,6039,43,,,1,72,,6040,43,,,1,31,,6041,43,,,1,71,,6042,43,,,1,31,,6043,43,,,1,71,,6044,43,,,1,31,,6045,43,,,1,72,,6046,43,,,1,30,,6047,43,,,1,71,,6048,43,,,1,30,,6049,43,,,1,70,,6050,43,,,1,29,,6051,43,,,1,70,,6052,43,,,1,30,,6053,43,,,1,70,,6054,43,,,1,30,,6055,43,,,1,69,,6056,43,,,1,29,,6057,43,,,1,68,,6058,43,,,1,99,,6059,43,,,1,98,,6060,43,,,1,100,,6061,43,,,1
3001,'CCFSUN',708,,6062,43,,,1,100,,6063,43,,,1,106,,6064,43,,,1,102,,6065,43,,,1,101,,6066,43,,,1,103,,6067,43,,,1,101,,6068,43,,,1,100,,6069,43,,,1,99,,6070,43,,,1,100,,6071,43,,,1,100,,6072,43,,,1,97,,6073,43,,,1,99,,6074,43,,,1,98,,6075,43,,,1,100,,6076,43,,,1
7400,'WKDY',503,,11815,25,,,1,100,,11816,25,,,1,31,,11844,25,,,1,70,,11817,25,,,1,30,,11845,25,,,1,70,,11818,25,,,1,30,,11819,25,,,1,70,,11820,25,,,1,30,,11821,25,,,1,70,,11822,25,,,1,30,,11823,25,,,1,70,,11824,25,,,1,32,,11825,25,,,1,70,,11826,25,,,1,30,,11827,25,,,1,70,,11828,25,,,1,30,,11829,25,,,1,70,,11830,25,,,1,31,,11831,25,,,1,70,,11832,25,,,1,30,,11833,25,,,1,71,,11834,25,,,1,31,,11835,25,,,1,70,,11836,25,,,1,29,,11837,25,,,1,69,,11838,25,,,1,29,,11839,25,,,1,70,,11840,25,,,1,28,,11841,25,,,1,70,,11842,25,,,1,30,,11846,25,,,1,70,,11847,25,,,1,30,,11843,25,,,1
7400,'SAT',738,,11848,25,,,1,101,,11849,25,,,1,101,,11850,25,,,1,100,,11851,25,,,1,101,,11852,25,,,1,102,,11853,25,,,1,100,,11854,25,,,1,100,,11855,25,,,1,100,,11856,25,,,1,100,,11857,25,,,1,99,,11858,25,,,1,100,,11859,25,,,1,98,,11860,25,,,1,100,,11861,25,,,1
7400,'SUN',738,,11862,25,,,1,101,,11863,25,,,1,101,,11864,25,,,1,100,,11865,25,,,1,101,,11866,25,,,1,102,,11867,25,,,1,100,,11868,25,,,1,100,,11869,25,,,1,100,,11870,25,,,1,100,,11871,25,,,1,99,,11872,25,,,1,100,,11873,25,,,1,98,,11874,25,,,1,100,,11875,25,,,1
7400,'CCFWK',503,,11876,25,,,1,100,,11877,25,,,1,31,,11905,25,,,1,70,,11878,25,,,1,30,,11906,25,,,1,70,,11879,25,,,1,30,,11880,25,,,1,70,,11881,25,,,1,30,,11882,25,,,1,70,,11883,25,,,1,30,,11884,25,,,1,70,,11885,25,,,1,32,,11886,25,,,1,70,,11887,25,,,1,30,,11888,25,,,1,70,,11889,25,,,1,30,,11890,25,,,1,70,,11891,25,,,1,31,,11892,25,,,1,70,,11893,25,,,1,30,,11894,25,,,1,71,,11895,25,,,1,31,,11896,25,,,1,70,,11897,25,,,1,29,,11898,25,,,1,69,,11899,25,,,1,29,,11900,25,,,1,70,,11901,25,,,1,28,,11902,25,,,1,70,,11903,25,,,1,30,,11907,25,,,1,70,,11908,25,,,1,30,,11904,25,,,1
7400,'CCFFF',503,,11909,25,,,1,100,,11910,25,,,1,31,,11938,25,,,1,70,,11911,25,,,1,30,,11939,25,,,1,70,,11912,25,,,1,30,,11913,25,,,1,70,,11914,25,,,1,30,,11915,25,,,1,70,,11916,25,,,1,30,,11917,25,,,1,70,,11918,25,,,1,32,,11919,25,,,1,70,,11920,25,,,1,30,,11921,25,,,1,70,,11922,25,,,1,30,,11923,25,,,1,70,,11924,25,,,1,31,,11925,25,,,1,70,,11926,25,,,1,30,,11927,25,,,1,71,,11928,25,,,1,31,,11929,25,,,1,70,,11930,25,,,1,29,,11931,25,,,1,69,,11932,25,,,1,29,,11933,25,,,1,70,,11934,25,,,1,28,,11935,25,,,1,70,,11936,25,,,1,30,,11940,25,,,1,70,,11941,25,,,1,30,,11937,25,,,1
7400,'CCFSAT',738,,11942,25,,,1,101,,11943,25,,,1,101,,11944,25,,,1,100,,11945,25,,,1,101,,11946,25,,,1,102,,11947,25,,,1,100,,11948,25,,,1,100,,11949,25,,,1,100,,11950,25,,,1,100,,11951,25,,,1,99,,11952,25,,,1,100,,11953,25,,,1,98,,11954,25,,,1,100,,11955,25,,,1
7400,'CCFSUN',738,,11956,25,,,1,101,,11957,25,,,1,101,,11958,25,,,1,100,,11959,25,,,1,101,,11960,25,,,1,102,,11961,25,,,1,100,,11962,25,,,1,100,,11963,25,,,1,100,,11964,25,,,1,100,,11965,25,,,1,99,,11966,25,,,1,100,,11967,25,,,1,98,,11968,25,,,1,100,,11969,25,,,1
