2500,'WKDY',627,,5586,27,,,1,30,,5587,27,,,1,71,,5588,27,,,1,72,,5589,27,,,1,31,,5590,27,,,1,69,,5591,27,,,1,32,,5592,27,,,1,70,,5593,27,,,1,29,,5594,27,,,1,70,,5595,27,,,1,31,,5596,27,,,1,71,,5597,27,,,1,33,,5598,27,,,1,70,,5599,27,,,1,30,,5600,27,,,1,68,,5601,27,,,1,32,,5602,27,,,1,70,,5603,27,,,1,31,,5604,27,,,1,72,,5605,27,,,1,29,,5606,27,,,1,69,,5607,27,,,1,30,,5608,27,,,1,68,,5609,27,,,1,28,,5610,27,,,1,68,,5611,27,,,1,99,,5612,27,,,1,55,,5613,27,,,1
2500,'SAT',758,,5625,27,,,1,100,,5614,27,,,1,101,,5615,27,,,1,141,,5616,27,,,1,100,,5617,27,,,1,101,,5618,27,,,1,101,,5619,27,,,1,100,,5620,27,,,1,100,,5621,27,,,1,99,,5622,27,,,1,99,,5623,27,,,1,59,,5624,27,,,1,100,,5626,27,,,1
2500,'SUN',758,,5638,27,,,1,100,,5627,27,,,1,101,,5628,27,,,1,141,,5629,27,,,1,100,,5630,27,,,1,101,,5631,27,,,1,101,,5632,27,,,1,100,,5633,27,,,1,100,,5634,27,,,1,99,,5635,27,,,1,99,,5636,27,,,1,59,,5637,27,,,1,100,,5639,27,,,1
2500,'CCFWK',627,,5640,27,,,1,30,,5641,27,,,1,71,,5642,27,,,1,72,,5643,27,,,1,31,,5644,27,,,1,69,,5645,27,,,1,32,,5646,27,,,1,70,,5647,27,,,1,29,,5648,27,,,1,70,,5649,27,,,1,31,,5650,27,,,1,71,,5651,27,,,1,33,,5652,27,,,1,70,,5653,27,,,1,30,,5654,27,,,1,68,,5655,27,,,1,32,,5656,27,,,1,70,,5657,27,,,1,31,,5658,27,,,1,72,,5659,27,,,1,29,,5660,27,,,1,69,,5661,27,,,1,30,,5662,27,,,1,68,,5663,27,,,1,28,,5664,27,,,1,68,,5665,27,,,1,99,,5666,27,,,1,55,,5667,27,,,1
2500,'CCFFF',627,,5668,27,,,1,30,,5669,27,,,1,71,,5670,27,,,1,72,,5671,27,,,1,31,,5672,27,,,1,69,,5673,27,,,1,32,,5674,27,,,1,70,,5675,27,,,1,29,,5676,27,,,1,70,,5677,27,,,1,31,,5678,27,,,1,71,,5679,27,,,1,33,,5680,27,,,1,70,,5681,27,,,1,30,,5682,27,,,1,68,,5683,27,,,1,32,,5684,27,,,1,70,,5685,27,,,1,31,,5686,27,,,1,72,,5687,27,,,1,29,,5688,27,,,1,69,,5689,27,,,1,30,,5690,27,,,1,68,,5691,27,,,1,28,,5692,27,,,1,68,,5693,27,,,1,99,,5694,27,,,1,55,,5695,27,,,1
2500,'CCFSAT',758,,5707,27,,,1,100,,5696,27,,,1,101,,5697,27,,,1,141,,5698,27,,,1,100,,5699,27,,,1,101,,5700,27,,,1,101,,5701,27,,,1,100,,5702,27,,,1,100,,5703,27,,,1,99,,5704,27,,,1,99,,5705,27,,,1,59,,5706,27,,,1,100,,5708,27,,,1
2500,'CCFSUN',758,,5720,27,,,1,100,,5709,27,,,1,101,,5710,27,,,1,141,,5711,27,,,1,100,,5712,27,,,1,101,,5713,27,,,1,101,,5714,27,,,1,100,,5715,27,,,1,100,,5716,27,,,1,99,,5717,27,,,1,99,,5718,27,,,1,59,,5719,27,,,1,100,,5721,27,,,1
7800,'WKDY',449,,12257,15,,,1,102,,12258,15,,,1,71,,12259,15,,,1,30,,12260,15,,,1,70,,12261,15,,,1,30,,12262,15,,,1,70,,12263,15,,,1,31,,12264,15,,,1,70,,12281,15,,,1,30,,12265,15,,,1,71,,12282,15,,,1,30,,12266,15,,,1,70,,12283,15,,,1,30,,12267,15,,,1,70,,12284,15,,,1,30,,12268,15,,,1,71,,12285,15,,,1,30,,12269,15,,,1,70,,12286,15,,,1,30,,12270,15,,,1,70,,12271,15,,,1,30,,12272,15,,,1,70,,12273,15,,,1,30,,12274,15,,,1,70,,12275,15,,,1,31,,12276,15,,,1,100,,12277,15,,,1,97,,12278,15,,,1,100,,12279,15,,,1,98,,12280,15,,,1
7800,'SAT',753,,12287,15,,,1,100,,12288,15,,,1,100,,12289,15,,,1,100,,12290,15,,,1,100,,12291,15,,,1,101,,12292,15,,,1,100,,12293,15,,,1,100,,12294,15,,,1,100,,12295,15,,,1,100,,12296,15,,,1,100,,12297,15,,,1,100,,12298,15,,,1,99,,12299,15,,,1
7800,'SUN',753,,12300,15,,,1,100,,12301,15,,,1,100,,12302,15,,,1,100,,12303,15,,,1,100,,12304,15,,,1,101,,12305,15,,,1,100,,12306,15,,,1,100,,12307,15,,,1,100,,12308,15,,,1,100,,12309,15,,,1,100,,12310,15,,,1,100,,12311,15,,,1,99,,12312,15,,,1
7800,'CCFWK',449,,12313,15,,,1,102,,12314,15,,,1,71,,12315,15,,,1,30,,12316,15,,,1,70,,12317,15,,,1,30,,12318,15,,,1,70,,12319,15,,,1,31,,12320,15,,,1,70,,12337,15,,,1,30,,12321,15,,,1,71,,12338,15,,,1,30,,12322,15,,,1,70,,12339,15,,,1,30,,12323,15,,,1,70,,12340,15,,,1,30,,12324,15,,,1,71,,12341,15,,,1,30,,12325,15,,,1,70,,12342,15,,,1,30,,12326,15,,,1,70,,12327,15,,,1,30,,12328,15,,,1,70,,12329,15,,,1,30,,12330,15,,,1,70,,12331,15,,,1,31,,12332,15,,,1,100,,12333,15,,,1,97,,12334,15,,,1,100,,12335,15,,,1,98,,12336,15,,,1
7800,'CCFFF',449,,12343,15,,,1,102,,12344,15,,,1,71,,12345,15,,,1,30,,12346,15,,,1,70,,12347,15,,,1,30,,12348,15,,,1,70,,12349,15,,,1,31,,12350,15,,,1,70,,12367,15,,,1,30,,12351,15,,,1,71,,12368,15,,,1,30,,12352,15,,,1,70,,12369,15,,,1,30,,12353,15,,,1,70,,12370,15,,,1,30,,12354,15,,,1,71,,12371,15,,,1,30,,12355,15,,,1,70,,12372,15,,,1,30,,12356,15,,,1,70,,12357,15,,,1,30,,12358,15,,,1,70,,12359,15,,,1,30,,12360,15,,,1,70,,12361,15,,,1,31,,12362,15,,,1,100,,12363,15,,,1,97,,12364,15,,,1,100,,12365,15,,,1,98,,12366,15,,,1
7800,'CCFSAT',753,,12373,15,,,1,100,,12374,15,,,1,100,,12375,15,,,1,100,,12376,15,,,1,100,,12377,15,,,1,101,,12378,15,,,1,100,,12379,15,,,1,100,,12380,15,,,1,100,,12381,15,,,1,100,,12382,15,,,1,100,,12383,15,,,1,100,,12384,15,,,1,99,,12385,15,,,1
7800,'CCFSUN',753,,12386,15,,,1,100,,12387,15,,,1,100,,12388,15,,,1,100,,12389,15,,,1,100,,12390,15,,,1,101,,12391,15,,,1,100,,12392,15,,,1,100,,12393,15,,,1,100,,12394,15,,,1,100,,12395,15,,,1,100,,12396,15,,,1,100,,12397,15,,,1,99,,12398,15,,,1
