200,'WKDY',639,,3878,31,,,1,100,,3879,31,,,1,100,,3880,31,,,1,92,,3881,31,,,1,107,,3882,31,,,1,100,,3883,31,,,1,100,,3884,31,,,1,100,,3885,31,,,1,102,,3886,31,,,1,100,,3887,31,,,1,99,,3888,31,,,1,101,,3889,31,,,1,97,,3890,31,,,1
200,'CCFWK',639,,3891,31,,,1,100,,3892,31,,,1,100,,3893,31,,,1,92,,3894,31,,,1,107,,3895,31,,,1,100,,3896,31,,,1,100,,3897,31,,,1,100,,3898,31,,,1,102,,3899,31,,,1,100,,3900,31,,,1,99,,3901,31,,,1,101,,3902,31,,,1,97,,3903,31,,,1
200,'CCFFF',639,,3904,31,,,1,100,,3905,31,,,1,100,,3906,31,,,1,92,,3907,31,,,1,107,,3908,31,,,1,100,,3909,31,,,1,100,,3910,31,,,1,100,,3911,31,,,1,102,,3912,31,,,1,100,,3913,31,,,1,99,,3914,31,,,1,101,,3915,31,,,1,97,,3916,31,,,1
601,'WKDY',554,,3956,8,0,14 15 3 16 17,1,70,,3957,8,0,14 15 3 16 17,1,31,,3958,8,0,14 15 3 16 17,1,70,,3959,8,0,14 15 3 16 17,1,30,,3960,8,0,14 15 3 16 17,1,70,,3961,8,0,14 15 3 16 17,1,30,,3962,8,0,14 15 3 16 17,1,70,,3963,8,0,14 15 3 16 17,1,30,,3964,8,0,14 15 3 16 17,1,70,,3965,8,0,14 15 3 16 17,1,30,,3966,8,0,14 15 3 16 17,1,70,,3967,8,0,14 15 3 16 17,1,30,,3968,8,0,14 15 3 16 17,1,70,,3969,8,0,14 15 3 16 17,1,30,,3970,8,0,14 15 3 16 17,1,70,,3971,8,0,14 15 3 16 17,1,30,,3972,8,0,14 15 3 16 17,1,70,,3973,8,0,14 15 3 16 17,1,31,,3974,8,0,14 15 3 16 17,1,70,,3975,8,0,14 15 3 16 17,1,30,,3976,8,0,14 15 3 16 17,1,69,,3977,8,0,14 15 3 16 17,1,30,,3978,8,0,14 15 3 16 17,1,70,,3979,8,0,14 15 3 16 17,1,30,,3980,8,0,14 15 3 16 17,1,70,,3981,8,0,14 15 3 16 17,1,30,,3982,8,0,14 15 3 16 17,1,70,,3983,8,0,14 15 3 16 17,1,30,,3984,8,0,14 15 3 16 17,1,69,,3985,8,0,14 15 3 16 17,1,100,,3986,8,0,14 15 3 16 17,1
601,'SAT',824,,4017,8,0,14 15 3 16 17,1,101,,4018,8,0,14 15 3 16 17,1,100,,4019,8,0,14 15 3 16 17,1,100,,4020,8,0,14 15 3 16 17,1,100,,4021,8,0,14 15 3 16 17,1,100,,4022,8,0,14 15 3 16 17,1,100,,4023,8,0,14 15 3 16 17,1,100,,4024,8,0,14 15 3 16 17,1,100,,4025,8,0,14 15 3 16 17,1,100,,4026,8,0,14 15 3 16 17,1,100,,4027,8,0,14 15 3 16 17,1,100,,4028,8,0,14 15 3 16 17,1
601,'SUN',824,,4040,8,0,14 15 3 16 17,1,101,,4041,8,0,14 15 3 16 17,1,100,,4042,8,0,14 15 3 16 17,1,100,,4043,8,0,14 15 3 16 17,1,100,,4044,8,0,14 15 3 16 17,1,100,,4045,8,0,14 15 3 16 17,1,100,,4046,8,0,14 15 3 16 17,1,100,,4047,8,0,14 15 3 16 17,1,100,,4048,8,0,14 15 3 16 17,1,100,,4049,8,0,14 15 3 16 17,1,100,,4050,8,0,14 15 3 16 17,1,100,,4051,8,0,14 15 3 16 17,1
601,'CCFWK',554,,4063,8,0,14 15 3 16 17,1,70,,4064,8,0,14 15 3 16 17,1,31,,4065,8,0,14 15 3 16 17,1,70,,4066,8,0,14 15 3 16 17,1,30,,4067,8,0,14 15 3 16 17,1,70,,4068,8,0,14 15 3 16 17,1,30,,4069,8,0,14 15 3 16 17,1,70,,4070,8,0,14 15 3 16 17,1,30,,4071,8,0,14 15 3 16 17,1,70,,4072,8,0,14 15 3 16 17,1,30,,4073,8,0,14 15 3 16 17,1,70,,4074,8,0,14 15 3 16 17,1,30,,4075,8,0,14 15 3 16 17,1,70,,4076,8,0,14 15 3 16 17,1,30,,4077,8,0,14 15 3 16 17,1,70,,4078,8,0,14 15 3 16 17,1,30,,4079,8,0,14 15 3 16 17,1,70,,4080,8,0,14 15 3 16 17,1,31,,4081,8,0,14 15 3 16 17,1,70,,4082,8,0,14 15 3 16 17,1,30,,4083,8,0,14 15 3 16 17,1,69,,4084,8,0,14 15 3 16 17,1,30,,4085,8,0,14 15 3 16 17,1,70,,4086,8,0,14 15 3 16 17,1,30,,4087,8,0,14 15 3 16 17,1,70,,4088,8,0,14 15 3 16 17,1,30,,4089,8,0,14 15 3 16 17,1,70,,4090,8,0,14 15 3 16 17,1,30,,4091,8,0,14 15 3 16 17,1,69,,4092,8,0,14 15 3 16 17,1,100,,4093,8,0,14 15 3 16 17,1
601,'CCFFF',554,,4124,8,0,14 15 3 16 17,1,70,,4125,8,0,14 15 3 16 17,1,31,,4126,8,0,14 15 3 16 17,1,70,,4127,8,0,14 15 3 16 17,1,30,,4128,8,0,14 15 3 16 17,1,70,,4129,8,0,14 15 3 16 17,1,30,,4130,8,0,14 15 3 16 17,1,70,,4131,8,0,14 15 3 16 17,1,30,,4132,8,0,14 15 3 16 17,1,70,,4133,8,0,14 15 3 16 17,1,30,,4134,8,0,14 15 3 16 17,1,70,,4135,8,0,14 15 3 16 17,1,30,,4136,8,0,14 15 3 16 17,1,70,,4137,8,0,14 15 3 16 17,1,30,,4138,8,0,14 15 3 16 17,1,70,,4139,8,0,14 15 3 16 17,1,30,,4140,8,0,14 15 3 16 17,1,70,,4141,8,0,14 15 3 16 17,1,31,,4142,8,0,14 15 3 16 17,1,70,,4143,8,0,14 15 3 16 17,1,30,,4144,8,0,14 15 3 16 17,1,69,,4145,8,0,14 15 3 16 17,1,30,,4146,8,0,14 15 3 16 17,1,70,,4147,8,0,14 15 3 16 17,1,30,,4148,8,0,14 15 3 16 17,1,70,,4149,8,0,14 15 3 16 17,1,30,,4150,8,0,14 15 3 16 17,1,70,,4151,8,0,14 15 3 16 17,1,30,,4152,8,0,14 15 3 16 17,1,69,,4153,8,0,14 15 3 16 17,1,100,,4154,8,0,14 15 3 16 17,1
601,'CCFSAT',824,,4185,8,0,14 15 3 16 17,1,101,,4186,8,0,14 15 3 16 17,1,100,,4187,8,0,14 15 3 16 17,1,100,,4188,8,0,14 15 3 16 17,1,100,,4189,8,0,14 15 3 16 17,1,100,,4190,8,0,14 15 3 16 17,1,100,,4191,8,0,14 15 3 16 17,1,100,,4192,8,0,14 15 3 16 17,1,100,,4193,8,0,14 15 3 16 17,1,100,,4194,8,0,14 15 3 16 17,1,100,,4195,8,0,14 15 3 16 17,1,100,,4196,8,0,14 15 3 16 17,1
601,'CCFSUN',824,,4208,8,0,14 15 3 16 17,1,101,,4209,8,0,14 15 3 16 17,1,100,,4210,8,0,14 15 3 16 17,1,100,,4211,8,0,14 15 3 16 17,1,100,,4212,8,0,14 15 3 16 17,1,100,,4213,8,0,14 15 3 16 17,1,100,,4214,8,0,14 15 3 16 17,1,100,,4215,8,0,14 15 3 16 17,1,100,,4216,8,0,14 15 3 16 17,1,100,,4217,8,0,14 15 3 16 17,1,100,,4218,8,0,14 15 3 16 17,1,100,,4219,8,0,14 15 3 16 17,1
