701,'WKDY',641,,4653,24,,,1,62,,4682,24,,,1,54,,4654,24,,,1,71,,4655,24,,,1,27,,4656,24,,,1,69,,4657,24,,,1,31,,4658,24,,,1,68,,4659,24,,,1,30,,4660,24,,,1,70,,4661,24,,,1,30,,4662,24,,,1,70,,4663,24,,,1,32,,4664,24,,,1,71,,4665,24,,,1,74,,4666,24,,,1,31,,4667,24,,,1,70,,4668,24,,,1,31,,4669,24,,,1,71,,4670,24,,,1,30,,4671,24,,,1,70,,4672,24,,,1,26,,4673,24,,,1,30,,4674,24,,,1,69,,4675,24,,,1,27,,4676,24,,,1,68,,4677,24,,,1,29,,4678,24,,,1,67,,4679,24,,,1,100,,4680,24,,,1,100,,4681,24,,,1
701,'SAT',745,,4694,24,,,1,100,,4695,24,,,1,102,,4683,24,,,1,104,,4684,24,,,1,103,,4685,24,,,1,100,,4686,24,,,1,101,,4687,24,,,1,100,,4688,24,,,1,99,,4689,24,,,1,99,,4690,24,,,1,99,,4691,24,,,1,99,,4692,24,,,1,97,,4693,24,,,1,100,,4696,24,,,1,100,,4697,24,,,1
701,'SUN',745,,4709,24,,,1,100,,4710,24,,,1,102,,4698,24,,,1,104,,4699,24,,,1,103,,4700,24,,,1,100,,4701,24,,,1,101,,4702,24,,,1,100,,4703,24,,,1,99,,4704,24,,,1,99,,4705,24,,,1,99,,4706,24,,,1,99,,4707,24,,,1,97,,4708,24,,,1,100,,4711,24,,,1,100,,4712,24,,,1
701,'CCFWK',641,,4713,24,,,1,62,,4742,24,,,1,54,,4714,24,,,1,71,,4715,24,,,1,27,,4716,24,,,1,69,,4717,24,,,1,31,,4718,24,,,1,68,,4719,24,,,1,30,,4720,24,,,1,70,,4721,24,,,1,30,,4722,24,,,1,70,,4723,24,,,1,32,,4724,24,,,1,71,,4725,24,,,1,74,,4726,24,,,1,31,,4727,24,,,1,70,,4728,24,,,1,31,,4729,24,,,1,71,,4730,24,,,1,30,,4731,24,,,1,70,,4732,24,,,1,26,,4733,24,,,1,30,,4734,24,,,1,69,,4735,24,,,1,27,,4736,24,,,1,68,,4737,24,,,1,29,,4738,24,,,1,67,,4739,24,,,1,100,,4740,24,,,1,100,,4741,24,,,1
701,'CCFFF',641,,4743,24,,,1,62,,4772,24,,,1,54,,4744,24,,,1,71,,4745,24,,,1,27,,4746,24,,,1,69,,4747,24,,,1,31,,4748,24,,,1,68,,4749,24,,,1,30,,4750,24,,,1,70,,4751,24,,,1,30,,4752,24,,,1,70,,4753,24,,,1,32,,4754,24,,,1,71,,4755,24,,,1,74,,4756,24,,,1,31,,4757,24,,,1,70,,4758,24,,,1,31,,4759,24,,,1,71,,4760,24,,,1,30,,4761,24,,,1,70,,4762,24,,,1,26,,4763,24,,,1,30,,4764,24,,,1,69,,4765,24,,,1,27,,4766,24,,,1,68,,4767,24,,,1,29,,4768,24,,,1,67,,4769,24,,,1,100,,4770,24,,,1,100,,4771,24,,,1
701,'CCFSAT',745,,4784,24,,,1,100,,4785,24,,,1,102,,4773,24,,,1,104,,4774,24,,,1,103,,4775,24,,,1,100,,4776,24,,,1,101,,4777,24,,,1,100,,4778,24,,,1,99,,4779,24,,,1,99,,4780,24,,,1,99,,4781,24,,,1,99,,4782,24,,,1,97,,4783,24,,,1,100,,4786,24,,,1,100,,4787,24,,,1
701,'CCFSUN',745,,4799,24,,,1,100,,4800,24,,,1,102,,4788,24,,,1,104,,4789,24,,,1,103,,4790,24,,,1,100,,4791,24,,,1,101,,4792,24,,,1,100,,4793,24,,,1,99,,4794,24,,,1,99,,4795,24,,,1,99,,4796,24,,,1,99,,4797,24,,,1,97,,4798,24,,,1,100,,4801,24,,,1,100,,4802,24,,,1
1201,'WKDY',641,,5038,25,,,1,70,,5039,25,,,1,31,,5040,25,,,1,70,,5041,25,,,1,30,,5042,25,,,1,70,,5043,25,,,1,30,,5044,25,,,1,70,,5045,25,,,1,30,,5046,25,,,1,70,,5047,25,,,1,30,,5048,25,,,1,70,,5049,25,,,1,30,,5050,25,,,1,70,,5051,25,,,1,30,,5052,25,,,1,70,,5053,25,,,1,30,,5054,25,,,1,70,,5055,25,,,1,33,,5056,25,,,1,70,,5057,25,,,1,30,,5058,25,,,1,70,,5059,25,,,1,30,,5060,25,,,1,70,,5061,25,,,1,27,,5062,25,,,1,70,,5063,25,,,1,30,,5064,25,,,1,68,,5065,25,,,1,30,,5066,25,,,1,69,,5067,25,,,1,30,,5068,25,,,1,70,,5069,25,,,1
1201,'SAT',731,,5070,25,,,1,100,,5071,25,,,1,102,,5072,25,,,1,100,,5073,25,,,1,101,,5074,25,,,1,100,,5075,25,,,1,100,,5076,25,,,1,100,,5077,25,,,1,100,,5078,25,,,1,100,,5079,25,,,1,99,,5080,25,,,1,100,,5081,25,,,1,98,,5082,25,,,1,100,,5083,25,,,1,100,,5084,25,,,1,100,,5085,25,,,1
1201,'SUN',731,,5086,25,,,1,100,,5087,25,,,1,102,,5088,25,,,1,100,,5089,25,,,1,101,,5090,25,,,1,100,,5091,25,,,1,100,,5092,25,,,1,100,,5093,25,,,1,100,,5094,25,,,1,100,,5095,25,,,1,99,,5096,25,,,1,100,,5097,25,,,1,98,,5098,25,,,1,100,,5099,25,,,1,100,,5100,25,,,1,100,,5101,25,,,1
1201,'CCFWK',641,,5102,25,,,1,70,,5103,25,,,1,31,,5104,25,,,1,70,,5105,25,,,1,30,,5106,25,,,1,70,,5107,25,,,1,30,,5108,25,,,1,70,,5109,25,,,1,30,,5110,25,,,1,70,,5111,25,,,1,30,,5112,25,,,1,70,,5113,25,,,1,30,,5114,25,,,1,70,,5115,25,,,1,30,,5116,25,,,1,70,,5117,25,,,1,30,,5118,25,,,1,70,,5119,25,,,1,33,,5120,25,,,1,70,,5121,25,,,1,30,,5122,25,,,1,70,,5123,25,,,1,30,,5124,25,,,1,70,,5125,25,,,1,27,,5126,25,,,1,70,,5127,25,,,1,30,,5128,25,,,1,68,,5129,25,,,1,30,,5130,25,,,1,69,,5131,25,,,1,30,,5132,25,,,1,70,,5133,25,,,1
1201,'CCFFF',641,,5134,25,,,1,70,,5135,25,,,1,31,,5136,25,,,1,70,,5137,25,,,1,30,,5138,25,,,1,70,,5139,25,,,1,30,,5140,25,,,1,70,,5141,25,,,1,30,,5142,25,,,1,70,,5143,25,,,1,30,,5144,25,,,1,70,,5145,25,,,1,30,,5146,25,,,1,70,,5147,25,,,1,30,,5148,25,,,1,70,,5149,25,,,1,30,,5150,25,,,1,70,,5151,25,,,1,33,,5152,25,,,1,70,,5153,25,,,1,30,,5154,25,,,1,70,,5155,25,,,1,30,,5156,25,,,1,70,,5157,25,,,1,27,,5158,25,,,1,70,,5159,25,,,1,30,,5160,25,,,1,68,,5161,25,,,1,30,,5162,25,,,1,69,,5163,25,,,1,30,,5164,25,,,1,70,,5165,25,,,1
1201,'CCFSAT',731,,5166,25,,,1,100,,5167,25,,,1,102,,5168,25,,,1,100,,5169,25,,,1,101,,5170,25,,,1,100,,5171,25,,,1,100,,5172,25,,,1,100,,5173,25,,,1,100,,5174,25,,,1,100,,5175,25,,,1,99,,5176,25,,,1,100,,5177,25,,,1,98,,5178,25,,,1,100,,5179,25,,,1,100,,5180,25,,,1,100,,5181,25,,,1
1201,'CCFSUN',731,,5182,25,,,1,100,,5183,25,,,1,102,,5184,25,,,1,100,,5185,25,,,1,101,,5186,25,,,1,100,,5187,25,,,1,100,,5188,25,,,1,100,,5189,25,,,1,100,,5190,25,,,1,100,,5191,25,,,1,99,,5192,25,,,1,100,,5193,25,,,1,98,,5194,25,,,1,100,,5195,25,,,1,100,,5196,25,,,1,100,,5197,25,,,1
7400,'WKDY',534,,11970,23,,,1,100,,11971,23,,,1,70,,11999,23,,,1,30,,11972,23,,,1,71,,12000,23,,,1,29,,11973,23,,,1,69,,11974,23,,,1,30,,11975,23,,,1,70,,11976,23,,,1,30,,11977,23,,,1,70,,11978,23,,,1,31,,11979,23,,,1,71,,11980,23,,,1,30,,11981,23,,,1,71,,11982,23,,,1,30,,11983,23,,,1,70,,11984,23,,,1,29,,11985,23,,,1,69,,11986,23,,,1,30,,11987,23,,,1,70,,11988,23,,,1,30,,11989,23,,,1,70,,11990,23,,,1,30,,11991,23,,,1,71,,11992,23,,,1,30,,11993,23,,,1,70,,11994,23,,,1,28,,11995,23,,,1,71,,11997,23,,,1,30,,12001,23,,,1,70,,11996,23,,,1,99,,11998,23,,,1
7400,'SAT',813,,12002,23,,,1,100,,12003,23,,,1,99,,12004,23,,,1,100,,12005,23,,,1,100,,12006,23,,,1,100,,12007,23,,,1,100,,12008,23,,,1,100,,12009,23,,,1,100,,12010,23,,,1,100,,12011,23,,,1,100,,12012,23,,,1,100,,12013,23,,,1,100,,12014,23,,,1,101,,12015,23,,,1
7400,'SUN',813,,12016,23,,,1,100,,12017,23,,,1,99,,12018,23,,,1,100,,12019,23,,,1,100,,12020,23,,,1,100,,12021,23,,,1,100,,12022,23,,,1,100,,12023,23,,,1,100,,12024,23,,,1,100,,12025,23,,,1,100,,12026,23,,,1,100,,12027,23,,,1,100,,12028,23,,,1,101,,12029,23,,,1
7400,'CCFWK',534,,12030,23,,,1,100,,12031,23,,,1,70,,12059,23,,,1,30,,12032,23,,,1,71,,12060,23,,,1,29,,12033,23,,,1,69,,12034,23,,,1,30,,12035,23,,,1,70,,12036,23,,,1,30,,12037,23,,,1,70,,12038,23,,,1,31,,12039,23,,,1,71,,12040,23,,,1,30,,12041,23,,,1,71,,12042,23,,,1,30,,12043,23,,,1,70,,12044,23,,,1,29,,12045,23,,,1,69,,12046,23,,,1,30,,12047,23,,,1,70,,12048,23,,,1,30,,12049,23,,,1,70,,12050,23,,,1,30,,12051,23,,,1,71,,12052,23,,,1,30,,12053,23,,,1,70,,12054,23,,,1,28,,12055,23,,,1,71,,12057,23,,,1,30,,12061,23,,,1,70,,12056,23,,,1,99,,12058,23,,,1
7400,'CCFFF',534,,12062,23,,,1,100,,12063,23,,,1,70,,12091,23,,,1,30,,12064,23,,,1,71,,12092,23,,,1,29,,12065,23,,,1,69,,12066,23,,,1,30,,12067,23,,,1,70,,12068,23,,,1,30,,12069,23,,,1,70,,12070,23,,,1,31,,12071,23,,,1,71,,12072,23,,,1,30,,12073,23,,,1,71,,12074,23,,,1,30,,12075,23,,,1,70,,12076,23,,,1,29,,12077,23,,,1,69,,12078,23,,,1,30,,12079,23,,,1,70,,12080,23,,,1,30,,12081,23,,,1,70,,12082,23,,,1,30,,12083,23,,,1,71,,12084,23,,,1,30,,12085,23,,,1,70,,12086,23,,,1,28,,12087,23,,,1,71,,12089,23,,,1,30,,12093,23,,,1,70,,12088,23,,,1,99,,12090,23,,,1
7400,'CCFSAT',813,,12094,23,,,1,100,,12095,23,,,1,99,,12096,23,,,1,100,,12097,23,,,1,100,,12098,23,,,1,100,,12099,23,,,1,100,,12100,23,,,1,100,,12101,23,,,1,100,,12102,23,,,1,100,,12103,23,,,1,100,,12104,23,,,1,100,,12105,23,,,1,100,,12106,23,,,1,101,,12107,23,,,1
7400,'CCFSUN',813,,12108,23,,,1,100,,12109,23,,,1,99,,12110,23,,,1,100,,12111,23,,,1,100,,12112,23,,,1,100,,12113,23,,,1,100,,12114,23,,,1,100,,12115,23,,,1,100,,12116,23,,,1,100,,12117,23,,,1,100,,12118,23,,,1,100,,12119,23,,,1,100,,12120,23,,,1,101,,12121,23,,,1
8000,'WKDY',625,,12607,32,,,1,30,,12608,32,,,1,71,,12609,32,,,1,32,,12610,32,,,1,70,,12611,32,,,1,30,,12612,32,,,1,69,,12613,32,,,1,30,,12614,32,,,1,70,,12615,32,,,1,31,,12616,32,,,1,70,,12617,32,,,1,30,,12618,32,,,1,70,,12619,32,,,1,30,,12620,32,,,1,70,,12621,32,,,1,31,,12622,32,,,1,70,,12623,32,,,1,30,,12624,32,,,1,74,,12625,32,,,1,73,,12626,32,,,1,27,,12627,32,,,1,69,,12628,32,,,1,29,,12629,32,,,1,27,,12630,32,,,1,69,,12631,32,,,1,30,,12632,32,,,1,68,,12633,32,,,1,29,,12634,32,,,1,70,,12635,32,,,1,30,,12636,32,,,1,69,,12637,32,,,1
8000,'SAT',723,,12651,32,,,1,101,,12638,32,,,1,30,,12639,32,,,1,70,,12640,32,,,1,30,,12652,32,,,1,70,,12641,32,,,1,31,,12653,32,,,1,70,,12642,32,,,1,30,,12654,32,,,1,70,,12643,32,,,1,31,,12655,32,,,1,70,,12644,32,,,1,30,,12656,32,,,1,70,,12645,32,,,1,30,,12657,32,,,1,70,,12646,32,,,1,30,,12658,32,,,1,70,,12647,32,,,1,30,,12659,32,,,1,70,,12648,32,,,1,29,,12660,32,,,1,70,,12649,32,,,1,30,,12661,32,,,1,70,,12650,32,,,1,30,,12662,32,,,1,69,,12665,32,,,1,31,,12663,32,,,1,100,,12664,32,,,1
8000,'SUN',723,,12679,32,,,1,101,,12666,32,,,1,30,,12667,32,,,1,70,,12668,32,,,1,30,,12680,32,,,1,70,,12669,32,,,1,31,,12681,32,,,1,70,,12670,32,,,1,30,,12682,32,,,1,70,,12671,32,,,1,31,,12683,32,,,1,70,,12672,32,,,1,30,,12684,32,,,1,70,,12673,32,,,1,30,,12685,32,,,1,70,,12674,32,,,1,30,,12686,32,,,1,70,,12675,32,,,1,30,,12687,32,,,1,70,,12676,32,,,1,29,,12688,32,,,1,70,,12677,32,,,1,30,,12689,32,,,1,70,,12678,32,,,1,30,,12690,32,,,1,69,,12693,32,,,1,31,,12691,32,,,1,98,,12692,32,,,1
8000,'CCFWK',625,,12694,32,,,1,30,,12695,32,,,1,71,,12696,32,,,1,32,,12697,32,,,1,70,,12698,32,,,1,30,,12699,32,,,1,69,,12700,32,,,1,30,,12701,32,,,1,70,,12702,32,,,1,31,,12703,32,,,1,70,,12704,32,,,1,30,,12705,32,,,1,70,,12706,32,,,1,30,,12707,32,,,1,70,,12708,32,,,1,31,,12709,32,,,1,70,,12710,32,,,1,30,,12711,32,,,1,74,,12712,32,,,1,73,,12713,32,,,1,27,,12714,32,,,1,69,,12715,32,,,1,29,,12716,32,,,1,27,,12717,32,,,1,69,,12718,32,,,1,30,,12719,32,,,1,68,,12720,32,,,1,29,,12721,32,,,1,70,,12722,32,,,1,30,,12723,32,,,1,69,,12724,32,,,1
8000,'CCFFF',625,,12725,32,,,1,30,,12726,32,,,1,71,,12727,32,,,1,32,,12728,32,,,1,70,,12729,32,,,1,30,,12730,32,,,1,69,,12731,32,,,1,30,,12732,32,,,1,70,,12733,32,,,1,31,,12734,32,,,1,70,,12735,32,,,1,30,,12736,32,,,1,70,,12737,32,,,1,30,,12738,32,,,1,70,,12739,32,,,1,31,,12740,32,,,1,70,,12741,32,,,1,30,,12742,32,,,1,74,,12743,32,,,1,73,,12744,32,,,1,27,,12745,32,,,1,69,,12746,32,,,1,29,,12747,32,,,1,27,,12748,32,,,1,69,,12749,32,,,1,30,,12750,32,,,1,68,,12751,32,,,1,29,,12752,32,,,1,70,,12753,32,,,1,30,,12754,32,,,1,69,,12755,32,,,1
8000,'CCFSAT',723,,12769,32,,,1,101,,12756,32,,,1,30,,12757,32,,,1,70,,12758,32,,,1,30,,12770,32,,,1,70,,12759,32,,,1,31,,12771,32,,,1,70,,12760,32,,,1,30,,12772,32,,,1,70,,12761,32,,,1,31,,12773,32,,,1,70,,12762,32,,,1,30,,12774,32,,,1,70,,12763,32,,,1,30,,12775,32,,,1,70,,12764,32,,,1,30,,12776,32,,,1,70,,12765,32,,,1,30,,12777,32,,,1,70,,12766,32,,,1,29,,12778,32,,,1,70,,12767,32,,,1,30,,12779,32,,,1,70,,12768,32,,,1,30,,12780,32,,,1,69,,12783,32,,,1,31,,12781,32,,,1,100,,12782,32,,,1
8000,'CCFSUN',723,,12797,32,,,1,101,,12784,32,,,1,30,,12785,32,,,1,70,,12786,32,,,1,30,,12798,32,,,1,70,,12787,32,,,1,31,,12799,32,,,1,70,,12788,32,,,1,30,,12800,32,,,1,70,,12789,32,,,1,31,,12801,32,,,1,70,,12790,32,,,1,30,,12802,32,,,1,70,,12791,32,,,1,30,,12803,32,,,1,70,,12792,32,,,1,30,,12804,32,,,1,70,,12793,32,,,1,30,,12805,32,,,1,70,,12794,32,,,1,29,,12806,32,,,1,70,,12795,32,,,1,30,,12807,32,,,1,70,,12796,32,,,1,30,,12808,32,,,1,70,,12811,32,,,1,30,,12809,32,,,1,98,,12810,32,,,1
