200,'WKDY',642,,3878,36,,,1,100,,3879,36,,,1,100,,3880,36,,,1,92,,3881,36,,,1,107,,3882,36,,,1,100,,3883,36,,,1,100,,3884,36,,,1,100,,3885,36,,,1,102,,3886,36,,,1,100,,3887,36,,,1,99,,3888,36,,,1,101,,3889,36,,,1,97,,3890,36,,,1
200,'CCFWK',642,,3891,36,,,1,100,,3892,36,,,1,100,,3893,36,,,1,92,,3894,36,,,1,107,,3895,36,,,1,100,,3896,36,,,1,100,,3897,36,,,1,100,,3898,36,,,1,102,,3899,36,,,1,100,,3900,36,,,1,99,,3901,36,,,1,101,,3902,36,,,1,97,,3903,36,,,1
200,'CCFFF',642,,3904,36,,,1,100,,3905,36,,,1,100,,3906,36,,,1,92,,3907,36,,,1,107,,3908,36,,,1,100,,3909,36,,,1,100,,3910,36,,,1,100,,3911,36,,,1,102,,3912,36,,,1,100,,3913,36,,,1,99,,3914,36,,,1,101,,3915,36,,,1,97,,3916,36,,,1
2500,'WKDY',608,,5450,39,4,,1,30,,5451,39,4,,1,70,,5452,39,4,,1,31,,5453,39,4,,1,71,,5454,39,4,,1,30,,5455,39,4,,1,71,,5456,39,4,,1,30,,5457,39,4,,1,69,,5458,39,4,,1,30,,5459,39,4,,1,70,,5460,39,4,,1,31,,5461,39,4,,1,73,,5462,39,4,,1,30,,5463,39,4,,1,70,,5464,39,4,,1,28,,5465,39,4,,1,70,,5466,39,4,,1,30,,5467,39,4,,1,71,,5468,39,4,,1,31,,5469,39,4,,1,70,,5470,39,4,,1,30,,5471,39,4,,1,70,,5472,39,4,,1,29,,5473,39,4,,1,68,,5474,39,4,,1,29,,5475,39,4,,1,100,,5476,39,4,,1,97,,5477,39,4,,1
2500,'SAT',739,,5489,39,4,,1,100,,5478,39,4,,1,101,,5479,39,4,,1,101,,5480,39,4,,1,100,,5481,39,4,,1,100,,5482,39,4,,1,100,,5483,39,4,,1,100,,5484,39,4,,1,100,,5485,39,4,,1,99,,5486,39,4,,1,99,,5487,39,4,,1,99,,5488,39,4,,1,100,,5490,39,4,,1
2500,'SUN',739,,5502,39,4,,1,100,,5491,39,4,,1,101,,5492,39,4,,1,101,,5493,39,4,,1,100,,5494,39,4,,1,100,,5495,39,4,,1,100,,5496,39,4,,1,100,,5497,39,4,,1,100,,5498,39,4,,1,99,,5499,39,4,,1,99,,5500,39,4,,1,99,,5501,39,4,,1,100,,5503,39,4,,1
2500,'CCFWK',608,,5504,39,4,,1,30,,5505,39,4,,1,70,,5506,39,4,,1,31,,5507,39,4,,1,71,,5508,39,4,,1,30,,5509,39,4,,1,71,,5510,39,4,,1,30,,5511,39,4,,1,69,,5512,39,4,,1,30,,5513,39,4,,1,70,,5514,39,4,,1,31,,5515,39,4,,1,73,,5516,39,4,,1,30,,5517,39,4,,1,70,,5518,39,4,,1,28,,5519,39,4,,1,70,,5520,39,4,,1,30,,5521,39,4,,1,71,,5522,39,4,,1,31,,5523,39,4,,1,70,,5524,39,4,,1,30,,5525,39,4,,1,70,,5526,39,4,,1,29,,5527,39,4,,1,68,,5528,39,4,,1,29,,5529,39,4,,1,100,,5530,39,4,,1,97,,5531,39,4,,1
2500,'CCFFF',608,,5532,39,4,,1,30,,5533,39,4,,1,70,,5534,39,4,,1,31,,5535,39,4,,1,71,,5536,39,4,,1,30,,5537,39,4,,1,71,,5538,39,4,,1,30,,5539,39,4,,1,69,,5540,39,4,,1,30,,5541,39,4,,1,70,,5542,39,4,,1,31,,5543,39,4,,1,73,,5544,39,4,,1,30,,5545,39,4,,1,70,,5546,39,4,,1,28,,5547,39,4,,1,70,,5548,39,4,,1,30,,5549,39,4,,1,71,,5550,39,4,,1,31,,5551,39,4,,1,70,,5552,39,4,,1,30,,5553,39,4,,1,70,,5554,39,4,,1,29,,5555,39,4,,1,68,,5556,39,4,,1,29,,5557,39,4,,1,100,,5558,39,4,,1,97,,5559,39,4,,1
2500,'CCFSAT',739,,5571,39,4,,1,100,,5560,39,4,,1,101,,5561,39,4,,1,101,,5562,39,4,,1,100,,5563,39,4,,1,100,,5564,39,4,,1,100,,5565,39,4,,1,100,,5566,39,4,,1,100,,5567,39,4,,1,99,,5568,39,4,,1,99,,5569,39,4,,1,99,,5570,39,4,,1,100,,5572,39,4,,1
2500,'CCFSUN',739,,5584,39,4,,1,100,,5573,39,4,,1,101,,5574,39,4,,1,101,,5575,39,4,,1,100,,5576,39,4,,1,100,,5577,39,4,,1,100,,5578,39,4,,1,100,,5579,39,4,,1,100,,5580,39,4,,1,99,,5581,39,4,,1,99,,5582,39,4,,1,99,,5583,39,4,,1,100,,5585,39,4,,1
2501,'WKDY',608,,5586,1,,,1,30,,5587,1,,,1,70,,5588,1,,,1,31,,5589,1,,,1,71,,5590,1,,,1,30,,5591,1,,,1,71,,5592,1,,,1,30,,5593,1,,,1,69,,5594,1,,,1,30,,5595,1,,,1,70,,5596,1,,,1,31,,5597,1,,,1,73,,5598,1,,,1,30,,5599,1,,,1,70,,5600,1,,,1,28,,5601,1,,,1,70,,5602,1,,,1,30,,5603,1,,,1,71,,5604,1,,,1,31,,5605,1,,,1,70,,5606,1,,,1,30,,5607,1,,,1,70,,5608,1,,,1,29,,5609,1,,,1,68,,5610,1,,,1,29,,5611,1,,,1,100,,5612,1,,,1,97,,5613,1,,,1
2501,'SAT',739,,5625,1,,,1,100,,5614,1,,,1,101,,5615,1,,,1,101,,5616,1,,,1,100,,5617,1,,,1,100,,5618,1,,,1,100,,5619,1,,,1,100,,5620,1,,,1,100,,5621,1,,,1,99,,5622,1,,,1,99,,5623,1,,,1,99,,5624,1,,,1,100,,5626,1,,,1
2501,'SUN',739,,5638,1,,,1,100,,5627,1,,,1,101,,5628,1,,,1,101,,5629,1,,,1,100,,5630,1,,,1,100,,5631,1,,,1,100,,5632,1,,,1,100,,5633,1,,,1,100,,5634,1,,,1,99,,5635,1,,,1,99,,5636,1,,,1,99,,5637,1,,,1,100,,5639,1,,,1
2501,'CCFWK',608,,5640,1,,,1,30,,5641,1,,,1,70,,5642,1,,,1,31,,5643,1,,,1,71,,5644,1,,,1,30,,5645,1,,,1,71,,5646,1,,,1,30,,5647,1,,,1,69,,5648,1,,,1,30,,5649,1,,,1,70,,5650,1,,,1,31,,5651,1,,,1,73,,5652,1,,,1,30,,5653,1,,,1,70,,5654,1,,,1,28,,5655,1,,,1,70,,5656,1,,,1,30,,5657,1,,,1,71,,5658,1,,,1,31,,5659,1,,,1,70,,5660,1,,,1,30,,5661,1,,,1,70,,5662,1,,,1,29,,5663,1,,,1,68,,5664,1,,,1,29,,5665,1,,,1,100,,5666,1,,,1,97,,5667,1,,,1
2501,'CCFFF',608,,5668,1,,,1,30,,5669,1,,,1,70,,5670,1,,,1,31,,5671,1,,,1,71,,5672,1,,,1,30,,5673,1,,,1,71,,5674,1,,,1,30,,5675,1,,,1,69,,5676,1,,,1,30,,5677,1,,,1,70,,5678,1,,,1,31,,5679,1,,,1,73,,5680,1,,,1,30,,5681,1,,,1,70,,5682,1,,,1,28,,5683,1,,,1,70,,5684,1,,,1,30,,5685,1,,,1,71,,5686,1,,,1,31,,5687,1,,,1,70,,5688,1,,,1,30,,5689,1,,,1,70,,5690,1,,,1,29,,5691,1,,,1,68,,5692,1,,,1,29,,5693,1,,,1,100,,5694,1,,,1,97,,5695,1,,,1
2501,'CCFSAT',739,,5707,1,,,1,100,,5696,1,,,1,101,,5697,1,,,1,101,,5698,1,,,1,100,,5699,1,,,1,100,,5700,1,,,1,100,,5701,1,,,1,100,,5702,1,,,1,100,,5703,1,,,1,99,,5704,1,,,1,99,,5705,1,,,1,99,,5706,1,,,1,100,,5708,1,,,1
2501,'CCFSUN',739,,5720,1,,,1,100,,5709,1,,,1,101,,5710,1,,,1,101,,5711,1,,,1,100,,5712,1,,,1,100,,5713,1,,,1,100,,5714,1,,,1,100,,5715,1,,,1,100,,5716,1,,,1,99,,5717,1,,,1,99,,5718,1,,,1,99,,5719,1,,,1,100,,5721,1,,,1
