600,'WKDY',549,,3956,1,0,14 15 3 16 17,1,70,,3957,1,0,14 15 3 16 17,1,31,,3958,1,0,14 15 3 16 17,1,70,,3959,1,0,14 15 3 16 17,1,30,,3960,1,0,14 15 3 16 17,1,70,,3961,1,0,14 15 3 16 17,1,30,,3962,1,0,14 15 3 16 17,1,70,,3963,1,0,14 15 3 16 17,1,30,,3964,1,0,14 15 3 16 17,1,70,,3965,1,0,14 15 3 16 17,1,30,,3966,1,0,14 15 3 16 17,1,70,,3967,1,0,14 15 3 16 17,1,30,,3968,1,0,14 15 3 16 17,1,70,,3969,1,0,14 15 3 16 17,1,30,,3970,1,0,14 15 3 16 17,1,70,,3971,1,0,14 15 3 16 17,1,30,,3972,1,0,14 15 3 16 17,1,70,,3973,1,0,14 15 3 16 17,1,30,,3974,1,0,14 15 3 16 17,1,70,,3975,1,0,14 15 3 16 17,1,30,,3976,1,0,14 15 3 16 17,1,70,,3977,1,0,14 15 3 16 17,1,30,,3978,1,0,14 15 3 16 17,1,70,,3979,1,0,14 15 3 16 17,1,30,,3980,1,0,14 15 3 16 17,1,70,,3981,1,0,14 15 3 16 17,1,30,,3982,1,0,14 15 3 16 17,1,70,,3983,1,0,14 15 3 16 17,1,30,,3984,1,0,14 15 3 16 17,1,69,,3985,1,0,14 15 3 16 17,1,100,,3986,1,0,14 15 3 16 17,1
600,'SAT',819,,4017,1,0,14 15 3 16 17,1,101,,4018,1,0,14 15 3 16 17,1,100,,4019,1,0,14 15 3 16 17,1,100,,4020,1,0,14 15 3 16 17,1,100,,4021,1,0,14 15 3 16 17,1,100,,4022,1,0,14 15 3 16 17,1,100,,4023,1,0,14 15 3 16 17,1,100,,4024,1,0,14 15 3 16 17,1,100,,4025,1,0,14 15 3 16 17,1,100,,4026,1,0,14 15 3 16 17,1,100,,4027,1,0,14 15 3 16 17,1,100,,4028,1,0,14 15 3 16 17,1
600,'SUN',819,,4040,1,0,14 15 3 16 17,1,101,,4041,1,0,14 15 3 16 17,1,100,,4042,1,0,14 15 3 16 17,1,100,,4043,1,0,14 15 3 16 17,1,100,,4044,1,0,14 15 3 16 17,1,100,,4045,1,0,14 15 3 16 17,1,100,,4046,1,0,14 15 3 16 17,1,100,,4047,1,0,14 15 3 16 17,1,100,,4048,1,0,14 15 3 16 17,1,100,,4049,1,0,14 15 3 16 17,1,100,,4050,1,0,14 15 3 16 17,1,100,,4051,1,0,14 15 3 16 17,1
600,'CCFWK',549,,4063,1,0,14 15 3 16 17,1,70,,4064,1,0,14 15 3 16 17,1,31,,4065,1,0,14 15 3 16 17,1,70,,4066,1,0,14 15 3 16 17,1,30,,4067,1,0,14 15 3 16 17,1,70,,4068,1,0,14 15 3 16 17,1,30,,4069,1,0,14 15 3 16 17,1,70,,4070,1,0,14 15 3 16 17,1,30,,4071,1,0,14 15 3 16 17,1,70,,4072,1,0,14 15 3 16 17,1,30,,4073,1,0,14 15 3 16 17,1,70,,4074,1,0,14 15 3 16 17,1,30,,4075,1,0,14 15 3 16 17,1,70,,4076,1,0,14 15 3 16 17,1,30,,4077,1,0,14 15 3 16 17,1,70,,4078,1,0,14 15 3 16 17,1,30,,4079,1,0,14 15 3 16 17,1,70,,4080,1,0,14 15 3 16 17,1,30,,4081,1,0,14 15 3 16 17,1,70,,4082,1,0,14 15 3 16 17,1,30,,4083,1,0,14 15 3 16 17,1,70,,4084,1,0,14 15 3 16 17,1,30,,4085,1,0,14 15 3 16 17,1,70,,4086,1,0,14 15 3 16 17,1,30,,4087,1,0,14 15 3 16 17,1,70,,4088,1,0,14 15 3 16 17,1,30,,4089,1,0,14 15 3 16 17,1,70,,4090,1,0,14 15 3 16 17,1,30,,4091,1,0,14 15 3 16 17,1,69,,4092,1,0,14 15 3 16 17,1,100,,4093,1,0,14 15 3 16 17,1
600,'CCFFF',549,,4124,1,0,14 15 3 16 17,1,70,,4125,1,0,14 15 3 16 17,1,31,,4126,1,0,14 15 3 16 17,1,70,,4127,1,0,14 15 3 16 17,1,30,,4128,1,0,14 15 3 16 17,1,70,,4129,1,0,14 15 3 16 17,1,30,,4130,1,0,14 15 3 16 17,1,70,,4131,1,0,14 15 3 16 17,1,30,,4132,1,0,14 15 3 16 17,1,70,,4133,1,0,14 15 3 16 17,1,30,,4134,1,0,14 15 3 16 17,1,70,,4135,1,0,14 15 3 16 17,1,30,,4136,1,0,14 15 3 16 17,1,70,,4137,1,0,14 15 3 16 17,1,30,,4138,1,0,14 15 3 16 17,1,70,,4139,1,0,14 15 3 16 17,1,30,,4140,1,0,14 15 3 16 17,1,70,,4141,1,0,14 15 3 16 17,1,30,,4142,1,0,14 15 3 16 17,1,70,,4143,1,0,14 15 3 16 17,1,30,,4144,1,0,14 15 3 16 17,1,70,,4145,1,0,14 15 3 16 17,1,30,,4146,1,0,14 15 3 16 17,1,70,,4147,1,0,14 15 3 16 17,1,30,,4148,1,0,14 15 3 16 17,1,70,,4149,1,0,14 15 3 16 17,1,30,,4150,1,0,14 15 3 16 17,1,70,,4151,1,0,14 15 3 16 17,1,30,,4152,1,0,14 15 3 16 17,1,69,,4153,1,0,14 15 3 16 17,1,100,,4154,1,0,14 15 3 16 17,1
600,'CCFSAT',819,,4185,1,0,14 15 3 16 17,1,101,,4186,1,0,14 15 3 16 17,1,100,,4187,1,0,14 15 3 16 17,1,100,,4188,1,0,14 15 3 16 17,1,100,,4189,1,0,14 15 3 16 17,1,100,,4190,1,0,14 15 3 16 17,1,100,,4191,1,0,14 15 3 16 17,1,100,,4192,1,0,14 15 3 16 17,1,100,,4193,1,0,14 15 3 16 17,1,100,,4194,1,0,14 15 3 16 17,1,100,,4195,1,0,14 15 3 16 17,1,100,,4196,1,0,14 15 3 16 17,1
600,'CCFSUN',819,,4208,1,0,14 15 3 16 17,1,101,,4209,1,0,14 15 3 16 17,1,100,,4210,1,0,14 15 3 16 17,1,100,,4211,1,0,14 15 3 16 17,1,100,,4212,1,0,14 15 3 16 17,1,100,,4213,1,0,14 15 3 16 17,1,100,,4214,1,0,14 15 3 16 17,1,100,,4215,1,0,14 15 3 16 17,1,100,,4216,1,0,14 15 3 16 17,1,100,,4217,1,0,14 15 3 16 17,1,100,,4218,1,0,14 15 3 16 17,1,100,,4219,1,0,14 15 3 16 17,1
601,'WKDY',549,,4260,7,4,,1,70,,4261,7,4,,1,31,,4262,7,4,,1,70,,4263,7,4,,1,30,,4264,7,4,,1,70,,4265,7,4,,1,30,,4266,7,4,,1,70,,4267,7,4,,1,30,,4268,7,4,,1,70,,4269,7,4,,1,30,,4270,7,4,,1,70,,4271,7,4,,1,30,,4272,7,4,,1,70,,4273,7,4,,1,30,,4274,7,4,,1,70,,4275,7,4,,1,30,,4276,7,4,,1,70,,4277,7,4,,1,30,,4278,7,4,,1,70,,4279,7,4,,1,30,,4280,7,4,,1,70,,4281,7,4,,1,30,,4282,7,4,,1,70,,4283,7,4,,1,29,,4284,7,4,,1,71,,4285,7,4,,1,30,,4286,7,4,,1,70,,4287,7,4,,1,30,,4288,7,4,,1,69,,4289,7,4,,1,100,,4290,7,4,,1
601,'SAT',819,,4303,7,4,,1,101,,4304,7,4,,1,100,,4305,7,4,,1,100,,4306,7,4,,1,100,,4307,7,4,,1,100,,4308,7,4,,1,100,,4309,7,4,,1,100,,4310,7,4,,1,100,,4311,7,4,,1,100,,4312,7,4,,1,100,,4313,7,4,,1,100,,4314,7,4,,1
601,'SUN',819,,4326,7,4,,1,101,,4327,7,4,,1,100,,4328,7,4,,1,100,,4329,7,4,,1,100,,4330,7,4,,1,100,,4331,7,4,,1,100,,4332,7,4,,1,100,,4333,7,4,,1,100,,4334,7,4,,1,100,,4335,7,4,,1,100,,4336,7,4,,1,100,,4337,7,4,,1
601,'CCFWK',549,,4367,7,4,,1,70,,4368,7,4,,1,31,,4369,7,4,,1,70,,4370,7,4,,1,30,,4371,7,4,,1,70,,4372,7,4,,1,30,,4373,7,4,,1,70,,4374,7,4,,1,30,,4375,7,4,,1,70,,4376,7,4,,1,30,,4377,7,4,,1,70,,4378,7,4,,1,30,,4379,7,4,,1,70,,4380,7,4,,1,30,,4381,7,4,,1,70,,4382,7,4,,1,30,,4383,7,4,,1,70,,4384,7,4,,1,30,,4385,7,4,,1,70,,4386,7,4,,1,30,,4387,7,4,,1,70,,4388,7,4,,1,30,,4389,7,4,,1,70,,4390,7,4,,1,29,,4391,7,4,,1,71,,4392,7,4,,1,30,,4393,7,4,,1,70,,4394,7,4,,1,30,,4395,7,4,,1,69,,4396,7,4,,1,100,,4397,7,4,,1
601,'CCFFF',549,,4428,7,4,,1,70,,4429,7,4,,1,31,,4430,7,4,,1,70,,4431,7,4,,1,30,,4432,7,4,,1,70,,4433,7,4,,1,30,,4434,7,4,,1,70,,4435,7,4,,1,30,,4436,7,4,,1,70,,4437,7,4,,1,30,,4438,7,4,,1,70,,4439,7,4,,1,30,,4440,7,4,,1,70,,4441,7,4,,1,30,,4442,7,4,,1,70,,4443,7,4,,1,30,,4444,7,4,,1,70,,4445,7,4,,1,30,,4446,7,4,,1,70,,4447,7,4,,1,30,,4448,7,4,,1,70,,4449,7,4,,1,30,,4450,7,4,,1,70,,4451,7,4,,1,29,,4452,7,4,,1,71,,4453,7,4,,1,30,,4454,7,4,,1,70,,4455,7,4,,1,30,,4456,7,4,,1,69,,4457,7,4,,1,100,,4458,7,4,,1
601,'CCFSAT',819,,4471,7,4,,1,101,,4472,7,4,,1,100,,4473,7,4,,1,100,,4474,7,4,,1,100,,4475,7,4,,1,100,,4476,7,4,,1,100,,4477,7,4,,1,100,,4478,7,4,,1,100,,4479,7,4,,1,100,,4480,7,4,,1,100,,4481,7,4,,1,100,,4482,7,4,,1
601,'CCFSUN',819,,4494,7,4,,1,101,,4495,7,4,,1,100,,4496,7,4,,1,100,,4497,7,4,,1,100,,4498,7,4,,1,100,,4499,7,4,,1,100,,4500,7,4,,1,100,,4501,7,4,,1,100,,4502,7,4,,1,100,,4503,7,4,,1,100,,4504,7,4,,1,100,,4505,7,4,,1
