4101,'WKDY',653,,7188,6,0,18 13,1,70,,7192,6,0,18 13,1,81,,7189,6,0,10 11 12,1,948,,7190,6,0,10 11 12,1,68,,7191,6,0,10 11 12,1
4101,'CCFWK',653,,7193,6,0,18 13,1,70,,7197,6,0,18 13,1,81,,7194,6,0,10 11 12,1,948,,7195,6,0,10 11 12,1,68,,7196,6,0,10 11 12,1
4101,'CCFFF',653,,7198,6,0,18 13,1,70,,7202,6,0,18 13,1,81,,7199,6,0,10 11 12,1,948,,7200,6,0,10 11 12,1,68,,7201,6,0,10 11 12,1
9201,'WKDY',553,,12965,6,,,1,70,,12966,6,,,1,30,,12967,6,,,1,70,,12968,6,,,1,31,,12969,6,,,1,71,,12970,6,,,1,30,,12971,6,,,1,70,,12972,6,,,1,30,,12973,6,,,1,70,,12974,6,,,1,30,,12975,6,,,1,70,,12976,6,,,1,30,,12977,6,,,1,70,,12978,6,,,1,31,,12979,6,,,1,71,,12980,6,,,1,30,,12981,6,,,1,70,,12982,6,,,1,30,,12983,6,,,1,71,,12984,6,,,1,30,,12985,6,,,1,70,,12986,6,,,1,29,,12987,6,,,1,69,,12988,6,,,1,30,,12989,6,,,1,70,,12990,6,,,1,30,,12991,6,,,1,70,,12992,6,,,1,27,,12993,6,,,1,100,,12994,6,,,1,100,,12995,6,,,1
9201,'SAT',739,,12996,6,,,1,100,,12997,6,,,1,100,,12998,6,,,1,101,,12999,6,,,1,101,,13000,6,,,1,100,,13001,6,,,1,100,,13002,6,,,1,99,,13003,6,,,1,100,,13004,6,,,1,100,,13005,6,,,1,100,,13006,6,,,1,98,,13007,6,,,1,100,,13008,6,,,1,100,,13009,6,,,1,100,,13010,6,,,1
9201,'SUN',739,,13011,6,,,1,100,,13012,6,,,1,100,,13013,6,,,1,101,,13014,6,,,1,101,,13015,6,,,1,100,,13016,6,,,1,100,,13017,6,,,1,99,,13018,6,,,1,100,,13019,6,,,1,100,,13020,6,,,1,100,,13021,6,,,1,98,,13022,6,,,1,100,,13023,6,,,1,100,,13024,6,,,1,100,,13025,6,,,1
9201,'CCFWK',553,,13026,6,,,1,70,,13027,6,,,1,30,,13028,6,,,1,70,,13029,6,,,1,31,,13030,6,,,1,71,,13031,6,,,1,30,,13032,6,,,1,70,,13033,6,,,1,30,,13034,6,,,1,70,,13035,6,,,1,30,,13036,6,,,1,70,,13037,6,,,1,30,,13038,6,,,1,70,,13039,6,,,1,31,,13040,6,,,1,71,,13041,6,,,1,30,,13042,6,,,1,70,,13043,6,,,1,30,,13044,6,,,1,71,,13045,6,,,1,30,,13046,6,,,1,70,,13047,6,,,1,29,,13048,6,,,1,69,,13049,6,,,1,30,,13050,6,,,1,70,,13051,6,,,1,30,,13052,6,,,1,70,,13053,6,,,1,27,,13054,6,,,1,100,,13055,6,,,1,100,,13056,6,,,1
9201,'CCFFF',553,,13057,6,,,1,70,,13058,6,,,1,30,,13059,6,,,1,70,,13060,6,,,1,31,,13061,6,,,1,71,,13062,6,,,1,30,,13063,6,,,1,70,,13064,6,,,1,30,,13065,6,,,1,70,,13066,6,,,1,30,,13067,6,,,1,70,,13068,6,,,1,30,,13069,6,,,1,70,,13070,6,,,1,31,,13071,6,,,1,71,,13072,6,,,1,30,,13073,6,,,1,70,,13074,6,,,1,30,,13075,6,,,1,71,,13076,6,,,1,30,,13077,6,,,1,70,,13078,6,,,1,29,,13079,6,,,1,69,,13080,6,,,1,30,,13081,6,,,1,70,,13082,6,,,1,30,,13083,6,,,1,70,,13084,6,,,1,27,,13085,6,,,1,100,,13086,6,,,1,100,,13087,6,,,1
9201,'CCFSAT',739,,13088,6,,,1,100,,13089,6,,,1,100,,13090,6,,,1,101,,13091,6,,,1,101,,13092,6,,,1,100,,13093,6,,,1,100,,13094,6,,,1,99,,13095,6,,,1,100,,13096,6,,,1,100,,13097,6,,,1,100,,13098,6,,,1,98,,13099,6,,,1,100,,13100,6,,,1,100,,13101,6,,,1,100,,13102,6,,,1
9201,'CCFSUN',739,,13103,6,,,1,100,,13104,6,,,1,100,,13105,6,,,1,101,,13106,6,,,1,101,,13107,6,,,1,100,,13108,6,,,1,100,,13109,6,,,1,99,,13110,6,,,1,100,,13111,6,,,1,100,,13112,6,,,1,100,,13113,6,,,1,98,,13114,6,,,1,100,,13115,6,,,1,100,,13116,6,,,1,100,,13117,6,,,1
