700,'WKDY',608,,4506,23,,,1,110,,4507,23,,,1,31,,4508,23,,,1,69,,4509,23,,,1,29,,4510,23,,,1,70,,4511,23,,,1,28,,4512,23,,,1,70,,4513,23,,,1,30,,4514,23,,,1,70,,4515,23,,,1,30,,4516,23,,,1,72,,4517,23,,,1,31,,4518,23,,,1,70,,4519,23,,,1,30,,4520,23,,,1,70,,4521,23,,,1,33,,4522,23,,,1,71,,4523,23,,,1,30,,4524,23,,,1,70,,4525,23,,,1,30,,4526,23,,,1,70,,4527,23,,,1,30,,4528,23,,,1,67,,4529,23,,,1,28,,4530,23,,,1,69,,4531,23,,,1,28,,4532,23,,,1,100,,4533,23,,,1,100,,4534,23,,,1
700,'SAT',713,,4546,23,,,1,100,,4547,23,,,1,100,,4535,23,,,1,102,,4536,23,,,1,101,,4537,23,,,1,100,,4538,23,,,1,101,,4539,23,,,1,100,,4540,23,,,1,100,,4541,23,,,1,100,,4542,23,,,1,100,,4543,23,,,1,100,,4544,23,,,1,99,,4545,23,,,1,100,,4548,23,,,1,100,,4549,23,,,1
700,'SUN',713,,4561,23,,,1,100,,4562,23,,,1,100,,4550,23,,,1,102,,4551,23,,,1,101,,4552,23,,,1,100,,4553,23,,,1,101,,4554,23,,,1,100,,4555,23,,,1,100,,4556,23,,,1,100,,4557,23,,,1,100,,4558,23,,,1,100,,4559,23,,,1,99,,4560,23,,,1,100,,4563,23,,,1,100,,4564,23,,,1
700,'CCFWK',608,,4565,23,,,1,110,,4566,23,,,1,31,,4567,23,,,1,69,,4568,23,,,1,29,,4569,23,,,1,70,,4570,23,,,1,28,,4571,23,,,1,70,,4572,23,,,1,30,,4573,23,,,1,70,,4574,23,,,1,30,,4575,23,,,1,72,,4576,23,,,1,31,,4577,23,,,1,70,,4578,23,,,1,30,,4579,23,,,1,70,,4580,23,,,1,33,,4581,23,,,1,71,,4582,23,,,1,30,,4583,23,,,1,70,,4584,23,,,1,30,,4585,23,,,1,70,,4586,23,,,1,30,,4587,23,,,1,67,,4588,23,,,1,28,,4589,23,,,1,69,,4590,23,,,1,28,,4591,23,,,1,100,,4592,23,,,1,100,,4593,23,,,1
700,'CCFFF',608,,4594,23,,,1,110,,4595,23,,,1,31,,4596,23,,,1,69,,4597,23,,,1,29,,4598,23,,,1,70,,4599,23,,,1,28,,4600,23,,,1,70,,4601,23,,,1,30,,4602,23,,,1,70,,4603,23,,,1,30,,4604,23,,,1,72,,4605,23,,,1,31,,4606,23,,,1,70,,4607,23,,,1,30,,4608,23,,,1,70,,4609,23,,,1,33,,4610,23,,,1,71,,4611,23,,,1,30,,4612,23,,,1,70,,4613,23,,,1,30,,4614,23,,,1,70,,4615,23,,,1,30,,4616,23,,,1,67,,4617,23,,,1,28,,4618,23,,,1,69,,4619,23,,,1,28,,4620,23,,,1,100,,4621,23,,,1,100,,4622,23,,,1
700,'CCFSAT',713,,4634,23,,,1,100,,4635,23,,,1,100,,4623,23,,,1,102,,4624,23,,,1,101,,4625,23,,,1,100,,4626,23,,,1,101,,4627,23,,,1,100,,4628,23,,,1,100,,4629,23,,,1,100,,4630,23,,,1,100,,4631,23,,,1,100,,4632,23,,,1,99,,4633,23,,,1,100,,4636,23,,,1,100,,4637,23,,,1
700,'CCFSUN',713,,4649,23,,,1,100,,4650,23,,,1,100,,4638,23,,,1,102,,4639,23,,,1,101,,4640,23,,,1,100,,4641,23,,,1,101,,4642,23,,,1,100,,4643,23,,,1,100,,4644,23,,,1,100,,4645,23,,,1,100,,4646,23,,,1,100,,4647,23,,,1,99,,4648,23,,,1,100,,4651,23,,,1,100,,4652,23,,,1
4701,'WKDY',534,,7212,2,,,1,679,,7213,2,,,1,606,,7214,2,,,1
4701,'CCFWK',534,,7215,2,,,1,679,,7216,2,,,1,606,,7217,2,,,1
4701,'CCFFF',534,,7218,2,,,1,679,,7219,2,,,1,606,,7220,2,,,1
