200,632,1,0
200,633,2,0
200,3260,3,0
200,2000,4,0
200,504,5,0
200,2001,6,0
200,505,7,0
200,4138,8,0
200,4137,9,0
200,3296,10,0
200,3297,11,0
200,6056,12,0
200,545,13,0
200,546,14,0
200,547,15,0
200,548,16,0
200,549,17,0
200,550,18,0
200,551,19,0
200,552,20,0
200,2006,21,0
200,553,22,0
200,554,23,0
200,2708,24,0
200,3114,25,0
200,2868,26,0
200,2709,27,0
200,2710,28,0
200,2836,29,0
200,2926,30,0
200,2927,31,0
200,744,32,0
200,2989,33,0
200,747,34,0
200,3465,35,0
200,748,36,0
200,749,37,0
200,750,38,0
200,752,39,0
200,753,40,0
200,3200,41,0
200,4153,42,0
200,9013,43,1
201,9013,1,0
201,4152,2,0
201,2233,3,0
201,2231,4,0
201,783,5,0
201,784,6,0
201,786,7,0
201,787,8,0
201,788,9,0
201,789,10,0
201,2838,11,0
201,2839,12,0
201,2840,13,0
201,2706,14,0
201,3242,15,0
201,2930,16,0
201,558,17,0
201,559,18,0
201,560,19,0
201,2007,20,0
201,561,21,0
201,4183,22,0
201,4184,23,0
201,2844,24,0
201,2845,25,0
201,2846,26,0
201,2847,27,0
201,6055,28,0
201,3283,29,0
201,3284,30,0
201,3285,31,0
201,3294,32,0
201,524,33,0
201,525,34,0
201,2003,35,0
201,3492,36,0
201,579,37,0
201,638,38,0
201,632,39,1
600,6023,1,0
600,6024,2,0
600,6025,3,0
600,2847,4,0
600,6055,5,0
600,3283,6,0
600,3284,7,0
600,3285,8,0
600,6060,9,0
600,6258,10,0
600,676,11,0
600,321,12,0
600,678,13,0
600,679,14,0
600,680,15,0
600,6062,16,0
600,6063,17,0
600,3303,18,0
600,3304,19,0
600,3306,20,0
600,3308,21,0
600,3495,22,0
600,6255,23,1
601,6255,1,0
601,3273,2,0
601,3274,3,0
601,3275,4,0
601,3276,5,0
601,3277,6,0
601,6065,7,0
601,6064,8,0
601,6171,9,0
601,724,10,0
601,725,11,0
601,1607,12,0
601,728,13,0
601,6057,14,0
601,6058,15,0
601,6059,16,0
601,3061,17,0
601,6023,18,1
700,9022,1,0
700,702,2,0
700,2274,3,0
700,1083,4,0
700,1084,5,0
700,1085,6,0
700,6177,7,0
700,6097,8,0
700,6098,9,0
700,2696,10,0
700,812,11,0
700,3221,12,0
700,814,13,0
700,815,14,0
700,816,15,0
700,818,16,0
700,820,17,0
700,6049,18,0
700,3071,19,0
700,211,20,0
700,4159,21,0
700,2381,22,0
700,827,23,0
700,2382,24,0
700,828,25,0
700,829,26,0
700,2383,27,0
700,831,28,0
700,3074,29,0
700,3076,30,1
701,3076,1,0
701,6039,2,0
701,6040,3,0
701,6041,4,0
701,835,5,0
701,836,6,0
701,1375,7,0
701,6011,8,0
701,3072,9,0
701,3070,10,0
701,6050,11,0
701,2395,12,0
701,846,13,0
701,848,14,0
701,849,15,0
701,850,16,0
701,851,17,0
701,852,18,0
701,853,19,0
701,6095,20,0
701,6096,21,0
701,1094,22,0
701,1100,23,0
701,1102,24,0
701,1103,25,0
701,2273,26,0
701,701,27,0
701,9022,28,1
701,9024,29,1
900,9013,1,0
900,780,2,0
900,782,3,0
900,781,4,0
900,2233,5,0
900,2231,6,0
900,4174,7,0
900,2961,8,0
900,2962,9,0
900,2963,10,0
900,2964,11,0
900,2965,12,0
900,2966,13,0
900,2967,14,0
900,4175,15,0
900,2410,16,0
900,2411,17,0
900,4176,18,0
900,2998,19,0
900,2999,20,0
900,3000,21,0
900,3001,22,0
900,3041,23,0
900,4177,24,0
900,3002,25,0
900,2973,26,0
900,3038,27,0
900,3005,28,0
900,4178,29,0
900,3006,30,0
900,6014,31,1
901,6014,1,0
901,4179,2,0
901,6015,3,0
901,3010,4,0
901,4180,5,0
901,3039,6,0
901,3013,7,0
901,4181,8,0
901,3043,9,0
901,3015,10,0
901,3016,11,0
901,3017,12,0
901,3037,13,0
901,4182,14,0
901,2974,15,0
901,2969,16,0
901,6054,17,0
901,2977,18,0
901,2978,19,0
901,2979,20,0
901,2980,21,0
901,2981,22,0
901,2982,23,0
901,2983,24,0
901,2984,25,0
901,752,26,0
901,753,27,0
901,3200,28,0
901,4143,29,0
901,755,30,0
901,3310,31,0
901,3312,32,0
901,3313,33,0
901,9013,34,1
1200,9000,1,0
1200,1316,2,0
1200,6283,3,0
1200,1282,4,0
1200,1283,5,0
1200,6128,6,0
1200,6129,7,0
1200,6130,8,0
1200,6277,9,0
1200,6276,10,0
1200,6275,11,0
1200,6274,12,0
1200,6273,13,0
1200,6272,14,0
1200,6271,15,0
1200,6270,16,0
1200,6269,17,0
1200,3307,18,0
1200,2203,19,0
1200,933,20,0
1200,934,21,0
1200,935,22,0
1200,6278,23,0
1200,2172,24,0
1200,1102,25,0
1200,1103,26,0
1200,2273,27,0
1200,701,28,0
1200,9023,29,1
1200,9024,30,1
1201,9023,1,0
1201,702,2,0
1201,2274,3,0
1201,1083,4,0
1201,2161,5,0
1201,936,6,0
1201,2179,7,0
1201,932,8,0
1201,939,9,0
1201,6259,10,0
1201,6260,11,0
1201,6261,12,0
1201,6263,13,0
1201,6264,14,0
1201,6265,15,0
1201,6266,16,0
1201,6267,17,0
1201,6268,18,0
1201,6193,19,0
1201,6126,20,0
1201,6127,21,0
1201,1278,22,0
1201,1279,23,0
1201,1315,24,0
1201,1318,25,0
1201,9000,26,1
1900,6122,1,0
1900,6123,2,0
1900,6282,3,0
1900,768,4,0
1900,2489,5,0
1900,2216,6,0
1900,2218,7,0
1900,1343,8,0
1900,1344,9,0
1900,1345,10,0
1900,1334,11,0
1900,9012,12,1
1900,9014,13,1
1900,9017,14,1
1901,9014,1,0
1901,2212,2,0
1901,3254,3,0
1901,1342,4,0
1901,2213,5,0
1901,4150,6,0
1901,4151,7,0
1901,4145,8,0
1901,4179,9,0
1901,6014,10,0
1901,3702,11,0
1901,3703,12,0
1901,3701,13,0
1901,6122,14,1
2500,9017,1,0
2500,6120,2,0
2500,2743,3,0
2500,6173,4,0
2500,3035,5,0
2500,2726,6,0
2500,2990,7,0
2500,6121,8,0
2500,2828,9,0
2500,2093,10,0
2500,6218,11,0
2500,1014,12,0
2500,2095,13,0
2500,1015,14,0
2500,2078,15,0
2500,1017,16,0
2500,1019,17,0
2500,1020,18,0
2500,2098,19,0
2500,1022,20,0
2500,1023,21,0
2500,2099,22,0
2500,1024,23,0
2500,1026,24,0
2500,2082,25,0
2500,1028,26,0
2500,1030,27,0
2500,1031,28,0
2500,1032,29,0
2500,2104,30,0
2500,1033,31,0
2500,1305,32,0
2500,1151,33,0
2500,6196,34,0
2500,6067,35,0
2500,6068,36,0
2500,4165,37,0
2500,3293,38,0
2500,3492,39,1
2501,3492,1,0
2501,6069,2,0
2501,6070,3,0
2501,6195,4,0
2501,2060,5,0
2501,2648,6,0
2501,2647,7,0
2501,973,8,0
2501,974,9,0
2501,975,10,0
2501,977,11,0
2501,978,12,0
2501,979,13,0
2501,980,14,0
2501,981,15,0
2501,982,16,0
2501,983,17,0
2501,984,18,0
2501,985,19,0
2501,986,20,0
2501,4162,21,0
2501,989,22,0
2501,990,23,0
2501,2079,24,0
2501,315,25,0
2501,992,26,0
2501,6219,27,0
2501,2091,28,0
2501,6118,29,0
2501,2992,30,0
2501,2725,31,0
2501,3034,32,0
2501,2745,33,0
2501,2750,34,0
2501,6119,35,0
2501,9014,36,1
2501,9017,37,1
3000,632,1,0
3000,633,2,0
3000,6172,3,0
3000,581,4,0
3000,582,5,0
3000,583,6,0
3000,227,7,0
3000,587,8,0
3000,589,9,0
3000,648,10,0
3000,649,11,0
3000,650,12,0
3000,651,13,0
3000,652,14,0
3000,1037,15,0
3000,1038,16,0
3000,1039,17,0
3000,1040,18,0
3000,3058,19,0
3000,1120,20,0
3000,1121,21,0
3000,1046,22,0
3000,1047,23,0
3000,1043,24,0
3000,3128,25,0
3000,1044,26,0
3000,293,27,0
3000,3314,28,0
3000,3315,29,0
3000,3316,30,0
3000,3317,31,0
3000,3319,32,0
3000,3320,33,0
3000,3322,34,0
3000,6245,35,0
3000,6246,36,0
3000,6247,37,0
3000,6248,38,0
3000,6249,39,0
3000,3238,40,0
3000,3239,41,0
3000,2886,42,0
3000,2887,43,0
3000,1323,44,0
3000,3485,45,0
3000,1310,46,0
3000,2156,47,0
3000,1281,48,0
3000,1315,49,0
3000,1318,50,0
3000,9006,51,1
3000,9002,52,1
3001,9006,1,0
3001,1316,2,0
3001,1314,3,0
3001,2909,4,0
3001,2130,5,0
3001,6239,6,0
3001,1397,7,0
3001,2928,8,0
3001,2915,9,0
3001,2917,10,0
3001,3233,11,0
3001,3234,12,0
3001,6250,13,0
3001,6251,14,0
3001,6252,15,0
3001,6253,16,0
3001,6254,17,0
3001,2237,18,0
3001,1060,19,0
3001,1062,20,0
3001,1063,21,0
3001,1064,22,0
3001,2862,23,0
3001,1065,24,0
3001,1066,25,0
3001,1067,26,0
3001,1068,27,0
3001,1070,28,0
3001,1071,29,0
3001,2241,30,0
3001,1074,31,0
3001,2242,32,0
3001,1134,33,0
3001,1075,34,0
3001,1076,35,0
3001,1077,36,0
3001,1078,37,0
3001,1079,38,0
3001,1080,39,0
3001,597,40,0
3001,598,41,0
3001,599,42,0
3001,600,43,0
3001,601,44,0
3001,659,45,0
3001,661,46,0
3001,663,47,0
3001,664,48,0
3001,665,49,0
3001,666,50,0
3001,6046,51,0
3001,579,52,0
3001,638,53,0
3001,632,54,1
3100,6196,1,0
3100,633,2,0
3100,6172,3,0
3100,627,4,0
3100,6240,5,0
3100,729,6,0
3100,730,7,0
3100,731,8,0
3100,733,9,0
3100,734,10,0
3100,4149,11,0
3100,4148,12,0
3100,4147,13,0
3100,736,14,0
3100,737,15,0
3100,739,16,0
3100,740,17,0
3100,2702,18,0
3100,2703,19,0
3100,2705,20,0
3100,4153,21,0
3100,9015,22,1
3101,9015,1,0
3101,3024,2,0
3101,3028,3,0
3101,3026,4,0
3101,3498,5,0
3101,3022,6,0
3101,793,7,0
3101,794,8,0
3101,796,9,0
3101,296,10,0
3101,798,11,0
3101,799,12,0
3101,800,13,0
3101,801,14,0
3101,3075,15,0
3101,803,16,0
3101,804,17,0
3101,805,18,0
3101,617,19,0
3101,619,20,0
3101,2013,21,1
3200,2013,1,0
3200,579,2,0
3200,6195,3,0
3200,2060,4,0
3200,2062,5,0
3200,1106,6,0
3200,1108,7,0
3200,1109,8,0
3200,1110,9,0
3200,243,10,0
3200,1112,11,0
3200,2065,12,0
3200,1114,13,0
3200,1115,14,0
3200,1116,15,0
3200,1117,16,0
3200,2866,17,0
3200,1118,18,0
3200,3132,19,0
3200,3131,20,0
3200,1119,21,0
3200,2069,22,0
3200,2070,23,0
3200,1393,24,0
3200,1120,25,0
3200,1121,26,0
3200,1122,27,0
3200,217,28,0
3200,2677,29,0
3200,2951,30,0
3200,2679,31,0
3200,2865,32,0
3200,2680,33,0
3200,9023,34,1
3201,9023,1,0
3201,2687,2,0
3201,2688,3,0
3201,2689,4,0
3201,2676,5,0
3201,3325,6,0
3201,1132,7,0
3201,1133,8,0
3201,1134,9,0
3201,3060,10,0
3201,1135,11,0
3201,2053,12,0
3201,1136,13,0
3201,1137,14,0
3201,2054,15,0
3201,2055,16,0
3201,1138,17,0
3201,1140,18,0
3201,1139,19,0
3201,1141,20,0
3201,1142,21,0
3201,2056,22,0
3201,1144,23,0
3201,1145,24,0
3201,1146,25,0
3201,1147,26,0
3201,2058,27,0
3201,2059,28,0
3201,1151,29,0
3201,6196,30,1
3400,9004,1,0
3400,6087,2,0
3400,6088,3,0
3400,6089,4,0
3400,6090,5,0
3400,6091,6,0
3400,6092,7,0
3400,6093,8,0
3400,6094,9,0
3400,2920,10,0
3400,9028,11,1
3400,9030,12,1
3401,9028,1,0
3401,2911,2,0
3401,6079,3,0
3401,6080,4,0
3401,6081,5,0
3401,6082,6,0
3401,6084,7,0
3401,6085,8,0
3401,6086,9,0
3401,9001,10,1
3401,9004,11,1
4100,6046,1,0
4100,579,2,0
4100,6053,3,0
4100,9007,4,0
4100,252,5,1
4101,252,1,0
4101,2345,2,0
4101,2346,3,0
4101,2347,4,0
4101,2348,5,0
4101,2350,6,0
4101,2351,7,0
4101,1176,8,0
4101,2353,9,0
4101,1178,10,0
4101,3385,11,0
4101,2125,12,0
4101,963,13,0
4101,964,14,0
4101,9008,15,1
4101,9007,16,0
4101,6046,17,0
4101,579,18,0
4101,6053,19,1
4700,3741,1,0
4700,6201,2,0
4700,835,3,0
4700,836,4,0
4700,9022,5,1
4701,9022,1,0
4701,827,2,0
4701,2382,3,0
4701,828,4,0
4701,829,5,0
4701,2383,6,0
4701,831,7,0
4701,6200,8,0
4701,3741,9,1
4800,9010,1,0
4800,6051,2,0
4800,6257,3,1
4801,6257,1,0
4801,6242,2,0
4801,6202,3,0
4801,6203,4,0
4801,9010,5,1
4801,9019,6,1
4801,9012,7,1
5000,9021,1,0
5000,6135,2,0
5000,6170,3,0
5000,6140,4,0
5000,6141,5,0
5000,6142,6,0
5000,6143,7,0
5000,6144,8,0
5000,6145,9,0
5000,6146,10,0
5000,6147,11,0
5000,6148,12,0
5000,6149,13,0
5000,6150,14,0
5000,6151,15,0
5000,6152,16,0
5000,6153,17,0
5000,6136,18,1
5001,6136,1,0
5001,6155,2,0
5001,6156,3,0
5001,6157,4,0
5001,6158,5,0
5001,6159,6,0
5001,6160,7,0
5001,6161,8,0
5001,6162,9,0
5001,6163,10,0
5001,6164,11,0
5001,6165,12,0
5001,6166,13,0
5001,6167,14,0
5001,6168,15,0
5001,6169,16,0
5001,6134,17,0
5001,9021,18,1
5100,6136,1,0
5100,8100,2,0
5100,8101,3,0
5100,8102,4,0
5100,8103,5,0
5100,8104,6,0
5100,8105,7,0
5100,8106,8,0
5100,8107,9,0
5100,8108,10,0
5100,8109,11,0
5100,8110,12,0
5100,8111,13,0
5100,8112,14,0
5100,8113,15,0
5100,8114,16,0
5100,8115,17,0
5100,8116,18,0
5100,8117,19,0
5100,8118,20,0
5100,9029,21,1
5101,9029,1,0
5101,8120,2,0
5101,8121,3,0
5101,8122,4,0
5101,8123,5,0
5101,8124,6,0
5101,8125,7,0
5101,8126,8,0
5101,8127,9,0
5101,8128,10,0
5101,8129,11,0
5101,8130,12,0
5101,8131,13,0
5101,8132,14,0
5101,8133,15,0
5101,8134,16,0
5101,8135,17,0
5101,8136,18,0
5101,8137,19,0
5101,6136,20,1
6000,631,1,0
6000,632,2,0
6000,6154,3,0
6000,6013,4,0
6000,6052,5,0
6000,111,6,1
6001,111,1,0
6001,1612,2,0
6001,1611,3,0
6001,6052,4,0
6001,631,5,1
6001,632,6,0
6001,6154,7,1
6500,101,1,0
6500,9006,2,1
6500,9002,3,1
6501,9002,1,0
6501,101,2,1
6700,9002,1,0
6700,6199,2,1
6701,6199,1,0
6701,9002,2,1
7100,9019,1,0
7100,1347,2,0
7100,2221,3,0
7100,1349,4,0
7100,1350,5,0
7100,1351,6,0
7100,1352,7,0
7100,1353,8,0
7100,2224,9,0
7100,2225,10,0
7100,1355,11,0
7100,1356,12,0
7100,801,13,0
7100,3075,14,0
7100,803,15,0
7100,804,16,0
7100,805,17,0
7100,617,18,0
7100,619,19,0
7100,2013,20,0
7100,579,21,0
7100,6053,22,0
7100,6209,23,0
7100,6256,24,1
7101,6256,1,0
7101,1384,2,0
7101,631,3,0
7101,632,4,0
7101,633,5,0
7101,6172,6,0
7101,627,7,0
7101,6240,8,0
7101,729,9,0
7101,730,10,0
7101,731,11,0
7101,733,12,0
7101,734,13,0
7101,1329,14,0
7101,1330,15,0
7101,2210,16,0
7101,1332,17,0
7101,1340,18,0
7101,1346,19,0
7101,1337,20,0
7101,1338,21,0
7101,1339,22,0
7101,9010,23,1
7101,9019,24,1
7101,9012,25,1
7200,3352,1,0
7200,6235,2,0
7200,6236,3,0
7200,6237,4,0
7200,6208,5,0
7200,6204,6,0
7200,6238,7,0
7200,1095,8,0
7200,1096,9,0
7200,3422,10,0
7200,1097,11,0
7200,1098,12,0
7200,1099,13,0
7200,2267,14,0
7200,2268,15,0
7200,2270,16,0
7200,2692,17,0
7200,2861,18,0
7200,899,19,0
7200,900,20,0
7200,901,21,0
7200,903,22,0
7200,904,23,0
7200,905,24,0
7200,906,25,0
7200,4121,26,0
7200,4123,27,0
7200,2273,28,0
7200,701,29,0
7200,9025,30,1
7200,9026,31,1
7200,9027,32,1
7201,9026,1,0
7201,702,2,0
7201,2272,3,0
7201,4122,4,0
7201,4119,5,0
7201,907,6,0
7201,908,7,0
7201,2173,8,0
7201,879,9,0
7201,2694,10,0
7201,2695,11,0
7201,4161,12,0
7201,2696,13,0
7201,812,14,0
7201,3221,15,0
7201,814,16,0
7201,890,17,0
7201,3343,18,0
7201,3344,19,0
7201,3345,20,0
7201,3346,21,0
7201,3347,22,0
7201,3348,23,0
7201,3350,24,0
7201,3486,25,0
7201,3487,26,0
7201,3351,27,0
7201,3352,28,1
7400,9025,1,0
7400,702,2,0
7400,2274,3,0
7400,1083,4,0
7400,1084,5,0
7400,1085,6,0
7400,1086,7,0
7400,1087,8,0
7400,1088,9,0
7400,2275,10,0
7400,1089,11,0
7400,1090,12,0
7400,2277,13,0
7400,1091,14,0
7400,1092,15,0
7400,6108,16,0
7400,6208,17,0
7400,6281,18,0
7400,3095,19,0
7400,3232,20,0
7400,3237,21,0
7400,3238,22,0
7400,3239,23,0
7400,2886,24,0
7400,2887,25,0
7400,6226,26,0
7400,6227,27,0
7400,6228,28,0
7400,9030,29,1
7400,9028,30,1
7401,9030,1,0
7401,6229,2,0
7401,6230,3,0
7401,2928,4,0
7401,2915,5,0
7401,2917,6,0
7401,3233,7,0
7401,3234,8,0
7401,3235,9,0
7401,3236,10,0
7401,6241,11,0
7401,6280,12,0
7401,6204,13,0
7401,6238,14,0
7401,6114,15,0
7401,2279,16,0
7401,4109,17,0
7401,4110,18,0
7401,4111,19,0
7401,2883,20,0
7401,1094,21,0
7401,1100,22,0
7401,1102,23,0
7401,1103,24,0
7401,2273,25,0
7401,701,26,0
7401,9025,27,1
7401,9026,28,1
7800,9012,1,0
7800,1347,2,0
7800,2221,3,0
7800,1349,4,0
7800,1350,5,0
7800,2988,6,0
7800,2991,7,0
7800,3206,8,0
7800,2993,9,0
7800,2994,10,0
7800,3253,11,0
7800,6182,12,0
7800,315,13,0
7800,992,14,0
7800,6219,15,0
7800,6220,16,0
7800,6221,17,0
7800,6222,18,0
7800,2946,19,0
7800,2947,20,0
7800,2948,21,0
7800,2949,22,0
7800,2951,23,0
7800,2679,24,0
7800,2865,25,0
7800,2680,26,0
7800,9027,27,1
7800,9026,28,1
7800,9024,29,1
7801,9027,1,0
7801,2687,2,0
7801,2688,3,0
7801,2689,4,0
7801,2942,5,0
7801,2943,6,0
7801,2944,7,0
7801,2957,8,0
7801,6194,9,0
7801,6214,10,0
7801,6215,11,0
7801,6216,12,0
7801,6217,13,0
7801,6218,14,0
7801,1014,15,0
7801,2095,16,0
7801,6183,17,0
7801,3051,18,0
7801,2734,19,0
7801,2735,20,0
7801,2736,21,0
7801,2737,22,0
7801,3031,23,0
7801,1346,24,0
7801,1337,25,0
7801,1338,26,0
7801,1339,27,0
7801,9010,28,1
7801,9014,29,1
7801,9019,30,1
7801,9012,31,1
8000,9024,1,0
8000,702,2,0
8000,2274,3,0
8000,1083,4,0
8000,2161,5,0
8000,6184,6,0
8000,6185,7,0
8000,6190,8,0
8000,936,9,0
8000,2179,10,0
8000,932,11,0
8000,939,12,0
8000,3316,13,0
8000,3317,14,0
8000,3319,15,0
8000,3320,16,0
8000,3322,17,0
8000,330,18,0
8000,300,19,0
8000,325,20,0
8000,6223,21,0
8000,301,22,0
8000,324,23,0
8000,302,24,0
8000,6124,25,0
8000,6193,26,0
8000,6126,27,0
8000,6127,28,0
8000,1278,29,0
8000,1279,30,0
8000,323,31,0
8000,307,32,0
8000,308,33,0
8000,9003,34,1
8001,9003,1,0
8001,305,2,0
8001,310,3,0
8001,311,4,0
8001,1282,5,0
8001,1283,6,0
8001,6128,7,0
8001,6129,8,0
8001,6130,9,0
8001,6131,10,0
8001,1306,11,0
8001,317,12,0
8001,318,13,0
8001,6224,14,0
8001,6225,15,0
8001,329,16,0
8001,2237,17,0
8001,1060,18,0
8001,1062,19,0
8001,1063,20,0
8001,1064,21,0
8001,2862,22,0
8001,1065,23,0
8001,3307,24,0
8001,2203,25,0
8001,933,26,0
8001,934,27,0
8001,6184,28,0
8001,6185,29,0
8001,6190,30,0
8001,2172,31,0
8001,1102,32,0
8001,1103,33,0
8001,2273,34,0
8001,701,35,0
8001,9023,36,1
8001,9027,37,1
8001,9022,38,1
8001,9024,39,1
9200,9001,1,0
9200,967,2,0
9200,968,3,0
9200,2159,4,0
9200,2284,5,0
9200,6048,6,0
9200,1168,7,0
9200,1169,8,0
9200,2314,9,0
9200,2315,10,0
9200,2316,11,0
9200,2312,12,0
9200,2318,13,0
9200,2319,14,0
9200,2320,15,0
9200,2321,16,0
9200,2322,17,0
9200,2323,18,0
9200,2324,19,0
9200,2325,20,0
9200,2327,21,0
9200,2329,22,0
9200,2331,23,0
9200,1171,24,0
9200,2333,25,0
9200,2334,26,0
9200,1173,27,0
9200,2336,28,0
9200,252,29,1
9201,252,1,0
9201,2345,2,0
9201,2346,3,0
9201,2347,4,0
9201,2348,5,0
9201,2350,6,0
9201,2351,7,0
9201,1176,8,0
9201,2353,9,0
9201,1178,10,0
9201,3372,11,0
9201,3373,12,0
9201,3374,13,0
9201,3375,14,0
9201,3376,15,0
9201,3377,16,0
9201,3378,17,0
9201,3379,18,0
9201,3383,19,0
9201,3381,20,0
9201,3380,21,0
9201,290,22,0
9201,3382,23,0
9201,6047,24,0
9201,3385,25,0
9201,2125,26,0
9201,963,27,0
9201,964,28,0
9201,9001,29,1
9201,9004,30,1
10500,9010,1,0
10500,6046,2,0
10500,579,3,0
10500,6053,4,0
10500,3171,5,0
10500,6205,6,0
10500,5002,7,0
10500,5005,8,0
10500,5008,9,1
10500,6001,10,1
10501,6001,1,0
10501,6211,2,0
10501,6212,3,0
10501,6213,4,0
10501,6206,5,0
10501,6207,6,0
10501,5002,7,0
10501,5005,8,0
10501,5008,9,0
10501,631,10,0
10501,632,11,0
10501,633,12,0
10501,9010,13,1
10600,6001,1,0
10600,6211,2,0
10600,6212,3,0
10600,6213,4,0
10600,6206,5,0
10600,6207,6,0
10600,9010,7,1
10601,9010,1,0
10601,3171,2,0
10601,6205,3,0
10601,5002,4,0
10601,5005,5,0
10601,5008,6,1
16400,9008,1,0
16400,5002,2,0
16400,5005,3,0
16400,5008,4,1
16400,6001,5,1
16401,6001,1,0
16401,6211,2,0
16401,6212,3,0
16401,6213,4,0
16401,5002,5,0
16401,5005,6,0
16401,5008,7,0
16401,9008,8,1
19000,3185,1,0
19000,3186,2,0
19000,3187,3,0
19000,3188,4,0
19000,3193,5,0
19000,3192,6,0
19000,3194,7,0
19000,6017,8,0
19000,6018,9,0
19000,112,10,1
19001,112,1,0
19001,6019,2,0
19001,3185,3,0
19001,3186,4,0
19001,3187,5,0
19001,3188,6,0
19001,3193,7,0
19001,3192,8,0
19001,3194,9,1
19001,6017,10,0
19001,6018,11,1
