3101,'WKDY',535,,6077,14,,,1,70,,6078,14,,,1,30,,6079,14,,,1,68,,6080,14,,,1,30,,6081,14,,,1,70,,6082,14,,,1,30,,6083,14,,,1,69,,6084,14,,,1,30,,6085,14,,,1,70,,6086,14,,,1,29,,6087,14,,,1,70,,6088,14,,,1,29,,6089,14,,,1,70,,6090,14,,,1,28,,6091,14,,,1,30,,6092,14,,,1,70,,6093,14,,,1,30,,6094,14,,,1,69,,6095,14,,,1,30,,6096,14,,,1,71,,6097,14,,,1,30,,6098,14,,,1,70,,6099,14,,,1,31,,6100,14,,,1,72,,6101,14,,,1,72,,6102,14,,,1,31,,6103,14,,,1,70,,6104,14,,,1,100,,6105,14,,,1,101,,6106,14,,,1
3101,'SAT',743,,6107,14,,,1,79,,6108,14,,,1,79,,6109,14,,,1,40,,6110,14,,,1,79,,6111,14,,,1,39,,6112,14,,,1,78,,6113,14,,,1,80,,6114,14,,,1,40,,6115,14,,,1,80,,6116,14,,,1,80,,6117,14,,,1,40,,6118,14,,,1,80,,6119,14,,,1,82,,6120,14,,,1,40,,6121,14,,,1,81,,6122,14,,,1,81,,6123,14,,,1,81,,6124,14,,,1,40,,6125,14,,,1
3101,'SUN',743,,6126,14,,,1,100,,6127,14,,,1,98,,6128,14,,,1,100,,6129,14,,,1,96,,6130,14,,,1,100,,6131,14,,,1,100,,6132,14,,,1,100,,6133,14,,,1,100,,6134,14,,,1,101,,6135,14,,,1,102,,6136,14,,,1,100,,6137,14,,,1,102,,6138,14,,,1
3101,'CCFWK',535,,6139,14,,,1,70,,6140,14,,,1,30,,6141,14,,,1,68,,6142,14,,,1,30,,6143,14,,,1,70,,6144,14,,,1,30,,6145,14,,,1,69,,6146,14,,,1,30,,6147,14,,,1,70,,6148,14,,,1,29,,6149,14,,,1,70,,6150,14,,,1,29,,6151,14,,,1,70,,6152,14,,,1,28,,6153,14,,,1,30,,6154,14,,,1,70,,6155,14,,,1,30,,6156,14,,,1,69,,6157,14,,,1,30,,6158,14,,,1,71,,6159,14,,,1,30,,6160,14,,,1,70,,6161,14,,,1,31,,6162,14,,,1,72,,6163,14,,,1,72,,6164,14,,,1,31,,6165,14,,,1,70,,6166,14,,,1,100,,6167,14,,,1,101,,6168,14,,,1
3101,'CCFFF',535,,6169,14,,,1,70,,6170,14,,,1,30,,6171,14,,,1,68,,6172,14,,,1,30,,6173,14,,,1,70,,6174,14,,,1,30,,6175,14,,,1,69,,6176,14,,,1,30,,6177,14,,,1,70,,6178,14,,,1,29,,6179,14,,,1,70,,6180,14,,,1,29,,6181,14,,,1,70,,6182,14,,,1,28,,6183,14,,,1,30,,6184,14,,,1,70,,6185,14,,,1,30,,6186,14,,,1,69,,6187,14,,,1,30,,6188,14,,,1,71,,6189,14,,,1,30,,6190,14,,,1,70,,6191,14,,,1,31,,6192,14,,,1,72,,6193,14,,,1,72,,6194,14,,,1,31,,6195,14,,,1,70,,6196,14,,,1,100,,6197,14,,,1,101,,6198,14,,,1
3101,'CCFSAT',743,,6199,14,,,1,79,,6200,14,,,1,79,,6201,14,,,1,40,,6202,14,,,1,79,,6203,14,,,1,39,,6204,14,,,1,78,,6205,14,,,1,80,,6206,14,,,1,40,,6207,14,,,1,80,,6208,14,,,1,80,,6209,14,,,1,40,,6210,14,,,1,80,,6211,14,,,1,82,,6212,14,,,1,40,,6213,14,,,1,81,,6214,14,,,1,81,,6215,14,,,1,81,,6216,14,,,1,40,,6217,14,,,1
3101,'CCFSUN',743,,6218,14,,,1,100,,6219,14,,,1,98,,6220,14,,,1,100,,6221,14,,,1,96,,6222,14,,,1,100,,6223,14,,,1,100,,6224,14,,,1,100,,6225,14,,,1,100,,6226,14,,,1,101,,6227,14,,,1,102,,6228,14,,,1,100,,6229,14,,,1,102,,6230,14,,,1
7101,'WKDY',537,,11191,12,,,1,64,,11192,12,,,1,29,,11193,12,,,1,70,,11194,12,,,1,15,,11195,12,,,1,15,,11196,12,,,1,15,,11197,12,,,1,55,,11198,12,,,1,15,,11199,12,,,1,15,,11200,12,,,1,15,,11201,12,,,1,56,,11202,12,,,1,15,,11203,12,,,1,16,,11204,12,,,1,15,,11205,12,,,1,55,,11206,12,,,1,15,,11207,12,,,1,15,,11208,12,,,1,15,,11209,12,,,1,55,,11210,12,,,1,15,,11211,12,,,1,15,,11212,12,,,1,19,,11213,12,,,1,8,,11214,12,,,1,55,,11215,12,,,1,15,,11216,12,,,1,16,,11217,12,,,1,55,,11218,12,,,1,15,,11219,12,,,1,15,,11220,12,,,1,16,,11221,12,,,1,55,,11222,12,,,1,16,,11223,12,,,1,16,,11224,12,,,1,15,,11225,12,,,1,56,,11226,12,,,1,15,,11227,12,,,1,16,,11228,12,,,1,15,,11229,12,,,1,55,,11230,12,,,1,15,,11231,12,,,1,15,,11232,12,,,1,15,,11233,12,,,1,55,,11234,12,,,1,16,,11235,12,,,1,14,,11236,12,,,1,14,,11237,12,,,1,55,,11238,12,,,1,28,,11239,12,,,1,68,,11240,12,,,1,31,,11241,12,,,1,70,,11242,12,,,1,30,,11243,12,,,1,69,,11244,12,,,1,29,,11245,12,,,1,30,,11246,12,,,1,71,,11247,12,,,1,100,,11248,12,,,1
7101,'SAT',633,,11249,12,,,1,20,,11296,12,,,1,60,,11297,12,,,1,20,,11250,12,,,1,20,,11251,12,,,1,61,,11252,12,,,1,20,,11253,12,,,1,20,,11254,12,,,1,60,,11255,12,,,1,20,,11256,12,,,1,20,,11257,12,,,1,59,,11258,12,,,1,20,,11259,12,,,1,20,,11260,12,,,1,60,,11261,12,,,1,20,,11262,12,,,1,21,,11263,12,,,1,62,,11264,12,,,1,21,,11265,12,,,1,21,,11266,12,,,1,60,,11267,12,,,1,21,,11268,12,,,1,20,,11269,12,,,1,61,,11270,12,,,1,20,,11271,12,,,1,60,,11272,12,,,1,20,,11273,12,,,1,20,,11274,12,,,1,60,,11275,12,,,1,19,,11276,12,,,1,20,,11277,12,,,1,20,,11278,12,,,1,59,,11279,12,,,1,20,,11280,12,,,1,20,,11281,12,,,1,60,,11282,12,,,1,20,,11283,12,,,1,20,,11284,12,,,1,60,,11285,12,,,1,20,,11286,12,,,1,20,,11287,12,,,1,60,,11288,12,,,1,20,,11289,12,,,1,18,,11290,12,,,1,60,,11291,12,,,1,20,,11292,12,,,1,70,,11293,12,,,1,30,,11294,12,,,1,70,,11295,12,,,1
7101,'SUN',633,,11298,12,,,1,70,,11331,12,,,1,30,,11299,12,,,1,71,,11300,12,,,1,30,,11301,12,,,1,70,,11302,12,,,1,30,,11303,12,,,1,70,,11304,12,,,1,29,,11305,12,,,1,70,,11306,12,,,1,30,,11307,12,,,1,74,,11308,12,,,1,30,,11309,12,,,1,71,,11310,12,,,1,31,,11311,12,,,1,70,,11312,12,,,1,31,,11313,12,,,1,70,,11314,12,,,1,30,,11315,12,,,1,70,,11316,12,,,1,29,,11317,12,,,1,70,,11318,12,,,1,29,,11319,12,,,1,69,,11320,12,,,1,31,,11321,12,,,1,70,,11322,12,,,1,30,,11323,12,,,1,70,,11324,12,,,1,30,,11325,12,,,1,70,,11326,12,,,1,30,,11327,12,,,1,18,,11328,12,,,1,70,,11329,12,,,1,30,,11330,12,,,1
7101,'CCFWK',537,,11332,12,,,1,64,,11333,12,,,1,29,,11334,12,,,1,70,,11335,12,,,1,15,,11336,12,,,1,15,,11337,12,,,1,15,,11338,12,,,1,55,,11339,12,,,1,15,,11340,12,,,1,15,,11341,12,,,1,15,,11342,12,,,1,56,,11343,12,,,1,15,,11344,12,,,1,16,,11345,12,,,1,15,,11346,12,,,1,55,,11347,12,,,1,15,,11348,12,,,1,15,,11349,12,,,1,15,,11350,12,,,1,55,,11351,12,,,1,15,,11352,12,,,1,15,,11353,12,,,1,19,,11354,12,,,1,8,,11355,12,,,1,55,,11356,12,,,1,15,,11357,12,,,1,16,,11358,12,,,1,55,,11359,12,,,1,15,,11360,12,,,1,15,,11361,12,,,1,16,,11362,12,,,1,55,,11363,12,,,1,16,,11364,12,,,1,16,,11365,12,,,1,15,,11366,12,,,1,56,,11367,12,,,1,15,,11368,12,,,1,16,,11369,12,,,1,15,,11370,12,,,1,55,,11371,12,,,1,15,,11372,12,,,1,15,,11373,12,,,1,15,,11374,12,,,1,55,,11375,12,,,1,16,,11376,12,,,1,14,,11377,12,,,1,14,,11378,12,,,1,55,,11379,12,,,1,28,,11380,12,,,1,68,,11381,12,,,1,31,,11382,12,,,1,70,,11383,12,,,1,30,,11384,12,,,1,69,,11385,12,,,1,29,,11386,12,,,1,30,,11387,12,,,1,71,,11388,12,,,1,100,,11389,12,,,1
7101,'CCFFF',537,,11390,12,,,1,64,,11391,12,,,1,29,,11392,12,,,1,70,,11393,12,,,1,15,,11394,12,,,1,15,,11395,12,,,1,15,,11396,12,,,1,55,,11397,12,,,1,15,,11398,12,,,1,15,,11399,12,,,1,15,,11400,12,,,1,56,,11401,12,,,1,15,,11402,12,,,1,16,,11403,12,,,1,15,,11404,12,,,1,55,,11405,12,,,1,15,,11406,12,,,1,15,,11407,12,,,1,15,,11408,12,,,1,55,,11409,12,,,1,15,,11410,12,,,1,15,,11411,12,,,1,19,,11412,12,,,1,8,,11413,12,,,1,55,,11414,12,,,1,15,,11415,12,,,1,16,,11416,12,,,1,55,,11417,12,,,1,15,,11418,12,,,1,15,,11419,12,,,1,16,,11420,12,,,1,55,,11421,12,,,1,16,,11422,12,,,1,16,,11423,12,,,1,15,,11424,12,,,1,56,,11425,12,,,1,15,,11426,12,,,1,16,,11427,12,,,1,15,,11428,12,,,1,55,,11429,12,,,1,15,,11430,12,,,1,15,,11431,12,,,1,15,,11432,12,,,1,55,,11433,12,,,1,16,,11434,12,,,1,14,,11435,12,,,1,14,,11436,12,,,1,55,,11437,12,,,1,28,,11438,12,,,1,68,,11439,12,,,1,31,,11440,12,,,1,70,,11441,12,,,1,30,,11442,12,,,1,69,,11443,12,,,1,29,,11444,12,,,1,30,,11445,12,,,1,71,,11446,12,,,1,100,,11447,12,,,1
7101,'CCFSAT',633,,11448,12,,,1,20,,11495,12,,,1,60,,11496,12,,,1,20,,11449,12,,,1,20,,11450,12,,,1,61,,11451,12,,,1,20,,11452,12,,,1,20,,11453,12,,,1,60,,11454,12,,,1,20,,11455,12,,,1,20,,11456,12,,,1,59,,11457,12,,,1,20,,11458,12,,,1,20,,11459,12,,,1,60,,11460,12,,,1,20,,11461,12,,,1,21,,11462,12,,,1,62,,11463,12,,,1,21,,11464,12,,,1,21,,11465,12,,,1,60,,11466,12,,,1,21,,11467,12,,,1,20,,11468,12,,,1,61,,11469,12,,,1,20,,11470,12,,,1,60,,11471,12,,,1,20,,11472,12,,,1,20,,11473,12,,,1,60,,11474,12,,,1,19,,11475,12,,,1,20,,11476,12,,,1,20,,11477,12,,,1,59,,11478,12,,,1,20,,11479,12,,,1,20,,11480,12,,,1,60,,11481,12,,,1,20,,11482,12,,,1,20,,11483,12,,,1,60,,11484,12,,,1,20,,11485,12,,,1,20,,11486,12,,,1,60,,11487,12,,,1,20,,11488,12,,,1,18,,11489,12,,,1,60,,11490,12,,,1,20,,11491,12,,,1,70,,11492,12,,,1,30,,11493,12,,,1,70,,11494,12,,,1
7101,'CCFSUN',633,,11497,12,,,1,70,,11530,12,,,1,30,,11498,12,,,1,71,,11499,12,,,1,30,,11500,12,,,1,70,,11501,12,,,1,30,,11502,12,,,1,70,,11503,12,,,1,29,,11504,12,,,1,70,,11505,12,,,1,30,,11506,12,,,1,74,,11507,12,,,1,30,,11508,12,,,1,71,,11509,12,,,1,31,,11510,12,,,1,70,,11511,12,,,1,31,,11512,12,,,1,70,,11513,12,,,1,30,,11514,12,,,1,70,,11515,12,,,1,29,,11516,12,,,1,70,,11517,12,,,1,29,,11518,12,,,1,69,,11519,12,,,1,31,,11520,12,,,1,70,,11521,12,,,1,30,,11522,12,,,1,70,,11523,12,,,1,30,,11524,12,,,1,70,,11525,12,,,1,30,,11526,12,,,1,18,,11527,12,,,1,70,,11528,12,,,1,30,,11529,12,,,1
