3100,'WKDY',536,,6077,16,,,1,70,,6078,16,,,1,30,,6079,16,,,1,69,,6080,16,,,1,30,,6081,16,,,1,69,,6082,16,,,1,30,,6083,16,,,1,69,,6084,16,,,1,31,,6085,16,,,1,70,,6086,16,,,1,29,,6087,16,,,1,70,,6088,16,,,1,29,,6089,16,,,1,70,,6090,16,,,1,28,,6091,16,,,1,70,,6092,16,,,1,30,,6093,16,,,1,70,,6094,16,,,1,28,,6095,16,,,1,30,,6096,16,,,1,71,,6097,16,,,1,30,,6098,16,,,1,70,,6099,16,,,1,71,,6100,16,,,1,33,,6101,16,,,1,71,,6102,16,,,1,31,,6103,16,,,1,70,,6104,16,,,1,100,,6105,16,,,1,101,,6106,16,,,1
3100,'SAT',744,,6107,16,,,1,79,,6108,16,,,1,79,,6109,16,,,1,40,,6110,16,,,1,79,,6111,16,,,1,79,,6112,16,,,1,39,,6113,16,,,1,80,,6114,16,,,1,40,,6115,16,,,1,80,,6116,16,,,1,80,,6117,16,,,1,40,,6118,16,,,1,80,,6119,16,,,1,81,,6120,16,,,1,80,,6121,16,,,1,41,,6122,16,,,1,81,,6123,16,,,1,81,,6124,16,,,1,40,,6125,16,,,1
3100,'SUN',744,,6126,16,,,1,100,,6127,16,,,1,98,,6128,16,,,1,100,,6129,16,,,1,97,,6130,16,,,1,100,,6131,16,,,1,100,,6132,16,,,1,100,,6133,16,,,1,100,,6134,16,,,1,100,,6135,16,,,1,102,,6136,16,,,1,100,,6137,16,,,1,102,,6138,16,,,1
3100,'CCFWK',536,,6139,16,,,1,70,,6140,16,,,1,30,,6141,16,,,1,69,,6142,16,,,1,30,,6143,16,,,1,69,,6144,16,,,1,30,,6145,16,,,1,69,,6146,16,,,1,31,,6147,16,,,1,70,,6148,16,,,1,29,,6149,16,,,1,70,,6150,16,,,1,29,,6151,16,,,1,70,,6152,16,,,1,28,,6153,16,,,1,70,,6154,16,,,1,30,,6155,16,,,1,70,,6156,16,,,1,28,,6157,16,,,1,30,,6158,16,,,1,71,,6159,16,,,1,30,,6160,16,,,1,70,,6161,16,,,1,71,,6162,16,,,1,33,,6163,16,,,1,71,,6164,16,,,1,31,,6165,16,,,1,70,,6166,16,,,1,100,,6167,16,,,1,101,,6168,16,,,1
3100,'CCFFF',536,,6169,16,,,1,70,,6170,16,,,1,30,,6171,16,,,1,69,,6172,16,,,1,30,,6173,16,,,1,69,,6174,16,,,1,30,,6175,16,,,1,69,,6176,16,,,1,31,,6177,16,,,1,70,,6178,16,,,1,29,,6179,16,,,1,70,,6180,16,,,1,29,,6181,16,,,1,70,,6182,16,,,1,28,,6183,16,,,1,70,,6184,16,,,1,30,,6185,16,,,1,70,,6186,16,,,1,28,,6187,16,,,1,30,,6188,16,,,1,71,,6189,16,,,1,30,,6190,16,,,1,70,,6191,16,,,1,71,,6192,16,,,1,33,,6193,16,,,1,71,,6194,16,,,1,31,,6195,16,,,1,70,,6196,16,,,1,100,,6197,16,,,1,101,,6198,16,,,1
3100,'CCFSAT',744,,6199,16,,,1,79,,6200,16,,,1,79,,6201,16,,,1,40,,6202,16,,,1,79,,6203,16,,,1,79,,6204,16,,,1,39,,6205,16,,,1,80,,6206,16,,,1,40,,6207,16,,,1,80,,6208,16,,,1,80,,6209,16,,,1,40,,6210,16,,,1,80,,6211,16,,,1,81,,6212,16,,,1,80,,6213,16,,,1,41,,6214,16,,,1,81,,6215,16,,,1,81,,6216,16,,,1,40,,6217,16,,,1
3100,'CCFSUN',744,,6218,16,,,1,100,,6219,16,,,1,98,,6220,16,,,1,100,,6221,16,,,1,97,,6222,16,,,1,100,,6223,16,,,1,100,,6224,16,,,1,100,,6225,16,,,1,100,,6226,16,,,1,100,,6227,16,,,1,102,,6228,16,,,1,100,,6229,16,,,1,102,,6230,16,,,1
7101,'WKDY',538,,11191,14,,,1,64,,11192,14,,,1,29,,11193,14,,,1,70,,11194,14,,,1,15,,11195,14,,,1,15,,11196,14,,,1,15,,11197,14,,,1,56,,11198,14,,,1,15,,11199,14,,,1,15,,11200,14,,,1,15,,11201,14,,,1,56,,11202,14,,,1,15,,11203,14,,,1,16,,11204,14,,,1,15,,11205,14,,,1,55,,11206,14,,,1,15,,11207,14,,,1,15,,11208,14,,,1,15,,11209,14,,,1,55,,11210,14,,,1,15,,11211,14,,,1,15,,11212,14,,,1,19,,11213,14,,,1,48,,11214,14,,,1,15,,11215,14,,,1,15,,11216,14,,,1,15,,11217,14,,,1,55,,11218,14,,,1,15,,11219,14,,,1,15,,11220,14,,,1,16,,11221,14,,,1,55,,11222,14,,,1,16,,11223,14,,,1,16,,11224,14,,,1,15,,11225,14,,,1,56,,11226,14,,,1,15,,11227,14,,,1,16,,11228,14,,,1,15,,11229,14,,,1,55,,11230,14,,,1,15,,11231,14,,,1,15,,11232,14,,,1,15,,11233,14,,,1,55,,11234,14,,,1,16,,11235,14,,,1,15,,11236,14,,,1,14,,11237,14,,,1,55,,11238,14,,,1,28,,11239,14,,,1,68,,11240,14,,,1,30,,11241,14,,,1,70,,11242,14,,,1,30,,11243,14,,,1,69,,11244,14,,,1,29,,11245,14,,,1,70,,11246,14,,,1,31,,11247,14,,,1,100,,11248,14,,,1
7101,'SAT',634,,11249,14,,,1,20,,11296,14,,,1,60,,11297,14,,,1,20,,11250,14,,,1,20,,11251,14,,,1,61,,11252,14,,,1,20,,11253,14,,,1,20,,11254,14,,,1,60,,11255,14,,,1,20,,11256,14,,,1,20,,11257,14,,,1,60,,11258,14,,,1,20,,11259,14,,,1,20,,11260,14,,,1,60,,11261,14,,,1,20,,11262,14,,,1,21,,11263,14,,,1,62,,11264,14,,,1,21,,11265,14,,,1,61,,11266,14,,,1,20,,11267,14,,,1,21,,11268,14,,,1,60,,11269,14,,,1,20,,11270,14,,,1,20,,11271,14,,,1,60,,11272,14,,,1,21,,11273,14,,,1,20,,11274,14,,,1,60,,11275,14,,,1,19,,11276,14,,,1,20,,11277,14,,,1,60,,11278,14,,,1,19,,11279,14,,,1,20,,11280,14,,,1,60,,11281,14,,,1,19,,11282,14,,,1,20,,11283,14,,,1,20,,11284,14,,,1,60,,11285,14,,,1,20,,11286,14,,,1,20,,11287,14,,,1,60,,11288,14,,,1,20,,11289,14,,,1,18,,11290,14,,,1,60,,11291,14,,,1,20,,11292,14,,,1,70,,11293,14,,,1,30,,11294,14,,,1,70,,11295,14,,,1
7101,'SUN',634,,11298,14,,,1,70,,11331,14,,,1,30,,11299,14,,,1,71,,11300,14,,,1,30,,11301,14,,,1,70,,11302,14,,,1,30,,11303,14,,,1,70,,11304,14,,,1,30,,11305,14,,,1,70,,11306,14,,,1,30,,11307,14,,,1,74,,11308,14,,,1,30,,11309,14,,,1,71,,11310,14,,,1,31,,11311,14,,,1,70,,11312,14,,,1,30,,11313,14,,,1,70,,11314,14,,,1,31,,11315,14,,,1,70,,11316,14,,,1,29,,11317,14,,,1,70,,11318,14,,,1,29,,11319,14,,,1,69,,11320,14,,,1,30,,11321,14,,,1,70,,11322,14,,,1,30,,11323,14,,,1,70,,11324,14,,,1,30,,11325,14,,,1,70,,11326,14,,,1,30,,11327,14,,,1,18,,11328,14,,,1,70,,11329,14,,,1,30,,11330,14,,,1
7101,'CCFWK',538,,11332,14,,,1,64,,11333,14,,,1,29,,11334,14,,,1,70,,11335,14,,,1,15,,11336,14,,,1,15,,11337,14,,,1,15,,11338,14,,,1,56,,11339,14,,,1,15,,11340,14,,,1,15,,11341,14,,,1,15,,11342,14,,,1,56,,11343,14,,,1,15,,11344,14,,,1,16,,11345,14,,,1,15,,11346,14,,,1,55,,11347,14,,,1,15,,11348,14,,,1,15,,11349,14,,,1,15,,11350,14,,,1,55,,11351,14,,,1,15,,11352,14,,,1,15,,11353,14,,,1,19,,11354,14,,,1,48,,11355,14,,,1,15,,11356,14,,,1,15,,11357,14,,,1,15,,11358,14,,,1,55,,11359,14,,,1,15,,11360,14,,,1,15,,11361,14,,,1,16,,11362,14,,,1,55,,11363,14,,,1,16,,11364,14,,,1,16,,11365,14,,,1,15,,11366,14,,,1,56,,11367,14,,,1,15,,11368,14,,,1,16,,11369,14,,,1,15,,11370,14,,,1,55,,11371,14,,,1,15,,11372,14,,,1,15,,11373,14,,,1,15,,11374,14,,,1,55,,11375,14,,,1,16,,11376,14,,,1,15,,11377,14,,,1,14,,11378,14,,,1,55,,11379,14,,,1,28,,11380,14,,,1,68,,11381,14,,,1,30,,11382,14,,,1,70,,11383,14,,,1,30,,11384,14,,,1,69,,11385,14,,,1,29,,11386,14,,,1,70,,11387,14,,,1,31,,11388,14,,,1,100,,11389,14,,,1
7101,'CCFFF',538,,11390,14,,,1,64,,11391,14,,,1,29,,11392,14,,,1,70,,11393,14,,,1,15,,11394,14,,,1,15,,11395,14,,,1,15,,11396,14,,,1,56,,11397,14,,,1,15,,11398,14,,,1,15,,11399,14,,,1,15,,11400,14,,,1,56,,11401,14,,,1,15,,11402,14,,,1,16,,11403,14,,,1,15,,11404,14,,,1,55,,11405,14,,,1,15,,11406,14,,,1,15,,11407,14,,,1,15,,11408,14,,,1,55,,11409,14,,,1,15,,11410,14,,,1,15,,11411,14,,,1,19,,11412,14,,,1,48,,11413,14,,,1,15,,11414,14,,,1,15,,11415,14,,,1,15,,11416,14,,,1,55,,11417,14,,,1,15,,11418,14,,,1,15,,11419,14,,,1,16,,11420,14,,,1,55,,11421,14,,,1,16,,11422,14,,,1,16,,11423,14,,,1,15,,11424,14,,,1,56,,11425,14,,,1,15,,11426,14,,,1,16,,11427,14,,,1,15,,11428,14,,,1,55,,11429,14,,,1,15,,11430,14,,,1,15,,11431,14,,,1,15,,11432,14,,,1,55,,11433,14,,,1,16,,11434,14,,,1,15,,11435,14,,,1,14,,11436,14,,,1,55,,11437,14,,,1,28,,11438,14,,,1,68,,11439,14,,,1,30,,11440,14,,,1,70,,11441,14,,,1,30,,11442,14,,,1,69,,11443,14,,,1,29,,11444,14,,,1,70,,11445,14,,,1,31,,11446,14,,,1,100,,11447,14,,,1
7101,'CCFSAT',634,,11448,14,,,1,20,,11495,14,,,1,60,,11496,14,,,1,20,,11449,14,,,1,20,,11450,14,,,1,61,,11451,14,,,1,20,,11452,14,,,1,20,,11453,14,,,1,60,,11454,14,,,1,20,,11455,14,,,1,20,,11456,14,,,1,60,,11457,14,,,1,20,,11458,14,,,1,20,,11459,14,,,1,60,,11460,14,,,1,20,,11461,14,,,1,21,,11462,14,,,1,62,,11463,14,,,1,21,,11464,14,,,1,61,,11465,14,,,1,20,,11466,14,,,1,21,,11467,14,,,1,60,,11468,14,,,1,20,,11469,14,,,1,20,,11470,14,,,1,60,,11471,14,,,1,21,,11472,14,,,1,20,,11473,14,,,1,60,,11474,14,,,1,19,,11475,14,,,1,20,,11476,14,,,1,60,,11477,14,,,1,19,,11478,14,,,1,20,,11479,14,,,1,60,,11480,14,,,1,19,,11481,14,,,1,20,,11482,14,,,1,20,,11483,14,,,1,60,,11484,14,,,1,20,,11485,14,,,1,20,,11486,14,,,1,60,,11487,14,,,1,20,,11488,14,,,1,18,,11489,14,,,1,60,,11490,14,,,1,20,,11491,14,,,1,70,,11492,14,,,1,30,,11493,14,,,1,70,,11494,14,,,1
7101,'CCFSUN',634,,11497,14,,,1,70,,11530,14,,,1,30,,11498,14,,,1,71,,11499,14,,,1,30,,11500,14,,,1,70,,11501,14,,,1,30,,11502,14,,,1,70,,11503,14,,,1,30,,11504,14,,,1,70,,11505,14,,,1,30,,11506,14,,,1,74,,11507,14,,,1,30,,11508,14,,,1,71,,11509,14,,,1,31,,11510,14,,,1,70,,11511,14,,,1,30,,11512,14,,,1,70,,11513,14,,,1,31,,11514,14,,,1,70,,11515,14,,,1,29,,11516,14,,,1,70,,11517,14,,,1,29,,11518,14,,,1,69,,11519,14,,,1,30,,11520,14,,,1,70,,11521,14,,,1,30,,11522,14,,,1,70,,11523,14,,,1,30,,11524,14,,,1,70,,11525,14,,,1,30,,11526,14,,,1,18,,11527,14,,,1,70,,11528,14,,,1,30,,11529,14,,,1
