3001,'WKDY',608,,5724,10,,,1,31,,5725,10,,,1,70,,5726,10,,,1,30,,5727,10,,,1,71,,5728,10,,,1,30,,5729,10,,,1,70,,5730,10,,,1,30,,5731,10,,,1,70,,5732,10,,,1,30,,5733,10,,,1,70,,5734,10,,,1,30,,5735,10,,,1,70,,5736,10,,,1,30,,5737,10,,,1,70,,5738,10,,,1,30,,5739,10,,,1,71,,5740,10,,,1,30,,5741,10,,,1,70,,5742,10,,,1,30,,5743,10,,,1,70,,5744,10,,,1,30,,5745,10,,,1,69,,5746,10,,,1,30,,5747,10,,,1,70,,5748,10,,,1,30,,5749,10,,,1,69,,5750,10,,,1,30,,5751,10,,,1,69,,5752,10,,,1,100,,5753,10,,,1
3001,'SAT',737,,5756,10,,,1,71,,5757,10,,,1,30,,5758,10,,,1,70,,5759,10,,,1,30,,5760,10,,,1,70,,5761,10,,,1,30,,5762,10,,,1,71,,5763,10,,,1,30,,5764,10,,,1,71,,5765,10,,,1,30,,5766,10,,,1,70,,5767,10,,,1,30,,5768,10,,,1,70,,5769,10,,,1,30,,5770,10,,,1,70,,5771,10,,,1,30,,5772,10,,,1,70,,5773,10,,,1,30,,5774,10,,,1,70,,5775,10,,,1,99,,5776,10,,,1,99,,5777,10,,,1,100,,5778,10,,,1
3001,'SUN',808,,5781,10,,,1,100,,5782,10,,,1,100,,5783,10,,,1,101,,5784,10,,,1,101,,5785,10,,,1,100,,5786,10,,,1,100,,5787,10,,,1,100,,5788,10,,,1,100,,5789,10,,,1,100,,5790,10,,,1,99,,5791,10,,,1,99,,5792,10,,,1,100,,5793,10,,,1
3001,'CCFWK',608,,5796,10,,,1,31,,5797,10,,,1,70,,5798,10,,,1,30,,5799,10,,,1,71,,5800,10,,,1,30,,5801,10,,,1,70,,5802,10,,,1,30,,5803,10,,,1,70,,5804,10,,,1,30,,5805,10,,,1,70,,5806,10,,,1,30,,5807,10,,,1,70,,5808,10,,,1,30,,5809,10,,,1,70,,5810,10,,,1,30,,5811,10,,,1,71,,5812,10,,,1,30,,5813,10,,,1,70,,5814,10,,,1,30,,5815,10,,,1,70,,5816,10,,,1,30,,5817,10,,,1,69,,5818,10,,,1,30,,5819,10,,,1,70,,5820,10,,,1,30,,5821,10,,,1,69,,5822,10,,,1,30,,5823,10,,,1,69,,5824,10,,,1,100,,5825,10,,,1
3001,'CCFFF',608,,5828,10,,,1,31,,5829,10,,,1,70,,5830,10,,,1,30,,5831,10,,,1,71,,5832,10,,,1,30,,5833,10,,,1,70,,5834,10,,,1,30,,5835,10,,,1,70,,5836,10,,,1,30,,5837,10,,,1,70,,5838,10,,,1,30,,5839,10,,,1,70,,5840,10,,,1,30,,5841,10,,,1,70,,5842,10,,,1,30,,5843,10,,,1,71,,5844,10,,,1,30,,5845,10,,,1,70,,5846,10,,,1,30,,5847,10,,,1,70,,5848,10,,,1,30,,5849,10,,,1,69,,5850,10,,,1,30,,5851,10,,,1,70,,5852,10,,,1,30,,5853,10,,,1,69,,5854,10,,,1,30,,5855,10,,,1,69,,5856,10,,,1,100,,5857,10,,,1
3001,'CCFSAT',737,,5860,10,,,1,71,,5861,10,,,1,30,,5862,10,,,1,70,,5863,10,,,1,30,,5864,10,,,1,70,,5865,10,,,1,30,,5866,10,,,1,71,,5867,10,,,1,30,,5868,10,,,1,71,,5869,10,,,1,30,,5870,10,,,1,70,,5871,10,,,1,30,,5872,10,,,1,70,,5873,10,,,1,30,,5874,10,,,1,70,,5875,10,,,1,30,,5876,10,,,1,70,,5877,10,,,1,30,,5878,10,,,1,70,,5879,10,,,1,99,,5880,10,,,1,99,,5881,10,,,1,100,,5882,10,,,1
3001,'CCFSUN',808,,5885,10,,,1,100,,5886,10,,,1,100,,5887,10,,,1,101,,5888,10,,,1,101,,5889,10,,,1,100,,5890,10,,,1,100,,5891,10,,,1,100,,5892,10,,,1,100,,5893,10,,,1,100,,5894,10,,,1,99,,5895,10,,,1,99,,5896,10,,,1,100,,5897,10,,,1
7400,'WKDY',521,,11970,6,,,1,99,,11971,6,,,1,30,,11999,6,,,1,69,,11972,6,,,1,31,,12000,6,,,1,69,,11973,6,,,1,29,,11974,6,,,1,70,,11975,6,,,1,30,,11976,6,,,1,70,,11977,6,,,1,30,,11978,6,,,1,70,,11979,6,,,1,31,,11980,6,,,1,70,,11981,6,,,1,31,,11982,6,,,1,70,,11983,6,,,1,30,,11984,6,,,1,69,,11985,6,,,1,29,,11986,6,,,1,70,,11987,6,,,1,30,,11988,6,,,1,70,,11989,6,,,1,30,,11990,6,,,1,70,,11991,6,,,1,31,,11992,6,,,1,71,,11993,6,,,1,31,,11994,6,,,1,68,,11995,6,,,1,31,,11997,6,,,1,70,,12001,6,,,1,30,,11996,6,,,1,99,,11998,6,,,1
7400,'SAT',759,,12002,6,,,1,100,,12003,6,,,1,99,,12004,6,,,1,99,,12005,6,,,1,99,,12006,6,,,1,100,,12007,6,,,1,100,,12008,6,,,1,100,,12009,6,,,1,100,,12010,6,,,1,100,,12011,6,,,1,101,,12012,6,,,1,100,,12013,6,,,1,100,,12014,6,,,1,102,,12015,6,,,1
7400,'SUN',759,,12016,6,,,1,100,,12017,6,,,1,99,,12018,6,,,1,99,,12019,6,,,1,99,,12020,6,,,1,100,,12021,6,,,1,100,,12022,6,,,1,100,,12023,6,,,1,100,,12024,6,,,1,100,,12025,6,,,1,101,,12026,6,,,1,100,,12027,6,,,1,100,,12028,6,,,1,102,,12029,6,,,1
7400,'CCFWK',521,,12030,6,,,1,99,,12031,6,,,1,30,,12059,6,,,1,69,,12032,6,,,1,31,,12060,6,,,1,69,,12033,6,,,1,29,,12034,6,,,1,70,,12035,6,,,1,30,,12036,6,,,1,70,,12037,6,,,1,30,,12038,6,,,1,70,,12039,6,,,1,31,,12040,6,,,1,70,,12041,6,,,1,31,,12042,6,,,1,70,,12043,6,,,1,30,,12044,6,,,1,69,,12045,6,,,1,29,,12046,6,,,1,70,,12047,6,,,1,30,,12048,6,,,1,70,,12049,6,,,1,30,,12050,6,,,1,70,,12051,6,,,1,31,,12052,6,,,1,71,,12053,6,,,1,31,,12054,6,,,1,68,,12055,6,,,1,31,,12057,6,,,1,70,,12061,6,,,1,30,,12056,6,,,1,99,,12058,6,,,1
7400,'CCFFF',521,,12062,6,,,1,99,,12063,6,,,1,30,,12091,6,,,1,69,,12064,6,,,1,31,,12092,6,,,1,69,,12065,6,,,1,29,,12066,6,,,1,70,,12067,6,,,1,30,,12068,6,,,1,70,,12069,6,,,1,30,,12070,6,,,1,70,,12071,6,,,1,31,,12072,6,,,1,70,,12073,6,,,1,31,,12074,6,,,1,70,,12075,6,,,1,30,,12076,6,,,1,69,,12077,6,,,1,29,,12078,6,,,1,70,,12079,6,,,1,30,,12080,6,,,1,70,,12081,6,,,1,30,,12082,6,,,1,70,,12083,6,,,1,31,,12084,6,,,1,71,,12085,6,,,1,31,,12086,6,,,1,68,,12087,6,,,1,31,,12089,6,,,1,70,,12093,6,,,1,30,,12088,6,,,1,99,,12090,6,,,1
7400,'CCFSAT',759,,12094,6,,,1,100,,12095,6,,,1,99,,12096,6,,,1,99,,12097,6,,,1,99,,12098,6,,,1,100,,12099,6,,,1,100,,12100,6,,,1,100,,12101,6,,,1,100,,12102,6,,,1,100,,12103,6,,,1,101,,12104,6,,,1,100,,12105,6,,,1,100,,12106,6,,,1,102,,12107,6,,,1
7400,'CCFSUN',759,,12108,6,,,1,100,,12109,6,,,1,99,,12110,6,,,1,99,,12111,6,,,1,99,,12112,6,,,1,100,,12113,6,,,1,100,,12114,6,,,1,100,,12115,6,,,1,100,,12116,6,,,1,100,,12117,6,,,1,101,,12118,6,,,1,100,,12119,6,,,1,100,,12120,6,,,1,102,,12121,6,,,1
