2501,'WKDY',611,,5586,5,,,1,30,,5587,5,,,1,70,,5588,5,,,1,32,,5589,5,,,1,71,,5590,5,,,1,30,,5591,5,,,1,71,,5592,5,,,1,30,,5593,5,,,1,69,,5594,5,,,1,30,,5595,5,,,1,70,,5596,5,,,1,31,,5597,5,,,1,73,,5598,5,,,1,30,,5599,5,,,1,70,,5600,5,,,1,28,,5601,5,,,1,70,,5602,5,,,1,30,,5603,5,,,1,71,,5604,5,,,1,31,,5605,5,,,1,70,,5606,5,,,1,30,,5607,5,,,1,70,,5608,5,,,1,29,,5609,5,,,1,68,,5610,5,,,1,29,,5611,5,,,1,100,,5612,5,,,1,96,,5613,5,,,1
2501,'SAT',742,,5625,5,,,1,100,,5614,5,,,1,101,,5615,5,,,1,101,,5616,5,,,1,100,,5617,5,,,1,101,,5618,5,,,1,100,,5619,5,,,1,100,,5620,5,,,1,100,,5621,5,,,1,99,,5622,5,,,1,99,,5623,5,,,1,99,,5624,5,,,1,100,,5626,5,,,1
2501,'SUN',742,,5638,5,,,1,100,,5627,5,,,1,101,,5628,5,,,1,101,,5629,5,,,1,100,,5630,5,,,1,101,,5631,5,,,1,100,,5632,5,,,1,100,,5633,5,,,1,100,,5634,5,,,1,99,,5635,5,,,1,99,,5636,5,,,1,99,,5637,5,,,1,100,,5639,5,,,1
2501,'CCFWK',611,,5640,5,,,1,30,,5641,5,,,1,70,,5642,5,,,1,32,,5643,5,,,1,71,,5644,5,,,1,30,,5645,5,,,1,71,,5646,5,,,1,30,,5647,5,,,1,69,,5648,5,,,1,30,,5649,5,,,1,70,,5650,5,,,1,31,,5651,5,,,1,73,,5652,5,,,1,30,,5653,5,,,1,70,,5654,5,,,1,28,,5655,5,,,1,70,,5656,5,,,1,30,,5657,5,,,1,71,,5658,5,,,1,31,,5659,5,,,1,70,,5660,5,,,1,30,,5661,5,,,1,70,,5662,5,,,1,29,,5663,5,,,1,68,,5664,5,,,1,29,,5665,5,,,1,100,,5666,5,,,1,96,,5667,5,,,1
2501,'CCFFF',611,,5668,5,,,1,30,,5669,5,,,1,70,,5670,5,,,1,32,,5671,5,,,1,71,,5672,5,,,1,30,,5673,5,,,1,71,,5674,5,,,1,30,,5675,5,,,1,69,,5676,5,,,1,30,,5677,5,,,1,70,,5678,5,,,1,31,,5679,5,,,1,73,,5680,5,,,1,30,,5681,5,,,1,70,,5682,5,,,1,28,,5683,5,,,1,70,,5684,5,,,1,30,,5685,5,,,1,71,,5686,5,,,1,31,,5687,5,,,1,70,,5688,5,,,1,30,,5689,5,,,1,70,,5690,5,,,1,29,,5691,5,,,1,68,,5692,5,,,1,29,,5693,5,,,1,100,,5694,5,,,1,96,,5695,5,,,1
2501,'CCFSAT',742,,5707,5,,,1,100,,5696,5,,,1,101,,5697,5,,,1,101,,5698,5,,,1,100,,5699,5,,,1,101,,5700,5,,,1,100,,5701,5,,,1,100,,5702,5,,,1,100,,5703,5,,,1,99,,5704,5,,,1,99,,5705,5,,,1,99,,5706,5,,,1,100,,5708,5,,,1
2501,'CCFSUN',742,,5720,5,,,1,100,,5709,5,,,1,101,,5710,5,,,1,101,,5711,5,,,1,100,,5712,5,,,1,101,,5713,5,,,1,100,,5714,5,,,1,100,,5715,5,,,1,100,,5716,5,,,1,99,,5717,5,,,1,99,,5718,5,,,1,99,,5719,5,,,1,100,,5721,5,,,1
3200,'WKDY',544,,6381,4,,,1,70,,6382,4,,,1,30,,6383,4,,,1,69,,6384,4,,,1,30,,6385,4,,,1,70,,6386,4,,,1,30,,6387,4,,,1,69,,6388,4,,,1,30,,6389,4,,,1,70,,6390,4,,,1,29,,6391,4,,,1,70,,6392,4,,,1,29,,6393,4,,,1,70,,6394,4,,,1,28,,6395,4,,,1,70,,6396,4,,,1,30,,6397,4,,,1,70,,6398,4,,,1,29,,6399,4,,,1,70,,6400,4,,,1,31,,6401,4,,,1,70,,6402,4,,,1,31,,6403,4,,,1,71,,6404,4,,,1,31,,6405,4,,,1,71,,6406,4,,,1,31,,6407,4,,,1,70,,6408,4,,,1,100,,6409,4,,,1,101,,6410,4,,,1
3200,'SAT',752,,6427,4,,,1,79,,6428,4,,,1,79,,6429,4,,,1,40,,6411,4,,,1,79,,6412,4,,,1,79,,6413,4,,,1,39,,6414,4,,,1,80,,6415,4,,,1,80,,6416,4,,,1,40,,6417,4,,,1,80,,6418,4,,,1,80,,6419,4,,,1,40,,6420,4,,,1,81,,6421,4,,,1,80,,6422,4,,,1,41,,6423,4,,,1,81,,6424,4,,,1,81,,6425,4,,,1,40,,6426,4,,,1
3200,'SUN',752,,6430,4,,,1,100,,6431,4,,,1,98,,6432,4,,,1,100,,6433,4,,,1,97,,6434,4,,,1,100,,6435,4,,,1,100,,6436,4,,,1,100,,6437,4,,,1,100,,6438,4,,,1,100,,6439,4,,,1,102,,6440,4,,,1,100,,6441,4,,,1,102,,6442,4,,,1
3200,'CCFWK',544,,6443,4,,,1,70,,6444,4,,,1,30,,6445,4,,,1,69,,6446,4,,,1,30,,6447,4,,,1,70,,6448,4,,,1,30,,6449,4,,,1,69,,6450,4,,,1,30,,6451,4,,,1,70,,6452,4,,,1,29,,6453,4,,,1,70,,6454,4,,,1,29,,6455,4,,,1,70,,6456,4,,,1,28,,6457,4,,,1,70,,6458,4,,,1,30,,6459,4,,,1,70,,6460,4,,,1,29,,6461,4,,,1,70,,6462,4,,,1,31,,6463,4,,,1,70,,6464,4,,,1,31,,6465,4,,,1,71,,6466,4,,,1,31,,6467,4,,,1,71,,6468,4,,,1,31,,6469,4,,,1,70,,6470,4,,,1,100,,6471,4,,,1,101,,6472,4,,,1
3200,'CCFFF',544,,6473,4,,,1,70,,6474,4,,,1,30,,6475,4,,,1,69,,6476,4,,,1,30,,6477,4,,,1,70,,6478,4,,,1,30,,6479,4,,,1,69,,6480,4,,,1,30,,6481,4,,,1,70,,6482,4,,,1,29,,6483,4,,,1,70,,6484,4,,,1,29,,6485,4,,,1,70,,6486,4,,,1,28,,6487,4,,,1,70,,6488,4,,,1,30,,6489,4,,,1,70,,6490,4,,,1,29,,6491,4,,,1,70,,6492,4,,,1,31,,6493,4,,,1,70,,6494,4,,,1,31,,6495,4,,,1,71,,6496,4,,,1,31,,6497,4,,,1,71,,6498,4,,,1,31,,6499,4,,,1,70,,6500,4,,,1,100,,6501,4,,,1,101,,6502,4,,,1
3200,'CCFSAT',752,,6519,4,,,1,79,,6520,4,,,1,79,,6521,4,,,1,40,,6503,4,,,1,79,,6504,4,,,1,79,,6505,4,,,1,39,,6506,4,,,1,80,,6507,4,,,1,80,,6508,4,,,1,40,,6509,4,,,1,80,,6510,4,,,1,80,,6511,4,,,1,40,,6512,4,,,1,81,,6513,4,,,1,80,,6514,4,,,1,41,,6515,4,,,1,81,,6516,4,,,1,81,,6517,4,,,1,40,,6518,4,,,1
3200,'CCFSUN',752,,6522,4,,,1,100,,6523,4,,,1,98,,6524,4,,,1,100,,6525,4,,,1,97,,6526,4,,,1,100,,6527,4,,,1,100,,6528,4,,,1,100,,6529,4,,,1,100,,6530,4,,,1,100,,6531,4,,,1,102,,6532,4,,,1,100,,6533,4,,,1,102,,6534,4,,,1
