700,'WKDY',610,,4506,26,,,1,110,,4507,26,,,1,32,,4508,26,,,1,68,,4509,26,,,1,29,,4510,26,,,1,70,,4511,26,,,1,28,,4512,26,,,1,70,,4513,26,,,1,30,,4514,26,,,1,70,,4515,26,,,1,30,,4516,26,,,1,72,,4517,26,,,1,31,,4518,26,,,1,70,,4519,26,,,1,31,,4520,26,,,1,70,,4521,26,,,1,33,,4522,26,,,1,71,,4523,26,,,1,30,,4524,26,,,1,70,,4525,26,,,1,30,,4526,26,,,1,70,,4527,26,,,1,29,,4528,26,,,1,67,,4529,26,,,1,28,,4530,26,,,1,69,,4531,26,,,1,28,,4532,26,,,1,100,,4533,26,,,1,100,,4534,26,,,1
700,'SAT',715,,4546,26,,,1,100,,4547,26,,,1,100,,4535,26,,,1,102,,4536,26,,,1,101,,4537,26,,,1,100,,4538,26,,,1,101,,4539,26,,,1,100,,4540,26,,,1,100,,4541,26,,,1,100,,4542,26,,,1,100,,4543,26,,,1,100,,4544,26,,,1,99,,4545,26,,,1,100,,4548,26,,,1,100,,4549,26,,,1
700,'SUN',715,,4561,26,,,1,100,,4562,26,,,1,100,,4550,26,,,1,102,,4551,26,,,1,101,,4552,26,,,1,100,,4553,26,,,1,101,,4554,26,,,1,100,,4555,26,,,1,100,,4556,26,,,1,100,,4557,26,,,1,100,,4558,26,,,1,100,,4559,26,,,1,99,,4560,26,,,1,100,,4563,26,,,1,100,,4564,26,,,1
700,'CCFWK',610,,4565,26,,,1,110,,4566,26,,,1,32,,4567,26,,,1,68,,4568,26,,,1,29,,4569,26,,,1,70,,4570,26,,,1,28,,4571,26,,,1,70,,4572,26,,,1,30,,4573,26,,,1,70,,4574,26,,,1,30,,4575,26,,,1,72,,4576,26,,,1,31,,4577,26,,,1,70,,4578,26,,,1,31,,4579,26,,,1,70,,4580,26,,,1,33,,4581,26,,,1,71,,4582,26,,,1,30,,4583,26,,,1,70,,4584,26,,,1,30,,4585,26,,,1,70,,4586,26,,,1,29,,4587,26,,,1,67,,4588,26,,,1,28,,4589,26,,,1,69,,4590,26,,,1,28,,4591,26,,,1,100,,4592,26,,,1,100,,4593,26,,,1
700,'CCFFF',610,,4594,26,,,1,110,,4595,26,,,1,32,,4596,26,,,1,68,,4597,26,,,1,29,,4598,26,,,1,70,,4599,26,,,1,28,,4600,26,,,1,70,,4601,26,,,1,30,,4602,26,,,1,70,,4603,26,,,1,30,,4604,26,,,1,72,,4605,26,,,1,31,,4606,26,,,1,70,,4607,26,,,1,31,,4608,26,,,1,70,,4609,26,,,1,33,,4610,26,,,1,71,,4611,26,,,1,30,,4612,26,,,1,70,,4613,26,,,1,30,,4614,26,,,1,70,,4615,26,,,1,29,,4616,26,,,1,67,,4617,26,,,1,28,,4618,26,,,1,69,,4619,26,,,1,28,,4620,26,,,1,100,,4621,26,,,1,100,,4622,26,,,1
700,'CCFSAT',715,,4634,26,,,1,100,,4635,26,,,1,100,,4623,26,,,1,102,,4624,26,,,1,101,,4625,26,,,1,100,,4626,26,,,1,101,,4627,26,,,1,100,,4628,26,,,1,100,,4629,26,,,1,100,,4630,26,,,1,100,,4631,26,,,1,100,,4632,26,,,1,99,,4633,26,,,1,100,,4636,26,,,1,100,,4637,26,,,1
700,'CCFSUN',715,,4649,26,,,1,100,,4650,26,,,1,100,,4638,26,,,1,102,,4639,26,,,1,101,,4640,26,,,1,100,,4641,26,,,1,101,,4642,26,,,1,100,,4643,26,,,1,100,,4644,26,,,1,100,,4645,26,,,1,100,,4646,26,,,1,100,,4647,26,,,1,99,,4648,26,,,1,100,,4651,26,,,1,100,,4652,26,,,1
4701,'WKDY',535,,7212,5,,,1,679,,7213,5,,,1,606,,7214,5,,,1
4701,'CCFWK',535,,7215,5,,,1,679,,7216,5,,,1,606,,7217,5,,,1
4701,'CCFFF',535,,7218,5,,,1,679,,7219,5,,,1,606,,7220,5,,,1
