701,'WKDY',618,,4653,6,,,1,21,,4682,6,,,1,90,,4654,6,,,1,72,,4655,6,,,1,27,,4656,6,,,1,29,,4657,6,,,1,71,,4658,6,,,1,28,,4659,6,,,1,70,,4660,6,,,1,30,,4661,6,,,1,70,,4662,6,,,1,30,,4663,6,,,1,72,,4664,6,,,1,31,,4665,6,,,1,71,,4666,6,,,1,71,,4667,6,,,1,30,,4668,6,,,1,72,,4669,6,,,1,31,,4670,6,,,1,70,,4671,6,,,1,30,,4672,6,,,1,70,,4673,6,,,1,30,,4674,6,,,1,69,,4675,6,,,1,27,,4676,6,,,1,28,,4677,6,,,1,69,,4678,6,,,1,27,,4679,6,,,1,100,,4680,6,,,1,100,,4681,6,,,1
701,'SAT',722,,4694,6,,,1,100,,4695,6,,,1,100,,4683,6,,,1,103,,4684,6,,,1,102,,4685,6,,,1,100,,4686,6,,,1,101,,4687,6,,,1,100,,4688,6,,,1,100,,4689,6,,,1,100,,4690,6,,,1,99,,4691,6,,,1,99,,4692,6,,,1,99,,4693,6,,,1,100,,4696,6,,,1,100,,4697,6,,,1
701,'SUN',722,,4709,6,,,1,100,,4710,6,,,1,100,,4698,6,,,1,103,,4699,6,,,1,102,,4700,6,,,1,100,,4701,6,,,1,101,,4702,6,,,1,100,,4703,6,,,1,100,,4704,6,,,1,100,,4705,6,,,1,99,,4706,6,,,1,99,,4707,6,,,1,99,,4708,6,,,1,100,,4711,6,,,1,100,,4712,6,,,1
701,'CCFWK',618,,4713,6,,,1,21,,4742,6,,,1,90,,4714,6,,,1,72,,4715,6,,,1,27,,4716,6,,,1,29,,4717,6,,,1,71,,4718,6,,,1,28,,4719,6,,,1,70,,4720,6,,,1,30,,4721,6,,,1,70,,4722,6,,,1,30,,4723,6,,,1,72,,4724,6,,,1,31,,4725,6,,,1,71,,4726,6,,,1,71,,4727,6,,,1,30,,4728,6,,,1,72,,4729,6,,,1,31,,4730,6,,,1,70,,4731,6,,,1,30,,4732,6,,,1,70,,4733,6,,,1,30,,4734,6,,,1,69,,4735,6,,,1,27,,4736,6,,,1,28,,4737,6,,,1,69,,4738,6,,,1,27,,4739,6,,,1,100,,4740,6,,,1,100,,4741,6,,,1
701,'CCFFF',618,,4743,6,,,1,21,,4772,6,,,1,90,,4744,6,,,1,72,,4745,6,,,1,27,,4746,6,,,1,29,,4747,6,,,1,71,,4748,6,,,1,28,,4749,6,,,1,70,,4750,6,,,1,30,,4751,6,,,1,70,,4752,6,,,1,30,,4753,6,,,1,72,,4754,6,,,1,31,,4755,6,,,1,71,,4756,6,,,1,71,,4757,6,,,1,30,,4758,6,,,1,72,,4759,6,,,1,31,,4760,6,,,1,70,,4761,6,,,1,30,,4762,6,,,1,70,,4763,6,,,1,30,,4764,6,,,1,69,,4765,6,,,1,27,,4766,6,,,1,28,,4767,6,,,1,69,,4768,6,,,1,27,,4769,6,,,1,100,,4770,6,,,1,100,,4771,6,,,1
701,'CCFSAT',722,,4784,6,,,1,100,,4785,6,,,1,100,,4773,6,,,1,103,,4774,6,,,1,102,,4775,6,,,1,100,,4776,6,,,1,101,,4777,6,,,1,100,,4778,6,,,1,100,,4779,6,,,1,100,,4780,6,,,1,99,,4781,6,,,1,99,,4782,6,,,1,99,,4783,6,,,1,100,,4786,6,,,1,100,,4787,6,,,1
701,'CCFSUN',722,,4799,6,,,1,100,,4800,6,,,1,100,,4788,6,,,1,103,,4789,6,,,1,102,,4790,6,,,1,100,,4791,6,,,1,101,,4792,6,,,1,100,,4793,6,,,1,100,,4794,6,,,1,100,,4795,6,,,1,99,,4796,6,,,1,99,,4797,6,,,1,99,,4798,6,,,1,100,,4801,6,,,1,100,,4802,6,,,1
4700,'WKDY',1312,,7204,4,,,1,605,,7205,4,,,1
4700,'CCFWK',1312,,7207,4,,,1,605,,7208,4,,,1
4700,'CCFFF',1312,,7210,4,,,1,605,,7211,4,,,1
