1201,'WKDY',641,,5038,24,,,1,70,,5039,24,,,1,30,,5040,24,,,1,71,,5041,24,,,1,30,,5042,24,,,1,70,,5043,24,,,1,30,,5044,24,,,1,70,,5045,24,,,1,30,,5046,24,,,1,70,,5047,24,,,1,30,,5048,24,,,1,70,,5049,24,,,1,30,,5050,24,,,1,70,,5051,24,,,1,30,,5052,24,,,1,70,,5053,24,,,1,30,,5054,24,,,1,70,,5055,24,,,1,32,,5056,24,,,1,70,,5057,24,,,1,30,,5058,24,,,1,70,,5059,24,,,1,30,,5060,24,,,1,70,,5061,24,,,1,27,,5062,24,,,1,70,,5063,24,,,1,30,,5064,24,,,1,69,,5065,24,,,1,30,,5066,24,,,1,68,,5067,24,,,1,30,,5068,24,,,1,70,,5069,24,,,1
1201,'SAT',730,,5070,24,,,1,100,,5071,24,,,1,102,,5072,24,,,1,100,,5073,24,,,1,101,,5074,24,,,1,100,,5075,24,,,1,100,,5076,24,,,1,100,,5077,24,,,1,100,,5078,24,,,1,100,,5079,24,,,1,99,,5080,24,,,1,100,,5081,24,,,1,98,,5082,24,,,1,100,,5083,24,,,1,100,,5084,24,,,1,100,,5085,24,,,1
1201,'SUN',730,,5086,24,,,1,100,,5087,24,,,1,102,,5088,24,,,1,100,,5089,24,,,1,101,,5090,24,,,1,100,,5091,24,,,1,100,,5092,24,,,1,100,,5093,24,,,1,100,,5094,24,,,1,100,,5095,24,,,1,99,,5096,24,,,1,100,,5097,24,,,1,98,,5098,24,,,1,100,,5099,24,,,1,100,,5100,24,,,1,100,,5101,24,,,1
1201,'CCFWK',641,,5102,24,,,1,70,,5103,24,,,1,30,,5104,24,,,1,71,,5105,24,,,1,30,,5106,24,,,1,70,,5107,24,,,1,30,,5108,24,,,1,70,,5109,24,,,1,30,,5110,24,,,1,70,,5111,24,,,1,30,,5112,24,,,1,70,,5113,24,,,1,30,,5114,24,,,1,70,,5115,24,,,1,30,,5116,24,,,1,70,,5117,24,,,1,30,,5118,24,,,1,70,,5119,24,,,1,32,,5120,24,,,1,70,,5121,24,,,1,30,,5122,24,,,1,70,,5123,24,,,1,30,,5124,24,,,1,70,,5125,24,,,1,27,,5126,24,,,1,70,,5127,24,,,1,30,,5128,24,,,1,69,,5129,24,,,1,30,,5130,24,,,1,68,,5131,24,,,1,30,,5132,24,,,1,70,,5133,24,,,1
1201,'CCFFF',641,,5134,24,,,1,70,,5135,24,,,1,30,,5136,24,,,1,71,,5137,24,,,1,30,,5138,24,,,1,70,,5139,24,,,1,30,,5140,24,,,1,70,,5141,24,,,1,30,,5142,24,,,1,70,,5143,24,,,1,30,,5144,24,,,1,70,,5145,24,,,1,30,,5146,24,,,1,70,,5147,24,,,1,30,,5148,24,,,1,70,,5149,24,,,1,30,,5150,24,,,1,70,,5151,24,,,1,32,,5152,24,,,1,70,,5153,24,,,1,30,,5154,24,,,1,70,,5155,24,,,1,30,,5156,24,,,1,70,,5157,24,,,1,27,,5158,24,,,1,70,,5159,24,,,1,30,,5160,24,,,1,69,,5161,24,,,1,30,,5162,24,,,1,68,,5163,24,,,1,30,,5164,24,,,1,70,,5165,24,,,1
1201,'CCFSAT',730,,5166,24,,,1,100,,5167,24,,,1,102,,5168,24,,,1,100,,5169,24,,,1,101,,5170,24,,,1,100,,5171,24,,,1,100,,5172,24,,,1,100,,5173,24,,,1,100,,5174,24,,,1,100,,5175,24,,,1,99,,5176,24,,,1,100,,5177,24,,,1,98,,5178,24,,,1,100,,5179,24,,,1,100,,5180,24,,,1,100,,5181,24,,,1
1201,'CCFSUN',730,,5182,24,,,1,100,,5183,24,,,1,102,,5184,24,,,1,100,,5185,24,,,1,101,,5186,24,,,1,100,,5187,24,,,1,100,,5188,24,,,1,100,,5189,24,,,1,100,,5190,24,,,1,100,,5191,24,,,1,99,,5192,24,,,1,100,,5193,24,,,1,98,,5194,24,,,1,100,,5195,24,,,1,100,,5196,24,,,1,100,,5197,24,,,1
8000,'WKDY',624,,12607,31,,,1,30,,12608,31,,,1,71,,12609,31,,,1,31,,12610,31,,,1,70,,12611,31,,,1,30,,12612,31,,,1,69,,12613,31,,,1,30,,12614,31,,,1,70,,12615,31,,,1,31,,12616,31,,,1,70,,12617,31,,,1,30,,12618,31,,,1,70,,12619,31,,,1,31,,12620,31,,,1,70,,12621,31,,,1,31,,12622,31,,,1,70,,12623,31,,,1,30,,12624,31,,,1,74,,12625,31,,,1,73,,12626,31,,,1,27,,12627,31,,,1,69,,12628,31,,,1,29,,12629,31,,,1,26,,12630,31,,,1,69,,12631,31,,,1,30,,12632,31,,,1,69,,12633,31,,,1,29,,12634,31,,,1,70,,12635,31,,,1,30,,12636,31,,,1,69,,12637,31,,,1
8000,'SAT',723,,12651,31,,,1,100,,12638,31,,,1,30,,12639,31,,,1,70,,12640,31,,,1,30,,12652,31,,,1,70,,12641,31,,,1,31,,12653,31,,,1,70,,12642,31,,,1,30,,12654,31,,,1,70,,12643,31,,,1,31,,12655,31,,,1,70,,12644,31,,,1,30,,12656,31,,,1,70,,12645,31,,,1,30,,12657,31,,,1,70,,12646,31,,,1,30,,12658,31,,,1,70,,12647,31,,,1,30,,12659,31,,,1,70,,12648,31,,,1,29,,12660,31,,,1,70,,12649,31,,,1,30,,12661,31,,,1,70,,12650,31,,,1,30,,12662,31,,,1,69,,12665,31,,,1,31,,12663,31,,,1,100,,12664,31,,,1
8000,'SUN',723,,12679,31,,,1,100,,12666,31,,,1,30,,12667,31,,,1,70,,12668,31,,,1,30,,12680,31,,,1,70,,12669,31,,,1,31,,12681,31,,,1,70,,12670,31,,,1,30,,12682,31,,,1,70,,12671,31,,,1,31,,12683,31,,,1,70,,12672,31,,,1,30,,12684,31,,,1,70,,12673,31,,,1,30,,12685,31,,,1,70,,12674,31,,,1,30,,12686,31,,,1,70,,12675,31,,,1,30,,12687,31,,,1,70,,12676,31,,,1,29,,12688,31,,,1,70,,12677,31,,,1,30,,12689,31,,,1,70,,12678,31,,,1,30,,12690,31,,,1,69,,12693,31,,,1,31,,12691,31,,,1,99,,12692,31,,,1
8000,'CCFWK',624,,12694,31,,,1,30,,12695,31,,,1,71,,12696,31,,,1,31,,12697,31,,,1,70,,12698,31,,,1,30,,12699,31,,,1,69,,12700,31,,,1,30,,12701,31,,,1,70,,12702,31,,,1,31,,12703,31,,,1,70,,12704,31,,,1,30,,12705,31,,,1,70,,12706,31,,,1,31,,12707,31,,,1,70,,12708,31,,,1,31,,12709,31,,,1,70,,12710,31,,,1,30,,12711,31,,,1,74,,12712,31,,,1,73,,12713,31,,,1,27,,12714,31,,,1,69,,12715,31,,,1,29,,12716,31,,,1,26,,12717,31,,,1,69,,12718,31,,,1,30,,12719,31,,,1,69,,12720,31,,,1,29,,12721,31,,,1,70,,12722,31,,,1,30,,12723,31,,,1,69,,12724,31,,,1
8000,'CCFFF',624,,12725,31,,,1,30,,12726,31,,,1,71,,12727,31,,,1,31,,12728,31,,,1,70,,12729,31,,,1,30,,12730,31,,,1,69,,12731,31,,,1,30,,12732,31,,,1,70,,12733,31,,,1,31,,12734,31,,,1,70,,12735,31,,,1,30,,12736,31,,,1,70,,12737,31,,,1,31,,12738,31,,,1,70,,12739,31,,,1,31,,12740,31,,,1,70,,12741,31,,,1,30,,12742,31,,,1,74,,12743,31,,,1,73,,12744,31,,,1,27,,12745,31,,,1,69,,12746,31,,,1,29,,12747,31,,,1,26,,12748,31,,,1,69,,12749,31,,,1,30,,12750,31,,,1,69,,12751,31,,,1,29,,12752,31,,,1,70,,12753,31,,,1,30,,12754,31,,,1,69,,12755,31,,,1
8000,'CCFSAT',723,,12769,31,,,1,100,,12756,31,,,1,30,,12757,31,,,1,70,,12758,31,,,1,30,,12770,31,,,1,70,,12759,31,,,1,31,,12771,31,,,1,70,,12760,31,,,1,30,,12772,31,,,1,70,,12761,31,,,1,31,,12773,31,,,1,70,,12762,31,,,1,30,,12774,31,,,1,70,,12763,31,,,1,30,,12775,31,,,1,70,,12764,31,,,1,30,,12776,31,,,1,70,,12765,31,,,1,30,,12777,31,,,1,70,,12766,31,,,1,29,,12778,31,,,1,70,,12767,31,,,1,30,,12779,31,,,1,70,,12768,31,,,1,30,,12780,31,,,1,69,,12783,31,,,1,31,,12781,31,,,1,100,,12782,31,,,1
8000,'CCFSUN',723,,12797,31,,,1,100,,12784,31,,,1,30,,12785,31,,,1,70,,12786,31,,,1,30,,12798,31,,,1,70,,12787,31,,,1,31,,12799,31,,,1,70,,12788,31,,,1,30,,12800,31,,,1,70,,12789,31,,,1,31,,12801,31,,,1,70,,12790,31,,,1,30,,12802,31,,,1,70,,12791,31,,,1,30,,12803,31,,,1,70,,12792,31,,,1,30,,12804,31,,,1,70,,12793,31,,,1,30,,12805,31,,,1,70,,12794,31,,,1,29,,12806,31,,,1,70,,12795,31,,,1,30,,12807,31,,,1,70,,12796,31,,,1,30,,12808,31,,,1,70,,12811,31,,,1,30,,12809,31,,,1,99,,12810,31,,,1
