3000,'WKDY',523,,5898,15,,,1,96,,5899,33,,,1,30,,5900,33,,,1,63,,5901,33,,,1,39,,5902,33,,,1,70,,5903,33,,,1,29,,5904,33,,,1,69,,5905,33,,,1,30,,5906,33,,,1,69,,5907,33,,,1,29,,5908,33,,,1,72,,5909,33,,,1,30,,5910,33,,,1,70,,5911,33,,,1,31,,5912,33,,,1,71,,5913,33,,,1,30,,5914,33,,,1,69,,5915,33,,,1,32,,5916,33,,,1,72,,5917,33,,,1,30,,5918,33,,,1,72,,5919,33,,,1,29,,5920,33,,,1,69,,5921,33,,,1,28,,5922,33,,,1,66,,5923,33,,,1,30,,5924,33,,,1,67,,5925,33,,,1,28,,5926,33,,,1,69,,5927,33,,,1,30,,5928,33,,,1,68,,5929,33,,,1,96,,5930,33,,,1
3000,'SAT',702,,5931,33,,,1,100,,5932,33,,,1,33,,5933,33,,,1,72,,5934,33,,,1,31,,5935,33,,,1,71,,5936,33,,,1,30,,5937,33,,,1,71,,5938,33,,,1,31,,5939,33,,,1,72,,5940,33,,,1,30,,5941,33,,,1,71,,5942,33,,,1,30,,5943,33,,,1,70,,5944,33,,,1,29,,5945,33,,,1,70,,5946,33,,,1,30,,5947,33,,,1,70,,5948,33,,,1,30,,5949,33,,,1,70,,5950,33,,,1,29,,5951,33,,,1,68,,5952,33,,,1,99,,5953,33,,,1,98,,5954,33,,,1,100,,5955,33,,,1
3000,'SUN',702,,5956,33,,,1,100,,5957,33,,,1,105,,5958,33,,,1,102,,5959,33,,,1,101,,5960,33,,,1,103,,5961,33,,,1,101,,5962,33,,,1,100,,5963,33,,,1,99,,5964,33,,,1,100,,5965,33,,,1,100,,5966,33,,,1,97,,5967,33,,,1,99,,5968,33,,,1,98,,5969,33,,,1,100,,5970,33,,,1
3000,'CCFWK',523,,5971,15,,,1,96,,5972,33,,,1,30,,5973,33,,,1,63,,5974,33,,,1,39,,5975,33,,,1,70,,5976,33,,,1,29,,5977,33,,,1,69,,5978,33,,,1,30,,5979,33,,,1,69,,5980,33,,,1,29,,5981,33,,,1,72,,5982,33,,,1,30,,5983,33,,,1,70,,5984,33,,,1,31,,5985,33,,,1,71,,5986,33,,,1,30,,5987,33,,,1,69,,5988,33,,,1,32,,5989,33,,,1,72,,5990,33,,,1,30,,5991,33,,,1,72,,5992,33,,,1,29,,5993,33,,,1,69,,5994,33,,,1,28,,5995,33,,,1,66,,5996,33,,,1,30,,5997,33,,,1,67,,5998,33,,,1,28,,5999,33,,,1,69,,6000,33,,,1,30,,6001,33,,,1,68,,6002,33,,,1,96,,6003,33,,,1
3000,'CCFFF',523,,6004,15,,,1,96,,6005,33,,,1,30,,6006,33,,,1,63,,6007,33,,,1,39,,6008,33,,,1,70,,6009,33,,,1,29,,6010,33,,,1,69,,6011,33,,,1,30,,6012,33,,,1,69,,6013,33,,,1,29,,6014,33,,,1,72,,6015,33,,,1,30,,6016,33,,,1,70,,6017,33,,,1,31,,6018,33,,,1,71,,6019,33,,,1,30,,6020,33,,,1,69,,6021,33,,,1,32,,6022,33,,,1,72,,6023,33,,,1,30,,6024,33,,,1,72,,6025,33,,,1,29,,6026,33,,,1,69,,6027,33,,,1,28,,6028,33,,,1,66,,6029,33,,,1,30,,6030,33,,,1,67,,6031,33,,,1,28,,6032,33,,,1,69,,6033,33,,,1,30,,6034,33,,,1,68,,6035,33,,,1,96,,6036,33,,,1
3000,'CCFSAT',702,,6037,33,,,1,100,,6038,33,,,1,33,,6039,33,,,1,72,,6040,33,,,1,31,,6041,33,,,1,71,,6042,33,,,1,30,,6043,33,,,1,71,,6044,33,,,1,31,,6045,33,,,1,72,,6046,33,,,1,30,,6047,33,,,1,71,,6048,33,,,1,30,,6049,33,,,1,70,,6050,33,,,1,29,,6051,33,,,1,70,,6052,33,,,1,30,,6053,33,,,1,70,,6054,33,,,1,30,,6055,33,,,1,70,,6056,33,,,1,29,,6057,33,,,1,68,,6058,33,,,1,99,,6059,33,,,1,98,,6060,33,,,1,100,,6061,33,,,1
3000,'CCFSUN',702,,6062,33,,,1,100,,6063,33,,,1,105,,6064,33,,,1,102,,6065,33,,,1,101,,6066,33,,,1,103,,6067,33,,,1,101,,6068,33,,,1,100,,6069,33,,,1,99,,6070,33,,,1,100,,6071,33,,,1,100,,6072,33,,,1,97,,6073,33,,,1,99,,6074,33,,,1,98,,6075,33,,,1,100,,6076,33,,,1
8001,'WKDY',534,,12399,16,,,1,70,,12430,16,,,1,30,,12400,16,,,1,70,,12401,16,,,1,32,,12402,16,,,1,70,,12403,16,,,1,29,,12404,16,,,1,70,,12405,16,,,1,30,,12406,16,,,1,70,,12407,16,,,1,30,,12408,16,,,1,70,,12409,16,,,1,30,,12410,16,,,1,70,,12411,16,,,1,30,,12412,16,,,1,70,,12413,16,,,1,31,,12414,16,,,1,70,,12415,16,,,1,30,,12416,16,,,1,71,,12417,16,,,1,30,,12418,16,,,1,71,,12419,16,,,1,30,,12420,16,,,1,65,,12421,16,,,1,30,,12422,16,,,1,70,,12423,16,,,1,30,,12424,16,,,1,71,,12425,16,,,1,30,,12426,16,,,1,70,,12427,16,,,1,30,,12428,16,,,1,70,,12429,16,,,1
8001,'SAT',634,,12443,16,,,1,100,,12431,16,,,1,70,,12432,16,,,1,30,,12433,16,,,1,70,,12444,16,,,1,30,,12434,16,,,1,70,,12445,16,,,1,31,,12435,16,,,1,70,,12446,16,,,1,30,,12436,16,,,1,71,,12447,16,,,1,30,,12437,16,,,1,70,,12448,16,,,1,30,,12438,16,,,1,70,,12449,16,,,1,30,,12439,16,,,1,70,,12450,16,,,1,30,,12440,16,,,1,70,,12451,16,,,1,30,,12441,16,,,1,70,,12452,16,,,1,30,,12442,16,,,1,70,,12453,16,,,1,29,,12454,16,,,1,69,,12455,16,,,1,30,,12456,16,,,1,70,,12457,16,,,1,100,,12458,16,,,1
8001,'SUN',634,,12472,16,,,1,100,,12459,16,,,1,70,,12460,16,,,1,30,,12461,16,,,1,70,,12473,16,,,1,30,,12462,16,,,1,70,,12474,16,,,1,31,,12463,16,,,1,70,,12475,16,,,1,30,,12464,16,,,1,71,,12476,16,,,1,30,,12465,16,,,1,70,,12477,16,,,1,30,,12466,16,,,1,70,,12478,16,,,1,30,,12467,16,,,1,70,,12479,16,,,1,30,,12468,16,,,1,70,,12480,16,,,1,30,,12469,16,,,1,70,,12481,16,,,1,30,,12470,16,,,1,70,,12482,16,,,1,29,,12471,16,,,1,69,,12483,16,,,1,30,,12485,16,,,1,70,,12484,16,,,1,100,,12486,16,,,1
8001,'CCFWK',534,,12487,16,,,1,70,,12518,16,,,1,30,,12488,16,,,1,70,,12489,16,,,1,32,,12490,16,,,1,70,,12491,16,,,1,29,,12492,16,,,1,70,,12493,16,,,1,30,,12494,16,,,1,70,,12495,16,,,1,30,,12496,16,,,1,70,,12497,16,,,1,30,,12498,16,,,1,70,,12499,16,,,1,30,,12500,16,,,1,70,,12501,16,,,1,31,,12502,16,,,1,70,,12503,16,,,1,30,,12504,16,,,1,71,,12505,16,,,1,30,,12506,16,,,1,71,,12507,16,,,1,30,,12508,16,,,1,65,,12509,16,,,1,30,,12510,16,,,1,70,,12511,16,,,1,30,,12512,16,,,1,71,,12513,16,,,1,30,,12514,16,,,1,70,,12515,16,,,1,30,,12516,16,,,1,70,,12517,16,,,1
8001,'CCFFF',534,,12519,16,,,1,70,,12550,16,,,1,30,,12520,16,,,1,70,,12521,16,,,1,32,,12522,16,,,1,70,,12523,16,,,1,29,,12524,16,,,1,70,,12525,16,,,1,30,,12526,16,,,1,70,,12527,16,,,1,30,,12528,16,,,1,70,,12529,16,,,1,30,,12530,16,,,1,70,,12531,16,,,1,30,,12532,16,,,1,70,,12533,16,,,1,31,,12534,16,,,1,70,,12535,16,,,1,30,,12536,16,,,1,71,,12537,16,,,1,30,,12538,16,,,1,71,,12539,16,,,1,30,,12540,16,,,1,65,,12541,16,,,1,30,,12542,16,,,1,70,,12543,16,,,1,30,,12544,16,,,1,71,,12545,16,,,1,30,,12546,16,,,1,70,,12547,16,,,1,30,,12548,16,,,1,70,,12549,16,,,1
8001,'CCFSAT',634,,12563,16,,,1,100,,12551,16,,,1,70,,12552,16,,,1,30,,12553,16,,,1,70,,12564,16,,,1,30,,12554,16,,,1,70,,12565,16,,,1,31,,12555,16,,,1,70,,12566,16,,,1,30,,12556,16,,,1,71,,12567,16,,,1,30,,12557,16,,,1,70,,12568,16,,,1,30,,12558,16,,,1,70,,12569,16,,,1,30,,12559,16,,,1,70,,12570,16,,,1,30,,12560,16,,,1,70,,12571,16,,,1,30,,12561,16,,,1,70,,12572,16,,,1,30,,12562,16,,,1,70,,12573,16,,,1,29,,12574,16,,,1,69,,12575,16,,,1,30,,12576,16,,,1,70,,12577,16,,,1,100,,12578,16,,,1
8001,'CCFSUN',634,,12592,16,,,1,100,,12579,16,,,1,70,,12580,16,,,1,30,,12581,16,,,1,70,,12593,16,,,1,30,,12582,16,,,1,70,,12594,16,,,1,31,,12583,16,,,1,70,,12595,16,,,1,30,,12584,16,,,1,71,,12596,16,,,1,30,,12585,16,,,1,70,,12597,16,,,1,30,,12586,16,,,1,70,,12598,16,,,1,30,,12587,16,,,1,70,,12599,16,,,1,30,,12588,16,,,1,70,,12600,16,,,1,30,,12589,16,,,1,70,,12601,16,,,1,30,,12590,16,,,1,70,,12602,16,,,1,29,,12591,16,,,1,69,,12603,16,,,1,30,,12605,16,,,1,70,,12604,16,,,1,100,,12606,16,,,1
