3000,'WKDY',522,,5898,14,,,1,96,,5899,32,,,1,30,,5900,32,,,1,63,,5901,32,,,1,39,,5902,32,,,1,70,,5903,32,,,1,29,,5904,32,,,1,69,,5905,32,,,1,30,,5906,32,,,1,69,,5907,32,,,1,29,,5908,32,,,1,72,,5909,32,,,1,30,,5910,32,,,1,70,,5911,32,,,1,31,,5912,32,,,1,71,,5913,32,,,1,30,,5914,32,,,1,69,,5915,32,,,1,32,,5916,32,,,1,72,,5917,32,,,1,30,,5918,32,,,1,72,,5919,32,,,1,29,,5920,32,,,1,69,,5921,32,,,1,28,,5922,32,,,1,66,,5923,32,,,1,30,,5924,32,,,1,67,,5925,32,,,1,28,,5926,32,,,1,69,,5927,32,,,1,30,,5928,32,,,1,68,,5929,32,,,1,96,,5930,32,,,1
3000,'SAT',701,,5931,32,,,1,100,,5932,32,,,1,33,,5933,32,,,1,72,,5934,32,,,1,31,,5935,32,,,1,71,,5936,32,,,1,30,,5937,32,,,1,71,,5938,32,,,1,31,,5939,32,,,1,72,,5940,32,,,1,30,,5941,32,,,1,71,,5942,32,,,1,30,,5943,32,,,1,70,,5944,32,,,1,29,,5945,32,,,1,70,,5946,32,,,1,30,,5947,32,,,1,70,,5948,32,,,1,30,,5949,32,,,1,70,,5950,32,,,1,29,,5951,32,,,1,68,,5952,32,,,1,99,,5953,32,,,1,98,,5954,32,,,1,100,,5955,32,,,1
3000,'SUN',701,,5956,32,,,1,100,,5957,32,,,1,105,,5958,32,,,1,102,,5959,32,,,1,101,,5960,32,,,1,103,,5961,32,,,1,101,,5962,32,,,1,100,,5963,32,,,1,99,,5964,32,,,1,100,,5965,32,,,1,100,,5966,32,,,1,97,,5967,32,,,1,99,,5968,32,,,1,98,,5969,32,,,1,100,,5970,32,,,1
3000,'CCFWK',522,,5971,14,,,1,96,,5972,32,,,1,30,,5973,32,,,1,63,,5974,32,,,1,39,,5975,32,,,1,70,,5976,32,,,1,29,,5977,32,,,1,69,,5978,32,,,1,30,,5979,32,,,1,69,,5980,32,,,1,29,,5981,32,,,1,72,,5982,32,,,1,30,,5983,32,,,1,70,,5984,32,,,1,31,,5985,32,,,1,71,,5986,32,,,1,30,,5987,32,,,1,69,,5988,32,,,1,32,,5989,32,,,1,72,,5990,32,,,1,30,,5991,32,,,1,72,,5992,32,,,1,29,,5993,32,,,1,69,,5994,32,,,1,28,,5995,32,,,1,66,,5996,32,,,1,30,,5997,32,,,1,67,,5998,32,,,1,28,,5999,32,,,1,69,,6000,32,,,1,30,,6001,32,,,1,68,,6002,32,,,1,96,,6003,32,,,1
3000,'CCFFF',522,,6004,14,,,1,96,,6005,32,,,1,30,,6006,32,,,1,63,,6007,32,,,1,39,,6008,32,,,1,70,,6009,32,,,1,29,,6010,32,,,1,69,,6011,32,,,1,30,,6012,32,,,1,69,,6013,32,,,1,29,,6014,32,,,1,72,,6015,32,,,1,30,,6016,32,,,1,70,,6017,32,,,1,31,,6018,32,,,1,71,,6019,32,,,1,30,,6020,32,,,1,69,,6021,32,,,1,32,,6022,32,,,1,72,,6023,32,,,1,30,,6024,32,,,1,72,,6025,32,,,1,29,,6026,32,,,1,69,,6027,32,,,1,28,,6028,32,,,1,66,,6029,32,,,1,30,,6030,32,,,1,67,,6031,32,,,1,28,,6032,32,,,1,69,,6033,32,,,1,30,,6034,32,,,1,68,,6035,32,,,1,96,,6036,32,,,1
3000,'CCFSAT',701,,6037,32,,,1,100,,6038,32,,,1,33,,6039,32,,,1,72,,6040,32,,,1,31,,6041,32,,,1,71,,6042,32,,,1,30,,6043,32,,,1,71,,6044,32,,,1,31,,6045,32,,,1,72,,6046,32,,,1,30,,6047,32,,,1,71,,6048,32,,,1,30,,6049,32,,,1,70,,6050,32,,,1,29,,6051,32,,,1,70,,6052,32,,,1,30,,6053,32,,,1,70,,6054,32,,,1,30,,6055,32,,,1,70,,6056,32,,,1,29,,6057,32,,,1,68,,6058,32,,,1,99,,6059,32,,,1,98,,6060,32,,,1,100,,6061,32,,,1
3000,'CCFSUN',701,,6062,32,,,1,100,,6063,32,,,1,105,,6064,32,,,1,102,,6065,32,,,1,101,,6066,32,,,1,103,,6067,32,,,1,101,,6068,32,,,1,100,,6069,32,,,1,99,,6070,32,,,1,100,,6071,32,,,1,100,,6072,32,,,1,97,,6073,32,,,1,99,,6074,32,,,1,98,,6075,32,,,1,100,,6076,32,,,1
8001,'WKDY',533,,12399,15,,,1,70,,12430,15,,,1,30,,12400,15,,,1,70,,12401,15,,,1,32,,12402,15,,,1,70,,12403,15,,,1,29,,12404,15,,,1,70,,12405,15,,,1,30,,12406,15,,,1,70,,12407,15,,,1,30,,12408,15,,,1,70,,12409,15,,,1,30,,12410,15,,,1,70,,12411,15,,,1,30,,12412,15,,,1,70,,12413,15,,,1,31,,12414,15,,,1,70,,12415,15,,,1,30,,12416,15,,,1,71,,12417,15,,,1,30,,12418,15,,,1,71,,12419,15,,,1,30,,12420,15,,,1,65,,12421,15,,,1,30,,12422,15,,,1,70,,12423,15,,,1,30,,12424,15,,,1,71,,12425,15,,,1,30,,12426,15,,,1,70,,12427,15,,,1,30,,12428,15,,,1,70,,12429,15,,,1
8001,'SAT',633,,12443,15,,,1,100,,12431,15,,,1,70,,12432,15,,,1,30,,12433,15,,,1,70,,12444,15,,,1,30,,12434,15,,,1,70,,12445,15,,,1,31,,12435,15,,,1,70,,12446,15,,,1,30,,12436,15,,,1,71,,12447,15,,,1,30,,12437,15,,,1,70,,12448,15,,,1,30,,12438,15,,,1,70,,12449,15,,,1,30,,12439,15,,,1,70,,12450,15,,,1,30,,12440,15,,,1,70,,12451,15,,,1,30,,12441,15,,,1,70,,12452,15,,,1,30,,12442,15,,,1,70,,12453,15,,,1,29,,12454,15,,,1,69,,12455,15,,,1,30,,12456,15,,,1,70,,12457,15,,,1,100,,12458,15,,,1
8001,'SUN',633,,12472,15,,,1,100,,12459,15,,,1,70,,12460,15,,,1,30,,12461,15,,,1,70,,12473,15,,,1,30,,12462,15,,,1,70,,12474,15,,,1,31,,12463,15,,,1,70,,12475,15,,,1,30,,12464,15,,,1,71,,12476,15,,,1,30,,12465,15,,,1,70,,12477,15,,,1,30,,12466,15,,,1,70,,12478,15,,,1,30,,12467,15,,,1,70,,12479,15,,,1,30,,12468,15,,,1,70,,12480,15,,,1,30,,12469,15,,,1,70,,12481,15,,,1,30,,12470,15,,,1,70,,12482,15,,,1,29,,12471,15,,,1,69,,12483,15,,,1,30,,12485,15,,,1,70,,12484,15,,,1,100,,12486,15,,,1
8001,'CCFWK',533,,12487,15,,,1,70,,12518,15,,,1,30,,12488,15,,,1,70,,12489,15,,,1,32,,12490,15,,,1,70,,12491,15,,,1,29,,12492,15,,,1,70,,12493,15,,,1,30,,12494,15,,,1,70,,12495,15,,,1,30,,12496,15,,,1,70,,12497,15,,,1,30,,12498,15,,,1,70,,12499,15,,,1,30,,12500,15,,,1,70,,12501,15,,,1,31,,12502,15,,,1,70,,12503,15,,,1,30,,12504,15,,,1,71,,12505,15,,,1,30,,12506,15,,,1,71,,12507,15,,,1,30,,12508,15,,,1,65,,12509,15,,,1,30,,12510,15,,,1,70,,12511,15,,,1,30,,12512,15,,,1,71,,12513,15,,,1,30,,12514,15,,,1,70,,12515,15,,,1,30,,12516,15,,,1,70,,12517,15,,,1
8001,'CCFFF',533,,12519,15,,,1,70,,12550,15,,,1,30,,12520,15,,,1,70,,12521,15,,,1,32,,12522,15,,,1,70,,12523,15,,,1,29,,12524,15,,,1,70,,12525,15,,,1,30,,12526,15,,,1,70,,12527,15,,,1,30,,12528,15,,,1,70,,12529,15,,,1,30,,12530,15,,,1,70,,12531,15,,,1,30,,12532,15,,,1,70,,12533,15,,,1,31,,12534,15,,,1,70,,12535,15,,,1,30,,12536,15,,,1,71,,12537,15,,,1,30,,12538,15,,,1,71,,12539,15,,,1,30,,12540,15,,,1,65,,12541,15,,,1,30,,12542,15,,,1,70,,12543,15,,,1,30,,12544,15,,,1,71,,12545,15,,,1,30,,12546,15,,,1,70,,12547,15,,,1,30,,12548,15,,,1,70,,12549,15,,,1
8001,'CCFSAT',633,,12563,15,,,1,100,,12551,15,,,1,70,,12552,15,,,1,30,,12553,15,,,1,70,,12564,15,,,1,30,,12554,15,,,1,70,,12565,15,,,1,31,,12555,15,,,1,70,,12566,15,,,1,30,,12556,15,,,1,71,,12567,15,,,1,30,,12557,15,,,1,70,,12568,15,,,1,30,,12558,15,,,1,70,,12569,15,,,1,30,,12559,15,,,1,70,,12570,15,,,1,30,,12560,15,,,1,70,,12571,15,,,1,30,,12561,15,,,1,70,,12572,15,,,1,30,,12562,15,,,1,70,,12573,15,,,1,29,,12574,15,,,1,69,,12575,15,,,1,30,,12576,15,,,1,70,,12577,15,,,1,100,,12578,15,,,1
8001,'CCFSUN',633,,12592,15,,,1,100,,12579,15,,,1,70,,12580,15,,,1,30,,12581,15,,,1,70,,12593,15,,,1,30,,12582,15,,,1,70,,12594,15,,,1,31,,12583,15,,,1,70,,12595,15,,,1,30,,12584,15,,,1,71,,12596,15,,,1,30,,12585,15,,,1,70,,12597,15,,,1,30,,12586,15,,,1,70,,12598,15,,,1,30,,12587,15,,,1,70,,12599,15,,,1,30,,12588,15,,,1,70,,12600,15,,,1,30,,12589,15,,,1,70,,12601,15,,,1,30,,12590,15,,,1,70,,12602,15,,,1,29,,12591,15,,,1,69,,12603,15,,,1,30,,12605,15,,,1,70,,12604,15,,,1,100,,12606,15,,,1
