10500,'WKDY',736,,13121,8,,,1
10500,'CCFWK',736,,13142,8,,,1
10500,'CCFFF',736,,13163,8,,,1
10501,'WKDY',537,,13181,2,,,1,80,,13182,2,,,1,86,,13183,2,,,1,45,,13184,2,,,1,81,,13185,2,,,1,89,,13186,2,,,1,27,,13187,2,,,1,97,,13188,2,,,1,99,,13189,2,,,1
10501,'CCFWK',537,,13201,2,,,1,80,,13202,2,,,1,86,,13203,2,,,1,45,,13204,2,,,1,81,,13205,2,,,1,89,,13206,2,,,1,27,,13207,2,,,1,97,,13208,2,,,1,99,,13209,2,,,1
10501,'CCFFF',537,,13221,2,,,1,80,,13222,2,,,1,86,,13223,2,,,1,45,,13224,2,,,1,81,,13225,2,,,1,89,,13226,2,,,1,27,,13227,2,,,1,97,,13228,2,,,1,99,,13229,2,,,1
10601,'WKDY',551,,13253,5,,,1,83,,13254,5,,,1,83,,13255,5,,,1,86,,13256,5,,,1,38,,13257,5,,,1
10601,'CCFWK',551,,13258,5,,,1,83,,13259,5,,,1,83,,13260,5,,,1,86,,13261,5,,,1,38,,13262,5,,,1
10601,'CCFFF',551,,13263,5,,,1,83,,13264,5,,,1,83,,13265,5,,,1,86,,13266,5,,,1,38,,13267,5,,,1
16400,'WKDY',520,,13268,3,,,1,101,,13269,3,,,1,86,,13271,3,,,1,46,,13273,3,,,1,62,,13274,3,,,1
16400,'CCFWK',520,,13289,3,,,1,101,,13290,3,,,1,86,,13292,3,,,1,46,,13294,3,,,1,62,,13295,3,,,1
16400,'CCFFF',520,,13310,3,,,1,101,,13311,3,,,1,86,,13313,3,,,1,46,,13315,3,,,1,62,,13316,3,,,1
16401,'WKDY',551,,13350,2,,,1,92,,13331,2,,,1,84,,13332,2,,,1,106,,13333,2,,,1,93,,13334,2,,,1,97,,13335,2,,,1,100,,13336,2,,,1
16401,'CCFWK',551,,13372,2,,,1,92,,13353,2,,,1,84,,13354,2,,,1,106,,13355,2,,,1,93,,13356,2,,,1,97,,13357,2,,,1,100,,13358,2,,,1
16401,'CCFFF',551,,13394,2,,,1,92,,13375,2,,,1,84,,13376,2,,,1,106,,13377,2,,,1,93,,13378,2,,,1,97,,13379,2,,,1,100,,13380,2,,,1
