1200,'WKDY',552,,4878,25,,,1,70,,4879,25,,,1,31,,4880,25,,,1,70,,4881,25,,,1,30,,4882,25,,,1,70,,4883,25,,,1,30,,4884,25,,,1,70,,4885,25,,,1,30,,4886,25,,,1,70,,4887,25,,,1,30,,4888,25,,,1,70,,4889,25,,,1,32,,4890,25,,,1,70,,4891,25,,,1,30,,4892,25,,,1,70,,4893,25,,,1,30,,4894,25,,,1,70,,4895,25,,,1,31,,4896,25,,,1,70,,4897,25,,,1,30,,4898,25,,,1,70,,4899,25,,,1,30,,4900,25,,,1,70,,4901,25,,,1,30,,4902,25,,,1,70,,4903,25,,,1,29,,4904,25,,,1,70,,4905,25,,,1,30,,4906,25,,,1,68,,4907,25,,,1,27,,4908,25,,,1,70,,4909,25,,,1
1200,'SAT',642,,4910,25,,,1,100,,4911,25,,,1,100,,4912,25,,,1,102,,4913,25,,,1,100,,4914,25,,,1,101,,4915,25,,,1,100,,4916,25,,,1,100,,4917,25,,,1,100,,4918,25,,,1,100,,4919,25,,,1,100,,4920,25,,,1,99,,4921,25,,,1,100,,4922,25,,,1,98,,4923,25,,,1,100,,4924,25,,,1,100,,4925,25,,,1
1200,'SUN',642,,4926,25,,,1,100,,4927,25,,,1,100,,4928,25,,,1,102,,4929,25,,,1,100,,4930,25,,,1,101,,4931,25,,,1,100,,4932,25,,,1,100,,4933,25,,,1,100,,4934,25,,,1,100,,4935,25,,,1,100,,4936,25,,,1,99,,4937,25,,,1,100,,4938,25,,,1,98,,4939,25,,,1,100,,4940,25,,,1,100,,4941,25,,,1
1200,'CCFWK',552,,4942,25,,,1,70,,4943,25,,,1,31,,4944,25,,,1,70,,4945,25,,,1,30,,4946,25,,,1,70,,4947,25,,,1,30,,4948,25,,,1,70,,4949,25,,,1,30,,4950,25,,,1,70,,4951,25,,,1,30,,4952,25,,,1,70,,4953,25,,,1,32,,4954,25,,,1,70,,4955,25,,,1,30,,4956,25,,,1,70,,4957,25,,,1,30,,4958,25,,,1,70,,4959,25,,,1,31,,4960,25,,,1,70,,4961,25,,,1,30,,4962,25,,,1,70,,4963,25,,,1,30,,4964,25,,,1,70,,4965,25,,,1,30,,4966,25,,,1,70,,4967,25,,,1,29,,4968,25,,,1,70,,4969,25,,,1,30,,4970,25,,,1,68,,4971,25,,,1,27,,4972,25,,,1,70,,4973,25,,,1
1200,'CCFFF',552,,4974,25,,,1,70,,4975,25,,,1,31,,4976,25,,,1,70,,4977,25,,,1,30,,4978,25,,,1,70,,4979,25,,,1,30,,4980,25,,,1,70,,4981,25,,,1,30,,4982,25,,,1,70,,4983,25,,,1,30,,4984,25,,,1,70,,4985,25,,,1,32,,4986,25,,,1,70,,4987,25,,,1,30,,4988,25,,,1,70,,4989,25,,,1,30,,4990,25,,,1,70,,4991,25,,,1,31,,4992,25,,,1,70,,4993,25,,,1,30,,4994,25,,,1,70,,4995,25,,,1,30,,4996,25,,,1,70,,4997,25,,,1,30,,4998,25,,,1,70,,4999,25,,,1,29,,5000,25,,,1,70,,5001,25,,,1,30,,5002,25,,,1,68,,5003,25,,,1,27,,5004,25,,,1,70,,5005,25,,,1
1200,'CCFSAT',642,,5006,25,,,1,100,,5007,25,,,1,100,,5008,25,,,1,102,,5009,25,,,1,100,,5010,25,,,1,101,,5011,25,,,1,100,,5012,25,,,1,100,,5013,25,,,1,100,,5014,25,,,1,100,,5015,25,,,1,100,,5016,25,,,1,99,,5017,25,,,1,100,,5018,25,,,1,98,,5019,25,,,1,100,,5020,25,,,1,100,,5021,25,,,1
1200,'CCFSUN',642,,5022,25,,,1,100,,5023,25,,,1,100,,5024,25,,,1,102,,5025,25,,,1,100,,5026,25,,,1,101,,5027,25,,,1,100,,5028,25,,,1,100,,5029,25,,,1,100,,5030,25,,,1,100,,5031,25,,,1,100,,5032,25,,,1,99,,5033,25,,,1,100,,5034,25,,,1,98,,5035,25,,,1,100,,5036,25,,,1,100,,5037,25,,,1
3000,'WKDY',538,,5898,32,,,1,96,,5899,50,,,1,70,,5900,50,,,1,25,,5901,50,,,1,78,,5902,50,,,1,30,,5903,50,,,1,69,,5904,50,,,1,30,,5905,50,,,1,71,,5906,50,,,1,29,,5907,50,,,1,69,,5908,50,,,1,33,,5909,50,,,1,70,,5910,50,,,1,30,,5911,50,,,1,71,,5912,50,,,1,31,,5913,50,,,1,70,,5914,50,,,1,28,,5915,50,,,1,72,,5916,50,,,1,34,,5917,50,,,1,70,,5918,50,,,1,31,,5919,50,,,1,69,,5920,50,,,1,29,,5921,50,,,1,67,,5922,50,,,1,25,,5923,50,,,1,69,,5924,50,,,1,27,,5925,50,,,1,28,,5926,50,,,1,69,,5927,50,,,1,29,,5928,50,,,1,67,,5929,50,,,1,96,,5930,50,,,1
3000,'SAT',716,,5931,50,,,1,100,,5932,50,,,1,34,,5933,50,,,1,72,,5934,50,,,1,31,,5935,50,,,1,72,,5936,50,,,1,31,,5937,50,,,1,71,,5938,50,,,1,31,,5939,50,,,1,72,,5940,50,,,1,70,,5941,50,,,1,31,,5942,50,,,1,70,,5943,50,,,1,30,,5944,50,,,1,69,,5945,50,,,1,30,,5946,50,,,1,70,,5947,50,,,1,30,,5948,50,,,1,70,,5949,50,,,1,29,,5950,50,,,1,28,,5951,50,,,1,68,,5952,50,,,1,99,,5953,50,,,1,98,,5954,50,,,1,100,,5955,50,,,1
3000,'SUN',714,,5956,50,,,1,100,,5957,50,,,1,106,,5958,50,,,1,105,,5959,50,,,1,101,,5960,50,,,1,102,,5961,50,,,1,101,,5962,50,,,1,100,,5963,50,,,1,99,,5964,50,,,1,100,,5965,50,,,1,100,,5966,50,,,1,96,,5967,50,,,1,99,,5968,50,,,1,98,,5969,50,,,1,100,,5970,50,,,1
3000,'CCFWK',538,,5971,32,,,1,96,,5972,50,,,1,70,,5973,50,,,1,25,,5974,50,,,1,78,,5975,50,,,1,30,,5976,50,,,1,69,,5977,50,,,1,30,,5978,50,,,1,71,,5979,50,,,1,29,,5980,50,,,1,69,,5981,50,,,1,33,,5982,50,,,1,70,,5983,50,,,1,30,,5984,50,,,1,71,,5985,50,,,1,31,,5986,50,,,1,70,,5987,50,,,1,28,,5988,50,,,1,72,,5989,50,,,1,34,,5990,50,,,1,70,,5991,50,,,1,31,,5992,50,,,1,69,,5993,50,,,1,29,,5994,50,,,1,67,,5995,50,,,1,25,,5996,50,,,1,69,,5997,50,,,1,27,,5998,50,,,1,28,,5999,50,,,1,69,,6000,50,,,1,29,,6001,50,,,1,67,,6002,50,,,1,96,,6003,50,,,1
3000,'CCFFF',538,,6004,32,,,1,96,,6005,50,,,1,70,,6006,50,,,1,25,,6007,50,,,1,78,,6008,50,,,1,30,,6009,50,,,1,69,,6010,50,,,1,30,,6011,50,,,1,71,,6012,50,,,1,29,,6013,50,,,1,69,,6014,50,,,1,33,,6015,50,,,1,70,,6016,50,,,1,30,,6017,50,,,1,71,,6018,50,,,1,31,,6019,50,,,1,70,,6020,50,,,1,28,,6021,50,,,1,72,,6022,50,,,1,34,,6023,50,,,1,70,,6024,50,,,1,31,,6025,50,,,1,69,,6026,50,,,1,29,,6027,50,,,1,67,,6028,50,,,1,25,,6029,50,,,1,69,,6030,50,,,1,27,,6031,50,,,1,28,,6032,50,,,1,69,,6033,50,,,1,29,,6034,50,,,1,67,,6035,50,,,1,96,,6036,50,,,1
3000,'CCFSAT',716,,6037,50,,,1,100,,6038,50,,,1,34,,6039,50,,,1,72,,6040,50,,,1,31,,6041,50,,,1,72,,6042,50,,,1,31,,6043,50,,,1,71,,6044,50,,,1,31,,6045,50,,,1,72,,6046,50,,,1,70,,6047,50,,,1,31,,6048,50,,,1,70,,6049,50,,,1,30,,6050,50,,,1,69,,6051,50,,,1,30,,6052,50,,,1,70,,6053,50,,,1,30,,6054,50,,,1,70,,6055,50,,,1,29,,6056,50,,,1,28,,6057,50,,,1,68,,6058,50,,,1,99,,6059,50,,,1,98,,6060,50,,,1,100,,6061,50,,,1
3000,'CCFSUN',714,,6062,50,,,1,100,,6063,50,,,1,106,,6064,50,,,1,105,,6065,50,,,1,101,,6066,50,,,1,102,,6067,50,,,1,101,,6068,50,,,1,100,,6069,50,,,1,99,,6070,50,,,1,100,,6071,50,,,1,100,,6072,50,,,1,96,,6073,50,,,1,99,,6074,50,,,1,98,,6075,50,,,1,100,,6076,50,,,1
