3000,'WKDY',616,,5724,20,,,1,31,,5725,20,,,1,70,,5726,20,,,1,30,,5727,20,,,1,71,,5728,20,,,1,30,,5729,20,,,1,70,,5730,20,,,1,30,,5731,20,,,1,70,,5732,20,,,1,30,,5733,20,,,1,70,,5734,20,,,1,30,,5735,20,,,1,70,,5736,20,,,1,30,,5737,20,,,1,70,,5738,20,,,1,31,,5739,20,,,1,71,,5740,20,,,1,30,,5741,20,,,1,70,,5742,20,,,1,30,,5743,20,,,1,70,,5744,20,,,1,30,,5745,20,,,1,69,,5746,20,,,1,30,,5747,20,,,1,69,,5748,20,,,1,29,,5749,20,,,1,69,,5750,20,,,1,30,,5751,20,,,1,69,,5752,20,,,1,100,,5753,20,,,1
3000,'SAT',744,,5756,20,,,1,72,,5757,20,,,1,30,,5758,20,,,1,70,,5759,20,,,1,30,,5760,20,,,1,70,,5761,20,,,1,30,,5762,20,,,1,71,,5763,20,,,1,30,,5764,20,,,1,71,,5765,20,,,1,30,,5766,20,,,1,70,,5767,20,,,1,30,,5768,20,,,1,70,,5769,20,,,1,30,,5770,20,,,1,70,,5771,20,,,1,30,,5772,20,,,1,70,,5773,20,,,1,30,,5774,20,,,1,70,,5775,20,,,1,99,,5776,20,,,1,98,,5777,20,,,1,100,,5778,20,,,1
3000,'SUN',816,,5781,20,,,1,100,,5782,20,,,1,100,,5783,20,,,1,101,,5784,20,,,1,101,,5785,20,,,1,100,,5786,20,,,1,100,,5787,20,,,1,100,,5788,20,,,1,100,,5789,20,,,1,100,,5790,20,,,1,99,,5791,20,,,1,98,,5792,20,,,1,100,,5793,20,,,1
3000,'CCFWK',616,,5796,20,,,1,31,,5797,20,,,1,70,,5798,20,,,1,30,,5799,20,,,1,71,,5800,20,,,1,30,,5801,20,,,1,70,,5802,20,,,1,30,,5803,20,,,1,70,,5804,20,,,1,30,,5805,20,,,1,70,,5806,20,,,1,30,,5807,20,,,1,70,,5808,20,,,1,30,,5809,20,,,1,70,,5810,20,,,1,31,,5811,20,,,1,71,,5812,20,,,1,30,,5813,20,,,1,70,,5814,20,,,1,30,,5815,20,,,1,70,,5816,20,,,1,30,,5817,20,,,1,69,,5818,20,,,1,30,,5819,20,,,1,69,,5820,20,,,1,29,,5821,20,,,1,69,,5822,20,,,1,30,,5823,20,,,1,69,,5824,20,,,1,100,,5825,20,,,1
3000,'CCFFF',616,,5828,20,,,1,31,,5829,20,,,1,70,,5830,20,,,1,30,,5831,20,,,1,71,,5832,20,,,1,30,,5833,20,,,1,70,,5834,20,,,1,30,,5835,20,,,1,70,,5836,20,,,1,30,,5837,20,,,1,70,,5838,20,,,1,30,,5839,20,,,1,70,,5840,20,,,1,30,,5841,20,,,1,70,,5842,20,,,1,31,,5843,20,,,1,71,,5844,20,,,1,30,,5845,20,,,1,70,,5846,20,,,1,30,,5847,20,,,1,70,,5848,20,,,1,30,,5849,20,,,1,69,,5850,20,,,1,30,,5851,20,,,1,69,,5852,20,,,1,29,,5853,20,,,1,69,,5854,20,,,1,30,,5855,20,,,1,69,,5856,20,,,1,100,,5857,20,,,1
3000,'CCFSAT',744,,5860,20,,,1,72,,5861,20,,,1,30,,5862,20,,,1,70,,5863,20,,,1,30,,5864,20,,,1,70,,5865,20,,,1,30,,5866,20,,,1,71,,5867,20,,,1,30,,5868,20,,,1,71,,5869,20,,,1,30,,5870,20,,,1,70,,5871,20,,,1,30,,5872,20,,,1,70,,5873,20,,,1,30,,5874,20,,,1,70,,5875,20,,,1,30,,5876,20,,,1,70,,5877,20,,,1,30,,5878,20,,,1,70,,5879,20,,,1,99,,5880,20,,,1,98,,5881,20,,,1,100,,5882,20,,,1
3000,'CCFSUN',816,,5885,20,,,1,100,,5886,20,,,1,100,,5887,20,,,1,101,,5888,20,,,1,101,,5889,20,,,1,100,,5890,20,,,1,100,,5891,20,,,1,100,,5892,20,,,1,100,,5893,20,,,1,100,,5894,20,,,1,99,,5895,20,,,1,98,,5896,20,,,1,100,,5897,20,,,1
8001,'WKDY',613,,12607,19,,,1,30,,12608,19,,,1,71,,12609,19,,,1,31,,12610,19,,,1,70,,12611,19,,,1,30,,12612,19,,,1,69,,12613,19,,,1,30,,12614,19,,,1,70,,12615,19,,,1,31,,12616,19,,,1,70,,12617,19,,,1,30,,12618,19,,,1,70,,12619,19,,,1,30,,12620,19,,,1,70,,12621,19,,,1,31,,12622,19,,,1,70,,12623,19,,,1,30,,12624,19,,,1,71,,12625,19,,,1,33,,12626,19,,,1,67,,12627,19,,,1,29,,12628,19,,,1,69,,12629,19,,,1,30,,12630,19,,,1,69,,12631,19,,,1,30,,12632,19,,,1,70,,12633,19,,,1,29,,12634,19,,,1,70,,12635,19,,,1,30,,12636,19,,,1,69,,12637,19,,,1
8001,'SAT',713,,12651,19,,,1,100,,12638,19,,,1,30,,12639,19,,,1,70,,12640,19,,,1,30,,12652,19,,,1,70,,12641,19,,,1,31,,12653,19,,,1,70,,12642,19,,,1,30,,12654,19,,,1,70,,12643,19,,,1,30,,12655,19,,,1,70,,12644,19,,,1,30,,12656,19,,,1,70,,12645,19,,,1,30,,12657,19,,,1,70,,12646,19,,,1,30,,12658,19,,,1,70,,12647,19,,,1,30,,12659,19,,,1,70,,12648,19,,,1,30,,12660,19,,,1,70,,12649,19,,,1,30,,12661,19,,,1,70,,12650,19,,,1,30,,12662,19,,,1,69,,12665,19,,,1,31,,12663,19,,,1,100,,12664,19,,,1
8001,'SUN',713,,12679,19,,,1,100,,12666,19,,,1,30,,12667,19,,,1,70,,12668,19,,,1,30,,12680,19,,,1,70,,12669,19,,,1,31,,12681,19,,,1,70,,12670,19,,,1,30,,12682,19,,,1,70,,12671,19,,,1,30,,12683,19,,,1,70,,12672,19,,,1,30,,12684,19,,,1,70,,12673,19,,,1,30,,12685,19,,,1,70,,12674,19,,,1,30,,12686,19,,,1,70,,12675,19,,,1,30,,12687,19,,,1,70,,12676,19,,,1,30,,12688,19,,,1,70,,12677,19,,,1,30,,12689,19,,,1,70,,12678,19,,,1,30,,12690,19,,,1,69,,12693,19,,,1,31,,12691,19,,,1,99,,12692,19,,,1
8001,'CCFWK',613,,12694,19,,,1,30,,12695,19,,,1,71,,12696,19,,,1,31,,12697,19,,,1,70,,12698,19,,,1,30,,12699,19,,,1,69,,12700,19,,,1,30,,12701,19,,,1,70,,12702,19,,,1,31,,12703,19,,,1,70,,12704,19,,,1,30,,12705,19,,,1,70,,12706,19,,,1,30,,12707,19,,,1,70,,12708,19,,,1,31,,12709,19,,,1,70,,12710,19,,,1,30,,12711,19,,,1,71,,12712,19,,,1,33,,12713,19,,,1,67,,12714,19,,,1,29,,12715,19,,,1,69,,12716,19,,,1,30,,12717,19,,,1,69,,12718,19,,,1,30,,12719,19,,,1,70,,12720,19,,,1,29,,12721,19,,,1,70,,12722,19,,,1,30,,12723,19,,,1,69,,12724,19,,,1
8001,'CCFFF',613,,12725,19,,,1,30,,12726,19,,,1,71,,12727,19,,,1,31,,12728,19,,,1,70,,12729,19,,,1,30,,12730,19,,,1,69,,12731,19,,,1,30,,12732,19,,,1,70,,12733,19,,,1,31,,12734,19,,,1,70,,12735,19,,,1,30,,12736,19,,,1,70,,12737,19,,,1,30,,12738,19,,,1,70,,12739,19,,,1,31,,12740,19,,,1,70,,12741,19,,,1,30,,12742,19,,,1,71,,12743,19,,,1,33,,12744,19,,,1,67,,12745,19,,,1,29,,12746,19,,,1,69,,12747,19,,,1,30,,12748,19,,,1,69,,12749,19,,,1,30,,12750,19,,,1,70,,12751,19,,,1,29,,12752,19,,,1,70,,12753,19,,,1,30,,12754,19,,,1,69,,12755,19,,,1
8001,'CCFSAT',713,,12769,19,,,1,100,,12756,19,,,1,30,,12757,19,,,1,70,,12758,19,,,1,30,,12770,19,,,1,70,,12759,19,,,1,31,,12771,19,,,1,70,,12760,19,,,1,30,,12772,19,,,1,70,,12761,19,,,1,30,,12773,19,,,1,70,,12762,19,,,1,30,,12774,19,,,1,70,,12763,19,,,1,30,,12775,19,,,1,70,,12764,19,,,1,30,,12776,19,,,1,70,,12765,19,,,1,30,,12777,19,,,1,70,,12766,19,,,1,30,,12778,19,,,1,70,,12767,19,,,1,30,,12779,19,,,1,70,,12768,19,,,1,30,,12780,19,,,1,69,,12783,19,,,1,31,,12781,19,,,1,100,,12782,19,,,1
8001,'CCFSUN',713,,12797,19,,,1,100,,12784,19,,,1,30,,12785,19,,,1,70,,12786,19,,,1,30,,12798,19,,,1,70,,12787,19,,,1,31,,12799,19,,,1,70,,12788,19,,,1,30,,12800,19,,,1,70,,12789,19,,,1,30,,12801,19,,,1,70,,12790,19,,,1,30,,12802,19,,,1,70,,12791,19,,,1,30,,12803,19,,,1,70,,12792,19,,,1,30,,12804,19,,,1,70,,12793,19,,,1,30,,12805,19,,,1,70,,12794,19,,,1,30,,12806,19,,,1,70,,12795,19,,,1,30,,12807,19,,,1,70,,12796,19,,,1,30,,12808,19,,,1,70,,12811,19,,,1,30,,12809,19,,,1,99,,12810,19,,,1
