3000,'WKDY',548,,5722,17,,,1,70,,5723,17,,,1,23,,5724,51,,,1,75,,5725,51,,,1,30,,5726,51,,,1,70,,5727,51,,,1,30,,5728,51,,,1,70,,5729,51,,,1,29,,5730,51,,,1,69,,5731,51,,,1,30,,5732,51,,,1,70,,5733,51,,,1,30,,5734,51,,,1,70,,5735,51,,,1,31,,5736,51,,,1,70,,5737,51,,,1,29,,5738,51,,,1,72,,5739,51,,,1,32,,5740,51,,,1,70,,5741,51,,,1,31,,5742,51,,,1,69,,5743,51,,,1,30,,5744,51,,,1,70,,5745,51,,,1,27,,5746,51,,,1,70,,5747,51,,,1,27,,5748,51,,,1,68,,5749,51,,,1,29,,5750,51,,,1,70,,5751,51,,,1,29,,5752,51,,,1,99,,5753,51,,,1
3000,'SAT',634,,5754,17,,,1,100,,5755,17,,,1,73,,5756,51,,,1,32,,5757,51,,,1,70,,5758,51,,,1,30,,5759,51,,,1,70,,5760,51,,,1,31,,5761,51,,,1,70,,5762,51,,,1,31,,5763,51,,,1,70,,5764,51,,,1,31,,5765,51,,,1,70,,5766,51,,,1,30,,5767,51,,,1,70,,5768,51,,,1,30,,5769,51,,,1,70,,5770,51,,,1,30,,5771,51,,,1,70,,5772,51,,,1,30,,5773,51,,,1,70,,5774,51,,,1,29,,5775,51,,,1,99,,5776,51,,,1,98,,5777,51,,,1,100,,5778,51,,,1
3000,'SUN',634,,5779,17,,,1,100,,5780,17,,,1,105,,5781,51,,,1,100,,5782,51,,,1,101,,5783,51,,,1,101,,5784,51,,,1,101,,5785,51,,,1,100,,5786,51,,,1,100,,5787,51,,,1,100,,5788,51,,,1,100,,5789,51,,,1,99,,5790,51,,,1,99,,5791,51,,,1,98,,5792,51,,,1,100,,5793,51,,,1
3000,'CCFWK',548,,5794,17,,,1,70,,5795,17,,,1,23,,5796,51,,,1,75,,5797,51,,,1,30,,5798,51,,,1,70,,5799,51,,,1,30,,5800,51,,,1,70,,5801,51,,,1,29,,5802,51,,,1,69,,5803,51,,,1,30,,5804,51,,,1,70,,5805,51,,,1,30,,5806,51,,,1,70,,5807,51,,,1,31,,5808,51,,,1,70,,5809,51,,,1,29,,5810,51,,,1,72,,5811,51,,,1,32,,5812,51,,,1,70,,5813,51,,,1,31,,5814,51,,,1,69,,5815,51,,,1,30,,5816,51,,,1,70,,5817,51,,,1,27,,5818,51,,,1,70,,5819,51,,,1,27,,5820,51,,,1,68,,5821,51,,,1,29,,5822,51,,,1,70,,5823,51,,,1,29,,5824,51,,,1,99,,5825,51,,,1
3000,'CCFFF',548,,5826,17,,,1,70,,5827,17,,,1,23,,5828,51,,,1,75,,5829,51,,,1,30,,5830,51,,,1,70,,5831,51,,,1,30,,5832,51,,,1,70,,5833,51,,,1,29,,5834,51,,,1,69,,5835,51,,,1,30,,5836,51,,,1,70,,5837,51,,,1,30,,5838,51,,,1,70,,5839,51,,,1,31,,5840,51,,,1,70,,5841,51,,,1,29,,5842,51,,,1,72,,5843,51,,,1,32,,5844,51,,,1,70,,5845,51,,,1,31,,5846,51,,,1,69,,5847,51,,,1,30,,5848,51,,,1,70,,5849,51,,,1,27,,5850,51,,,1,70,,5851,51,,,1,27,,5852,51,,,1,68,,5853,51,,,1,29,,5854,51,,,1,70,,5855,51,,,1,29,,5856,51,,,1,99,,5857,51,,,1
3000,'CCFSAT',634,,5858,17,,,1,100,,5859,17,,,1,73,,5860,51,,,1,32,,5861,51,,,1,70,,5862,51,,,1,30,,5863,51,,,1,70,,5864,51,,,1,31,,5865,51,,,1,70,,5866,51,,,1,31,,5867,51,,,1,70,,5868,51,,,1,31,,5869,51,,,1,70,,5870,51,,,1,30,,5871,51,,,1,70,,5872,51,,,1,30,,5873,51,,,1,70,,5874,51,,,1,30,,5875,51,,,1,70,,5876,51,,,1,30,,5877,51,,,1,70,,5878,51,,,1,29,,5879,51,,,1,99,,5880,51,,,1,98,,5881,51,,,1,100,,5882,51,,,1
3000,'CCFSUN',634,,5883,17,,,1,100,,5884,17,,,1,105,,5885,51,,,1,100,,5886,51,,,1,101,,5887,51,,,1,101,,5888,51,,,1,101,,5889,51,,,1,100,,5890,51,,,1,100,,5891,51,,,1,100,,5892,51,,,1,100,,5893,51,,,1,99,,5894,51,,,1,99,,5895,51,,,1,98,,5896,51,,,1,100,,5897,51,,,1
4100,'WKDY',1710,,7180,1,,,1,30,,7181,1,,,1
4100,'CCFWK',1710,,7183,1,,,1,30,,7184,1,,,1
4100,'CCFFF',1710,,7186,1,,,1,30,,7187,1,,,1
4101,'WKDY',729,,7188,13,0,18 13,1,30,,7192,13,0,18 13,1
4101,'CCFWK',729,,7193,13,0,18 13,1,30,,7197,13,0,18 13,1
4101,'CCFFF',729,,7198,13,0,18 13,1,30,,7202,13,0,18 13,1
10500,'WKDY',515,,13118,2,,,1,40,,13119,2,,,1,82,,13120,2,,,1,70,,13121,2,,,1,10,,13122,2,,,1,40,,13123,2,,,1,89,,13138,2,,,1,70,,13124,2,,,1,100,,13125,2,,,1,100,,13126,2,,,1,104,,13127,2,,,1,100,,13128,2,,,1,99,,13129,2,,,1,97,,13130,2,,,1,38,,13131,2,,,1,79,,13132,2,,,1,82,,13133,2,,,1,35,,13134,2,,,1,71,,13135,2,,,1,101,,13136,2,,,1,100,,13137,2,,,1
10500,'CCFWK',515,,13139,2,,,1,40,,13140,2,,,1,82,,13141,2,,,1,70,,13142,2,,,1,10,,13143,2,,,1,40,,13144,2,,,1,89,,13159,2,,,1,70,,13145,2,,,1,100,,13146,2,,,1,100,,13147,2,,,1,104,,13148,2,,,1,100,,13149,2,,,1,99,,13150,2,,,1,97,,13151,2,,,1,38,,13152,2,,,1,79,,13153,2,,,1,82,,13154,2,,,1,35,,13155,2,,,1,71,,13156,2,,,1,101,,13157,2,,,1,100,,13158,2,,,1
10500,'CCFFF',515,,13160,2,,,1,40,,13161,2,,,1,82,,13162,2,,,1,70,,13163,2,,,1,10,,13164,2,,,1,40,,13165,2,,,1,89,,13180,2,,,1,70,,13166,2,,,1,100,,13167,2,,,1,100,,13168,2,,,1,104,,13169,2,,,1,100,,13170,2,,,1,99,,13171,2,,,1,97,,13172,2,,,1,38,,13173,2,,,1,79,,13174,2,,,1,82,,13175,2,,,1,35,,13176,2,,,1,71,,13177,2,,,1,101,,13178,2,,,1,100,,13179,2,,,1
