200,'WKDY',646,,3878,38,,,1,100,,3879,38,,,1,100,,3880,38,,,1,92,,3881,38,,,1,107,,3882,38,,,1,100,,3883,38,,,1,100,,3884,38,,,1,100,,3885,38,,,1,102,,3886,38,,,1,100,,3887,38,,,1,99,,3888,38,,,1,101,,3889,38,,,1,96,,3890,38,,,1
200,'CCFWK',646,,3891,38,,,1,100,,3892,38,,,1,100,,3893,38,,,1,92,,3894,38,,,1,107,,3895,38,,,1,100,,3896,38,,,1,100,,3897,38,,,1,100,,3898,38,,,1,102,,3899,38,,,1,100,,3900,38,,,1,99,,3901,38,,,1,101,,3902,38,,,1,96,,3903,38,,,1
200,'CCFFF',646,,3904,38,,,1,100,,3905,38,,,1,100,,3906,38,,,1,92,,3907,38,,,1,107,,3908,38,,,1,100,,3909,38,,,1,100,,3910,38,,,1,100,,3911,38,,,1,102,,3912,38,,,1,100,,3913,38,,,1,99,,3914,38,,,1,101,,3915,38,,,1,96,,3916,38,,,1
3000,'WKDY',551,,5722,19,,,1,70,,5723,19,,,1,23,,5724,53,,,1,75,,5725,53,,,1,30,,5726,53,,,1,70,,5727,53,,,1,30,,5728,53,,,1,70,,5729,53,,,1,29,,5730,53,,,1,69,,5731,53,,,1,30,,5732,53,,,1,70,,5733,53,,,1,30,,5734,53,,,1,70,,5735,53,,,1,31,,5736,53,,,1,70,,5737,53,,,1,29,,5738,53,,,1,72,,5739,53,,,1,32,,5740,53,,,1,70,,5741,53,,,1,31,,5742,53,,,1,69,,5743,53,,,1,30,,5744,53,,,1,70,,5745,53,,,1,27,,5746,53,,,1,70,,5747,53,,,1,27,,5748,53,,,1,68,,5749,53,,,1,29,,5750,53,,,1,70,,5751,53,,,1,29,,5752,53,,,1,99,,5753,53,,,1
3000,'SAT',637,,5754,19,,,1,100,,5755,19,,,1,73,,5756,53,,,1,32,,5757,53,,,1,70,,5758,53,,,1,30,,5759,53,,,1,70,,5760,53,,,1,31,,5761,53,,,1,70,,5762,53,,,1,31,,5763,53,,,1,70,,5764,53,,,1,31,,5765,53,,,1,70,,5766,53,,,1,30,,5767,53,,,1,70,,5768,53,,,1,30,,5769,53,,,1,70,,5770,53,,,1,30,,5771,53,,,1,70,,5772,53,,,1,30,,5773,53,,,1,70,,5774,53,,,1,29,,5775,53,,,1,99,,5776,53,,,1,98,,5777,53,,,1,100,,5778,53,,,1
3000,'SUN',637,,5779,19,,,1,100,,5780,19,,,1,105,,5781,53,,,1,100,,5782,53,,,1,101,,5783,53,,,1,101,,5784,53,,,1,101,,5785,53,,,1,100,,5786,53,,,1,100,,5787,53,,,1,100,,5788,53,,,1,100,,5789,53,,,1,99,,5790,53,,,1,99,,5791,53,,,1,98,,5792,53,,,1,100,,5793,53,,,1
3000,'CCFWK',551,,5794,19,,,1,70,,5795,19,,,1,23,,5796,53,,,1,75,,5797,53,,,1,30,,5798,53,,,1,70,,5799,53,,,1,30,,5800,53,,,1,70,,5801,53,,,1,29,,5802,53,,,1,69,,5803,53,,,1,30,,5804,53,,,1,70,,5805,53,,,1,30,,5806,53,,,1,70,,5807,53,,,1,31,,5808,53,,,1,70,,5809,53,,,1,29,,5810,53,,,1,72,,5811,53,,,1,32,,5812,53,,,1,70,,5813,53,,,1,31,,5814,53,,,1,69,,5815,53,,,1,30,,5816,53,,,1,70,,5817,53,,,1,27,,5818,53,,,1,70,,5819,53,,,1,27,,5820,53,,,1,68,,5821,53,,,1,29,,5822,53,,,1,70,,5823,53,,,1,29,,5824,53,,,1,99,,5825,53,,,1
3000,'CCFFF',551,,5826,19,,,1,70,,5827,19,,,1,23,,5828,53,,,1,75,,5829,53,,,1,30,,5830,53,,,1,70,,5831,53,,,1,30,,5832,53,,,1,70,,5833,53,,,1,29,,5834,53,,,1,69,,5835,53,,,1,30,,5836,53,,,1,70,,5837,53,,,1,30,,5838,53,,,1,70,,5839,53,,,1,31,,5840,53,,,1,70,,5841,53,,,1,29,,5842,53,,,1,72,,5843,53,,,1,32,,5844,53,,,1,70,,5845,53,,,1,31,,5846,53,,,1,69,,5847,53,,,1,30,,5848,53,,,1,70,,5849,53,,,1,27,,5850,53,,,1,70,,5851,53,,,1,27,,5852,53,,,1,68,,5853,53,,,1,29,,5854,53,,,1,70,,5855,53,,,1,29,,5856,53,,,1,99,,5857,53,,,1
3000,'CCFSAT',637,,5858,19,,,1,100,,5859,19,,,1,73,,5860,53,,,1,32,,5861,53,,,1,70,,5862,53,,,1,30,,5863,53,,,1,70,,5864,53,,,1,31,,5865,53,,,1,70,,5866,53,,,1,31,,5867,53,,,1,70,,5868,53,,,1,31,,5869,53,,,1,70,,5870,53,,,1,30,,5871,53,,,1,70,,5872,53,,,1,30,,5873,53,,,1,70,,5874,53,,,1,30,,5875,53,,,1,70,,5876,53,,,1,30,,5877,53,,,1,70,,5878,53,,,1,29,,5879,53,,,1,99,,5880,53,,,1,98,,5881,53,,,1,100,,5882,53,,,1
3000,'CCFSUN',637,,5883,19,,,1,100,,5884,19,,,1,105,,5885,53,,,1,100,,5886,53,,,1,101,,5887,53,,,1,101,,5888,53,,,1,101,,5889,53,,,1,100,,5890,53,,,1,100,,5891,53,,,1,100,,5892,53,,,1,100,,5893,53,,,1,99,,5894,53,,,1,99,,5895,53,,,1,98,,5896,53,,,1,100,,5897,53,,,1
