1201,'WKDY',622,,5038,6,,,1,30,,5039,6,,,1,68,,5040,6,,,1,30,,5041,6,,,1,70,,5042,6,,,1,30,,5043,6,,,1,70,,5044,6,,,1,30,,5045,6,,,1,70,,5046,6,,,1,30,,5047,6,,,1,70,,5048,6,,,1,30,,5049,6,,,1,70,,5050,6,,,1,30,,5051,6,,,1,70,,5052,6,,,1,30,,5053,6,,,1,70,,5054,6,,,1,30,,5055,6,,,1,71,,5056,6,,,1,30,,5057,6,,,1,70,,5058,6,,,1,30,,5059,6,,,1,70,,5060,6,,,1,30,,5061,6,,,1,69,,5062,6,,,1,30,,5063,6,,,1,70,,5064,6,,,1,30,,5065,6,,,1,70,,5066,6,,,1,30,,5067,6,,,1,70,,5068,6,,,1,30,,5069,6,,,1
1201,'SAT',712,,5070,6,,,1,100,,5071,6,,,1,100,,5072,6,,,1,100,,5073,6,,,1,101,,5074,6,,,1,100,,5075,6,,,1,100,,5076,6,,,1,100,,5077,6,,,1,100,,5078,6,,,1,100,,5079,6,,,1,99,,5080,6,,,1,100,,5081,6,,,1,100,,5082,6,,,1,100,,5083,6,,,1,100,,5084,6,,,1,100,,5085,6,,,1
1201,'SUN',712,,5086,6,,,1,100,,5087,6,,,1,100,,5088,6,,,1,100,,5089,6,,,1,101,,5090,6,,,1,100,,5091,6,,,1,100,,5092,6,,,1,100,,5093,6,,,1,100,,5094,6,,,1,100,,5095,6,,,1,99,,5096,6,,,1,100,,5097,6,,,1,100,,5098,6,,,1,100,,5099,6,,,1,100,,5100,6,,,1,100,,5101,6,,,1
1201,'CCFWK',622,,5102,6,,,1,30,,5103,6,,,1,68,,5104,6,,,1,30,,5105,6,,,1,70,,5106,6,,,1,30,,5107,6,,,1,70,,5108,6,,,1,30,,5109,6,,,1,70,,5110,6,,,1,30,,5111,6,,,1,70,,5112,6,,,1,30,,5113,6,,,1,70,,5114,6,,,1,30,,5115,6,,,1,70,,5116,6,,,1,30,,5117,6,,,1,70,,5118,6,,,1,30,,5119,6,,,1,71,,5120,6,,,1,30,,5121,6,,,1,70,,5122,6,,,1,30,,5123,6,,,1,70,,5124,6,,,1,30,,5125,6,,,1,69,,5126,6,,,1,30,,5127,6,,,1,70,,5128,6,,,1,30,,5129,6,,,1,70,,5130,6,,,1,30,,5131,6,,,1,70,,5132,6,,,1,30,,5133,6,,,1
1201,'CCFFF',622,,5134,6,,,1,30,,5135,6,,,1,68,,5136,6,,,1,30,,5137,6,,,1,70,,5138,6,,,1,30,,5139,6,,,1,70,,5140,6,,,1,30,,5141,6,,,1,70,,5142,6,,,1,30,,5143,6,,,1,70,,5144,6,,,1,30,,5145,6,,,1,70,,5146,6,,,1,30,,5147,6,,,1,70,,5148,6,,,1,30,,5149,6,,,1,70,,5150,6,,,1,30,,5151,6,,,1,71,,5152,6,,,1,30,,5153,6,,,1,70,,5154,6,,,1,30,,5155,6,,,1,70,,5156,6,,,1,30,,5157,6,,,1,69,,5158,6,,,1,30,,5159,6,,,1,70,,5160,6,,,1,30,,5161,6,,,1,70,,5162,6,,,1,30,,5163,6,,,1,70,,5164,6,,,1,30,,5165,6,,,1
1201,'CCFSAT',712,,5166,6,,,1,100,,5167,6,,,1,100,,5168,6,,,1,100,,5169,6,,,1,101,,5170,6,,,1,100,,5171,6,,,1,100,,5172,6,,,1,100,,5173,6,,,1,100,,5174,6,,,1,100,,5175,6,,,1,99,,5176,6,,,1,100,,5177,6,,,1,100,,5178,6,,,1,100,,5179,6,,,1,100,,5180,6,,,1,100,,5181,6,,,1
1201,'CCFSUN',712,,5182,6,,,1,100,,5183,6,,,1,100,,5184,6,,,1,100,,5185,6,,,1,101,,5186,6,,,1,100,,5187,6,,,1,100,,5188,6,,,1,100,,5189,6,,,1,100,,5190,6,,,1,100,,5191,6,,,1,99,,5192,6,,,1,100,,5193,6,,,1,100,,5194,6,,,1,100,,5195,6,,,1,100,,5196,6,,,1,100,,5197,6,,,1
8000,'WKDY',603,,12607,7,,,1,30,,12608,7,,,1,70,,12609,7,,,1,30,,12610,7,,,1,70,,12611,7,,,1,30,,12612,7,,,1,70,,12613,7,,,1,30,,12614,7,,,1,70,,12615,7,,,1,30,,12616,7,,,1,70,,12617,7,,,1,30,,12618,7,,,1,70,,12619,7,,,1,30,,12620,7,,,1,70,,12621,7,,,1,30,,12622,7,,,1,70,,12623,7,,,1,30,,12624,7,,,1,70,,12625,7,,,1,33,,12626,7,,,1,67,,12627,7,,,1,29,,12628,7,,,1,70,,12629,7,,,1,30,,12630,7,,,1,71,,12631,7,,,1,30,,12632,7,,,1,70,,12633,7,,,1,30,,12634,7,,,1,70,,12635,7,,,1,30,,12636,7,,,1,70,,12637,7,,,1
8000,'SAT',703,,12651,7,,,1,100,,12638,7,,,1,30,,12639,7,,,1,70,,12640,7,,,1,30,,12652,7,,,1,70,,12641,7,,,1,30,,12653,7,,,1,70,,12642,7,,,1,30,,12654,7,,,1,70,,12643,7,,,1,30,,12655,7,,,1,70,,12644,7,,,1,30,,12656,7,,,1,70,,12645,7,,,1,30,,12657,7,,,1,70,,12646,7,,,1,30,,12658,7,,,1,70,,12647,7,,,1,30,,12659,7,,,1,70,,12648,7,,,1,30,,12660,7,,,1,70,,12649,7,,,1,30,,12661,7,,,1,70,,12650,7,,,1,30,,12662,7,,,1,70,,12665,7,,,1,30,,12663,7,,,1,100,,12664,7,,,1
8000,'SUN',703,,12679,7,,,1,100,,12666,7,,,1,30,,12667,7,,,1,70,,12668,7,,,1,30,,12680,7,,,1,70,,12669,7,,,1,30,,12681,7,,,1,70,,12670,7,,,1,30,,12682,7,,,1,70,,12671,7,,,1,30,,12683,7,,,1,70,,12672,7,,,1,30,,12684,7,,,1,70,,12673,7,,,1,30,,12685,7,,,1,70,,12674,7,,,1,30,,12686,7,,,1,70,,12675,7,,,1,30,,12687,7,,,1,70,,12676,7,,,1,30,,12688,7,,,1,70,,12677,7,,,1,30,,12689,7,,,1,70,,12678,7,,,1,30,,12690,7,,,1,70,,12693,7,,,1,30,,12691,7,,,1,100,,12692,7,,,1
8000,'CCFWK',603,,12694,7,,,1,30,,12695,7,,,1,70,,12696,7,,,1,30,,12697,7,,,1,70,,12698,7,,,1,30,,12699,7,,,1,70,,12700,7,,,1,30,,12701,7,,,1,70,,12702,7,,,1,30,,12703,7,,,1,70,,12704,7,,,1,30,,12705,7,,,1,70,,12706,7,,,1,30,,12707,7,,,1,70,,12708,7,,,1,30,,12709,7,,,1,70,,12710,7,,,1,30,,12711,7,,,1,70,,12712,7,,,1,33,,12713,7,,,1,67,,12714,7,,,1,29,,12715,7,,,1,70,,12716,7,,,1,30,,12717,7,,,1,71,,12718,7,,,1,30,,12719,7,,,1,70,,12720,7,,,1,30,,12721,7,,,1,70,,12722,7,,,1,30,,12723,7,,,1,70,,12724,7,,,1
8000,'CCFFF',603,,12725,7,,,1,30,,12726,7,,,1,70,,12727,7,,,1,30,,12728,7,,,1,70,,12729,7,,,1,30,,12730,7,,,1,70,,12731,7,,,1,30,,12732,7,,,1,70,,12733,7,,,1,30,,12734,7,,,1,70,,12735,7,,,1,30,,12736,7,,,1,70,,12737,7,,,1,30,,12738,7,,,1,70,,12739,7,,,1,30,,12740,7,,,1,70,,12741,7,,,1,30,,12742,7,,,1,70,,12743,7,,,1,33,,12744,7,,,1,67,,12745,7,,,1,29,,12746,7,,,1,70,,12747,7,,,1,30,,12748,7,,,1,71,,12749,7,,,1,30,,12750,7,,,1,70,,12751,7,,,1,30,,12752,7,,,1,70,,12753,7,,,1,30,,12754,7,,,1,70,,12755,7,,,1
8000,'CCFSAT',703,,12769,7,,,1,100,,12756,7,,,1,30,,12757,7,,,1,70,,12758,7,,,1,30,,12770,7,,,1,70,,12759,7,,,1,30,,12771,7,,,1,70,,12760,7,,,1,30,,12772,7,,,1,70,,12761,7,,,1,30,,12773,7,,,1,70,,12762,7,,,1,30,,12774,7,,,1,70,,12763,7,,,1,30,,12775,7,,,1,70,,12764,7,,,1,30,,12776,7,,,1,70,,12765,7,,,1,30,,12777,7,,,1,70,,12766,7,,,1,30,,12778,7,,,1,70,,12767,7,,,1,30,,12779,7,,,1,70,,12768,7,,,1,30,,12780,7,,,1,70,,12783,7,,,1,30,,12781,7,,,1,100,,12782,7,,,1
8000,'CCFSUN',703,,12797,7,,,1,100,,12784,7,,,1,30,,12785,7,,,1,70,,12786,7,,,1,30,,12798,7,,,1,70,,12787,7,,,1,30,,12799,7,,,1,70,,12788,7,,,1,30,,12800,7,,,1,70,,12789,7,,,1,30,,12801,7,,,1,70,,12790,7,,,1,30,,12802,7,,,1,70,,12791,7,,,1,30,,12803,7,,,1,70,,12792,7,,,1,30,,12804,7,,,1,70,,12793,7,,,1,30,,12805,7,,,1,70,,12794,7,,,1,30,,12806,7,,,1,70,,12795,7,,,1,30,,12807,7,,,1,70,,12796,7,,,1,30,,12808,7,,,1,70,,12811,7,,,1,30,,12809,7,,,1,100,,12810,7,,,1
