3001,'WKDY',553,,5899,3,,,1,70,,5900,3,,,1,23,,5901,3,,,1,76,,5902,3,,,1,30,,5903,3,,,1,70,,5904,3,,,1,30,,5905,3,,,1,70,,5906,3,,,1,29,,5907,3,,,1,69,,5908,3,,,1,30,,5909,3,,,1,70,,5910,3,,,1,30,,5911,3,,,1,70,,5912,3,,,1,31,,5913,3,,,1,70,,5914,3,,,1,29,,5915,3,,,1,72,,5916,3,,,1,32,,5917,3,,,1,70,,5918,3,,,1,31,,5919,3,,,1,69,,5920,3,,,1,30,,5921,3,,,1,70,,5922,3,,,1,27,,5923,3,,,1,70,,5924,3,,,1,27,,5925,3,,,1,68,,5926,3,,,1,29,,5927,3,,,1,70,,5928,3,,,1,29,,5929,3,,,1,98,,5930,3,,,1
3001,'SAT',640,,5931,3,,,1,100,,5932,3,,,1,73,,5933,3,,,1,32,,5934,3,,,1,70,,5935,3,,,1,30,,5936,3,,,1,70,,5937,3,,,1,31,,5938,3,,,1,70,,5939,3,,,1,31,,5940,3,,,1,70,,5941,3,,,1,31,,5942,3,,,1,70,,5943,3,,,1,30,,5944,3,,,1,70,,5945,3,,,1,30,,5946,3,,,1,70,,5947,3,,,1,30,,5948,3,,,1,70,,5949,3,,,1,30,,5950,3,,,1,70,,5951,3,,,1,29,,5952,3,,,1,99,,5953,3,,,1,98,,5954,3,,,1,100,,5955,3,,,1
3001,'SUN',640,,5956,3,,,1,100,,5957,3,,,1,105,,5958,3,,,1,100,,5959,3,,,1,101,,5960,3,,,1,101,,5961,3,,,1,101,,5962,3,,,1,100,,5963,3,,,1,100,,5964,3,,,1,100,,5965,3,,,1,100,,5966,3,,,1,99,,5967,3,,,1,99,,5968,3,,,1,98,,5969,3,,,1,100,,5970,3,,,1
3001,'CCFWK',553,,5972,3,,,1,70,,5973,3,,,1,23,,5974,3,,,1,76,,5975,3,,,1,30,,5976,3,,,1,70,,5977,3,,,1,30,,5978,3,,,1,70,,5979,3,,,1,29,,5980,3,,,1,69,,5981,3,,,1,30,,5982,3,,,1,70,,5983,3,,,1,30,,5984,3,,,1,70,,5985,3,,,1,31,,5986,3,,,1,70,,5987,3,,,1,29,,5988,3,,,1,72,,5989,3,,,1,32,,5990,3,,,1,70,,5991,3,,,1,31,,5992,3,,,1,69,,5993,3,,,1,30,,5994,3,,,1,70,,5995,3,,,1,27,,5996,3,,,1,70,,5997,3,,,1,27,,5998,3,,,1,68,,5999,3,,,1,29,,6000,3,,,1,70,,6001,3,,,1,29,,6002,3,,,1,98,,6003,3,,,1
3001,'CCFFF',553,,6005,3,,,1,70,,6006,3,,,1,23,,6007,3,,,1,76,,6008,3,,,1,30,,6009,3,,,1,70,,6010,3,,,1,30,,6011,3,,,1,70,,6012,3,,,1,29,,6013,3,,,1,69,,6014,3,,,1,30,,6015,3,,,1,70,,6016,3,,,1,30,,6017,3,,,1,70,,6018,3,,,1,31,,6019,3,,,1,70,,6020,3,,,1,29,,6021,3,,,1,72,,6022,3,,,1,32,,6023,3,,,1,70,,6024,3,,,1,31,,6025,3,,,1,69,,6026,3,,,1,30,,6027,3,,,1,70,,6028,3,,,1,27,,6029,3,,,1,70,,6030,3,,,1,27,,6031,3,,,1,68,,6032,3,,,1,29,,6033,3,,,1,70,,6034,3,,,1,29,,6035,3,,,1,98,,6036,3,,,1
3001,'CCFSAT',640,,6037,3,,,1,100,,6038,3,,,1,73,,6039,3,,,1,32,,6040,3,,,1,70,,6041,3,,,1,30,,6042,3,,,1,70,,6043,3,,,1,31,,6044,3,,,1,70,,6045,3,,,1,31,,6046,3,,,1,70,,6047,3,,,1,31,,6048,3,,,1,70,,6049,3,,,1,30,,6050,3,,,1,70,,6051,3,,,1,30,,6052,3,,,1,70,,6053,3,,,1,30,,6054,3,,,1,70,,6055,3,,,1,30,,6056,3,,,1,70,,6057,3,,,1,29,,6058,3,,,1,99,,6059,3,,,1,98,,6060,3,,,1,100,,6061,3,,,1
3001,'CCFSUN',640,,6062,3,,,1,100,,6063,3,,,1,105,,6064,3,,,1,100,,6065,3,,,1,101,,6066,3,,,1,101,,6067,3,,,1,101,,6068,3,,,1,100,,6069,3,,,1,100,,6070,3,,,1,100,,6071,3,,,1,100,,6072,3,,,1,99,,6073,3,,,1,99,,6074,3,,,1,98,,6075,3,,,1,100,,6076,3,,,1
3101,'WKDY',540,,6231,3,,,1,71,,6232,3,,,1,30,,6233,3,,,1,70,,6234,3,,,1,31,,6235,3,,,1,72,,6236,3,,,1,30,,6237,3,,,1,68,,6238,3,,,1,31,,6239,3,,,1,70,,6240,3,,,1,30,,6241,3,,,1,70,,6242,3,,,1,32,,6243,3,,,1,70,,6244,3,,,1,30,,6245,3,,,1,70,,6246,3,,,1,30,,6247,3,,,1,70,,6248,3,,,1,32,,6249,3,,,1,70,,6250,3,,,1,30,,6251,3,,,1,70,,6252,3,,,1,28,,6253,3,,,1,68,,6254,3,,,1,30,,6255,3,,,1,70,,6256,3,,,1,29,,6257,3,,,1,70,,6258,3,,,1,100,,6259,3,,,1,97,,6260,3,,,1
3101,'SAT',846,,6261,3,,,1,80,,6262,3,,,1,80,,6263,3,,,1,40,,6264,3,,,1,81,,6265,3,,,1,80,,6266,3,,,1,40,,6267,3,,,1,80,,6268,3,,,1,80,,6269,3,,,1,40,,6270,3,,,1,80,,6271,3,,,1,80,,6272,3,,,1,40,,6273,3,,,1,80,,6274,3,,,1,80,,6275,3,,,1,39,,6276,3,,,1,80,,6277,3,,,1,80,,6278,3,,,1
3101,'SUN',846,,6279,3,,,1,100,,6280,3,,,1,100,,6281,3,,,1,101,,6282,3,,,1,100,,6283,3,,,1,100,,6284,3,,,1,100,,6285,3,,,1,100,,6286,3,,,1,100,,6287,3,,,1,99,,6288,3,,,1,100,,6289,3,,,1,100,,6290,3,,,1
3101,'CCFWK',540,,6291,3,,,1,71,,6292,3,,,1,30,,6293,3,,,1,70,,6294,3,,,1,31,,6295,3,,,1,72,,6296,3,,,1,30,,6297,3,,,1,68,,6298,3,,,1,31,,6299,3,,,1,70,,6300,3,,,1,30,,6301,3,,,1,70,,6302,3,,,1,32,,6303,3,,,1,70,,6304,3,,,1,30,,6305,3,,,1,70,,6306,3,,,1,30,,6307,3,,,1,70,,6308,3,,,1,32,,6309,3,,,1,70,,6310,3,,,1,30,,6311,3,,,1,70,,6312,3,,,1,28,,6313,3,,,1,68,,6314,3,,,1,30,,6315,3,,,1,70,,6316,3,,,1,29,,6317,3,,,1,70,,6318,3,,,1,100,,6319,3,,,1,97,,6320,3,,,1
3101,'CCFFF',540,,6321,3,,,1,71,,6322,3,,,1,30,,6323,3,,,1,70,,6324,3,,,1,31,,6325,3,,,1,72,,6326,3,,,1,30,,6327,3,,,1,68,,6328,3,,,1,31,,6329,3,,,1,70,,6330,3,,,1,30,,6331,3,,,1,70,,6332,3,,,1,32,,6333,3,,,1,70,,6334,3,,,1,30,,6335,3,,,1,70,,6336,3,,,1,30,,6337,3,,,1,70,,6338,3,,,1,32,,6339,3,,,1,70,,6340,3,,,1,30,,6341,3,,,1,70,,6342,3,,,1,28,,6343,3,,,1,68,,6344,3,,,1,30,,6345,3,,,1,70,,6346,3,,,1,29,,6347,3,,,1,70,,6348,3,,,1,100,,6349,3,,,1,97,,6350,3,,,1
3101,'CCFSAT',846,,6351,3,,,1,80,,6352,3,,,1,80,,6353,3,,,1,40,,6354,3,,,1,81,,6355,3,,,1,80,,6356,3,,,1,40,,6357,3,,,1,80,,6358,3,,,1,80,,6359,3,,,1,40,,6360,3,,,1,80,,6361,3,,,1,80,,6362,3,,,1,40,,6363,3,,,1,80,,6364,3,,,1,80,,6365,3,,,1,39,,6366,3,,,1,80,,6367,3,,,1,80,,6368,3,,,1
3101,'CCFSUN',846,,6369,3,,,1,100,,6370,3,,,1,100,,6371,3,,,1,101,,6372,3,,,1,100,,6373,3,,,1,100,,6374,3,,,1,100,,6375,3,,,1,100,,6376,3,,,1,100,,6377,3,,,1,99,,6378,3,,,1,100,,6379,3,,,1,100,,6380,3,,,1
7100,'WKDY',552,,10851,6,,,1,66,,10852,6,,,1,30,,10853,6,,,1,70,,10854,6,,,1,15,,10855,6,,,1,15,,10856,6,,,1,55,,10857,6,,,1,16,,10858,6,,,1,15,,10859,6,,,1,15,,10860,6,,,1,55,,10861,6,,,1,16,,10862,6,,,1,15,,10863,6,,,1,16,,10864,6,,,1,55,,10865,6,,,1,15,,10866,6,,,1,16,,10867,6,,,1,15,,10868,6,,,1,55,,10869,6,,,1,15,,10870,6,,,1,16,,10871,6,,,1,15,,10872,6,,,1,59,,10873,6,,,1,8,,10874,6,,,1,15,,10875,6,,,1,15,,10876,6,,,1,56,,10877,6,,,1,15,,10878,6,,,1,15,,10879,6,,,1,15,,10880,6,,,1,56,,10881,6,,,1,15,,10882,6,,,1,17,,10883,6,,,1,15,,10884,6,,,1,55,,10885,6,,,1,16,,10886,6,,,1,15,,10887,6,,,1,15,,10888,6,,,1,55,,10889,6,,,1,15,,10890,6,,,1,15,,10891,6,,,1,15,,10892,6,,,1,55,,10893,6,,,1,15,,10894,6,,,1,15,,10895,6,,,1,14,,10896,6,,,1,54,,10897,6,,,1,15,,10898,6,,,1,28,,10899,6,,,1,68,,10900,6,,,1,30,,10901,6,,,1,70,,10902,6,,,1,29,,10903,6,,,1,69,,10904,6,,,1,29,,10905,6,,,1,69,,10906,6,,,1,30,,10907,6,,,1,100,,10908,6,,,1
7100,'SAT',649,,10909,6,,,1,60,,10910,6,,,1,21,,10911,6,,,1,20,,10912,6,,,1,60,,10913,6,,,1,21,,10914,6,,,1,20,,10915,6,,,1,60,,10916,6,,,1,21,,10917,6,,,1,20,,10918,6,,,1,60,,10919,6,,,1,21,,10920,6,,,1,20,,10921,6,,,1,61,,10922,6,,,1,20,,10923,6,,,1,20,,10924,6,,,1,61,,10925,6,,,1,22,,10926,6,,,1,21,,10927,6,,,1,60,,10928,6,,,1,20,,10929,6,,,1,21,,10930,6,,,1,60,,10931,6,,,1,21,,10932,6,,,1,60,,10933,6,,,1,20,,10934,6,,,1,20,,10935,6,,,1,60,,10936,6,,,1,20,,10937,6,,,1,19,,10938,6,,,1,20,,10939,6,,,1,60,,10940,6,,,1,19,,10941,6,,,1,20,,10942,6,,,1,60,,10943,6,,,1,19,,10944,6,,,1,20,,10945,6,,,1,59,,10946,6,,,1,20,,10947,6,,,1,20,,10948,6,,,1,59,,10949,6,,,1,20,,10950,6,,,1,20,,10951,6,,,1,58,,10952,6,,,1,20,,10953,6,,,1,20,,10954,6,,,1,70,,10955,6,,,1,29,,10956,6,,,1,70,,10957,6,,,1
7100,'SUN',649,,10958,6,,,1,70,,10959,6,,,1,31,,10960,6,,,1,71,,10961,6,,,1,30,,10962,6,,,1,70,,10963,6,,,1,31,,10964,6,,,1,70,,10965,6,,,1,31,,10966,6,,,1,71,,10967,6,,,1,30,,10968,6,,,1,74,,10969,6,,,1,30,,10970,6,,,1,70,,10971,6,,,1,31,,10972,6,,,1,70,,10973,6,,,1,71,,10974,6,,,1,30,,10975,6,,,1,70,,10976,6,,,1,30,,10977,6,,,1,29,,10978,6,,,1,70,,10979,6,,,1,29,,10980,6,,,1,69,,10981,6,,,1,30,,10982,6,,,1,69,,10983,6,,,1,30,,10984,6,,,1,69,,10985,6,,,1,30,,10986,6,,,1,70,,10987,6,,,1,30,,10988,6,,,1,58,,10989,6,,,1,30,,10990,6,,,1,69,,10991,6,,,1
7100,'CCFWK',552,,10992,6,,,1,66,,10993,6,,,1,30,,10994,6,,,1,70,,10995,6,,,1,15,,10996,6,,,1,15,,10997,6,,,1,55,,10998,6,,,1,16,,10999,6,,,1,15,,11000,6,,,1,15,,11001,6,,,1,55,,11002,6,,,1,16,,11003,6,,,1,15,,11004,6,,,1,16,,11005,6,,,1,55,,11006,6,,,1,15,,11007,6,,,1,16,,11008,6,,,1,15,,11009,6,,,1,55,,11010,6,,,1,15,,11011,6,,,1,16,,11012,6,,,1,15,,11013,6,,,1,59,,11014,6,,,1,8,,11015,6,,,1,15,,11016,6,,,1,15,,11017,6,,,1,56,,11018,6,,,1,15,,11019,6,,,1,15,,11020,6,,,1,15,,11021,6,,,1,56,,11022,6,,,1,15,,11023,6,,,1,17,,11024,6,,,1,15,,11025,6,,,1,55,,11026,6,,,1,16,,11027,6,,,1,15,,11028,6,,,1,15,,11029,6,,,1,55,,11030,6,,,1,15,,11031,6,,,1,15,,11032,6,,,1,15,,11033,6,,,1,55,,11034,6,,,1,15,,11035,6,,,1,15,,11036,6,,,1,14,,11037,6,,,1,54,,11038,6,,,1,15,,11039,6,,,1,28,,11040,6,,,1,68,,11041,6,,,1,30,,11042,6,,,1,70,,11043,6,,,1,29,,11044,6,,,1,69,,11045,6,,,1,29,,11046,6,,,1,69,,11047,6,,,1,30,,11048,6,,,1,100,,11049,6,,,1
7100,'CCFFF',552,,11050,6,,,1,66,,11051,6,,,1,30,,11052,6,,,1,70,,11053,6,,,1,15,,11054,6,,,1,15,,11055,6,,,1,55,,11056,6,,,1,16,,11057,6,,,1,15,,11058,6,,,1,15,,11059,6,,,1,55,,11060,6,,,1,16,,11061,6,,,1,15,,11062,6,,,1,16,,11063,6,,,1,55,,11064,6,,,1,15,,11065,6,,,1,16,,11066,6,,,1,15,,11067,6,,,1,55,,11068,6,,,1,15,,11069,6,,,1,16,,11070,6,,,1,15,,11071,6,,,1,59,,11072,6,,,1,8,,11073,6,,,1,15,,11074,6,,,1,15,,11075,6,,,1,56,,11076,6,,,1,15,,11077,6,,,1,15,,11078,6,,,1,15,,11079,6,,,1,56,,11080,6,,,1,15,,11081,6,,,1,17,,11082,6,,,1,15,,11083,6,,,1,55,,11084,6,,,1,16,,11085,6,,,1,15,,11086,6,,,1,15,,11087,6,,,1,55,,11088,6,,,1,15,,11089,6,,,1,15,,11090,6,,,1,15,,11091,6,,,1,55,,11092,6,,,1,15,,11093,6,,,1,15,,11094,6,,,1,14,,11095,6,,,1,54,,11096,6,,,1,15,,11097,6,,,1,28,,11098,6,,,1,68,,11099,6,,,1,30,,11100,6,,,1,70,,11101,6,,,1,29,,11102,6,,,1,69,,11103,6,,,1,29,,11104,6,,,1,69,,11105,6,,,1,30,,11106,6,,,1,100,,11107,6,,,1
7100,'CCFSAT',649,,11108,6,,,1,60,,11109,6,,,1,21,,11110,6,,,1,20,,11111,6,,,1,60,,11112,6,,,1,21,,11113,6,,,1,20,,11114,6,,,1,60,,11115,6,,,1,21,,11116,6,,,1,20,,11117,6,,,1,60,,11118,6,,,1,21,,11119,6,,,1,20,,11120,6,,,1,61,,11121,6,,,1,20,,11122,6,,,1,20,,11123,6,,,1,61,,11124,6,,,1,22,,11125,6,,,1,21,,11126,6,,,1,60,,11127,6,,,1,20,,11128,6,,,1,21,,11129,6,,,1,60,,11130,6,,,1,21,,11131,6,,,1,60,,11132,6,,,1,20,,11133,6,,,1,20,,11134,6,,,1,60,,11135,6,,,1,20,,11136,6,,,1,19,,11137,6,,,1,20,,11138,6,,,1,60,,11139,6,,,1,19,,11140,6,,,1,20,,11141,6,,,1,60,,11142,6,,,1,19,,11143,6,,,1,20,,11144,6,,,1,59,,11145,6,,,1,20,,11146,6,,,1,20,,11147,6,,,1,59,,11148,6,,,1,20,,11149,6,,,1,20,,11150,6,,,1,58,,11151,6,,,1,20,,11152,6,,,1,20,,11153,6,,,1,70,,11154,6,,,1,29,,11155,6,,,1,70,,11156,6,,,1
7100,'CCFSUN',649,,11157,6,,,1,70,,11158,6,,,1,31,,11159,6,,,1,71,,11160,6,,,1,30,,11161,6,,,1,70,,11162,6,,,1,31,,11163,6,,,1,70,,11164,6,,,1,31,,11165,6,,,1,71,,11166,6,,,1,30,,11167,6,,,1,74,,11168,6,,,1,30,,11169,6,,,1,70,,11170,6,,,1,31,,11171,6,,,1,70,,11172,6,,,1,71,,11173,6,,,1,30,,11174,6,,,1,70,,11175,6,,,1,30,,11176,6,,,1,29,,11177,6,,,1,70,,11178,6,,,1,29,,11179,6,,,1,69,,11180,6,,,1,30,,11181,6,,,1,69,,11182,6,,,1,30,,11183,6,,,1,69,,11184,6,,,1,30,,11185,6,,,1,70,,11186,6,,,1,30,,11187,6,,,1,58,,11188,6,,,1,30,,11189,6,,,1,69,,11190,6,,,1
