7200,'WKDY',500,,11673,1,,,1,49,,11674,1,,,1,70,,11675,1,,,1,30,,11676,1,,,1,70,,11677,1,,,1,30,,11678,1,,,1,70,,11679,1,,,1,30,,11680,1,,,1,70,,11697,1,,,1,30,,11681,1,,,1,70,,11698,1,,,1,30,,11682,1,,,1,70,,11699,1,,,1,30,,11683,1,,,1,70,,11700,1,,,1,30,,11684,1,,,1,70,,11701,1,,,1,30,,11685,1,,,1,70,,11702,1,,,1,30,,11686,1,,,1,70,,11687,1,,,1,30,,11688,1,,,1,70,,11689,1,,,1,30,,11690,1,,,1,70,,11691,1,,,1,30,,11692,1,,,1,70,,11693,1,,,1,30,,11694,1,,,1,100,,11695,1,,,1,151,,11696,1,,,1
7200,'SAT',719,,11703,1,,,1,100,,11704,1,,,1,100,,11705,1,,,1,100,,11706,1,,,1,100,,11707,1,,,1,100,,11708,1,,,1,100,,11709,1,,,1,100,,11710,1,,,1,100,,11711,1,,,1,100,,11712,1,,,1,100,,11713,1,,,1,100,,11714,1,,,1,100,,11715,1,,,1
7200,'SUN',719,,11716,1,,,1,100,,11717,1,,,1,100,,11718,1,,,1,100,,11719,1,,,1,100,,11720,1,,,1,100,,11721,1,,,1,100,,11722,1,,,1,100,,11723,1,,,1,100,,11724,1,,,1,100,,11725,1,,,1,100,,11726,1,,,1,100,,11727,1,,,1,100,,11728,1,,,1
7200,'CCFWK',500,,11729,1,,,1,49,,11730,1,,,1,70,,11731,1,,,1,30,,11732,1,,,1,70,,11733,1,,,1,30,,11734,1,,,1,70,,11735,1,,,1,30,,11736,1,,,1,70,,11753,1,,,1,30,,11737,1,,,1,70,,11754,1,,,1,30,,11738,1,,,1,70,,11755,1,,,1,30,,11739,1,,,1,70,,11756,1,,,1,30,,11740,1,,,1,70,,11757,1,,,1,30,,11741,1,,,1,70,,11758,1,,,1,30,,11742,1,,,1,70,,11743,1,,,1,30,,11744,1,,,1,70,,11745,1,,,1,30,,11746,1,,,1,70,,11747,1,,,1,30,,11748,1,,,1,70,,11749,1,,,1,30,,11750,1,,,1,100,,11751,1,,,1,151,,11752,1,,,1
7200,'CCFFF',500,,11759,1,,,1,49,,11760,1,,,1,70,,11761,1,,,1,30,,11762,1,,,1,70,,11763,1,,,1,30,,11764,1,,,1,70,,11765,1,,,1,30,,11766,1,,,1,70,,11783,1,,,1,30,,11767,1,,,1,70,,11784,1,,,1,30,,11768,1,,,1,70,,11785,1,,,1,30,,11769,1,,,1,70,,11786,1,,,1,30,,11770,1,,,1,70,,11787,1,,,1,30,,11771,1,,,1,70,,11788,1,,,1,30,,11772,1,,,1,70,,11773,1,,,1,30,,11774,1,,,1,70,,11775,1,,,1,30,,11776,1,,,1,70,,11777,1,,,1,30,,11778,1,,,1,70,,11779,1,,,1,30,,11780,1,,,1,100,,11781,1,,,1,151,,11782,1,,,1
7200,'CCFSAT',719,,11789,1,,,1,100,,11790,1,,,1,100,,11791,1,,,1,100,,11792,1,,,1,100,,11793,1,,,1,100,,11794,1,,,1,100,,11795,1,,,1,100,,11796,1,,,1,100,,11797,1,,,1,100,,11798,1,,,1,100,,11799,1,,,1,100,,11800,1,,,1,100,,11801,1,,,1
7200,'CCFSUN',719,,11802,1,,,1,100,,11803,1,,,1,100,,11804,1,,,1,100,,11805,1,,,1,100,,11806,1,,,1,100,,11807,1,,,1,100,,11808,1,,,1,100,,11809,1,,,1,100,,11810,1,,,1,100,,11811,1,,,1,100,,11812,1,,,1,100,,11813,1,,,1,100,,11814,1,,,1
7201,'WKDY',704,,11533,30,4,,1,604,,11558,30,4,,1,131,,11543,30,4,,1,175,,11545,30,4,,1,289,,11551,30,4,,1,30,,11552,30,4,,1,99,,11553,30,4,,1,110,,11554,30,4,,1
7201,'SAT',904,,11562,30,4,,1,101,,11563,30,4,,1,202,,11565,30,4,,1,202,,11567,30,4,,1,199,,11569,30,4,,1,198,,11571,30,4,,1,199,,11573,30,4,,1
7201,'SUN',1005,,11576,30,4,,1,202,,11578,30,4,,1,101,,11579,30,4,,1,101,,11580,30,4,,1,199,,11582,30,4,,1,198,,11584,30,4,,1,199,,11586,30,4,,1
7201,'CCFWK',704,,11589,30,4,,1,604,,11614,30,4,,1,131,,11599,30,4,,1,175,,11601,30,4,,1,289,,11607,30,4,,1,30,,11608,30,4,,1,99,,11609,30,4,,1,110,,11610,30,4,,1
7201,'CCFFF',704,,11619,30,4,,1,604,,11644,30,4,,1,131,,11629,30,4,,1,175,,11631,30,4,,1,289,,11637,30,4,,1,30,,11638,30,4,,1,99,,11639,30,4,,1,110,,11640,30,4,,1
7201,'CCFSAT',904,,11648,30,4,,1,101,,11649,30,4,,1,202,,11651,30,4,,1,202,,11653,30,4,,1,199,,11655,30,4,,1,198,,11657,30,4,,1,199,,11659,30,4,,1
7201,'CCFSUN',1005,,11662,30,4,,1,202,,11664,30,4,,1,101,,11665,30,4,,1,101,,11666,30,4,,1,199,,11668,30,4,,1,198,,11670,30,4,,1,199,,11672,30,4,,1
7400,'WKDY',539,,11970,27,4,,1,100,,11971,27,4,,1,101,,11972,27,4,,1,71,,12000,27,4,,1,29,,11973,27,4,,1,69,,11974,27,4,,1,30,,11975,27,4,,1,70,,11976,27,4,,1,30,,11977,27,4,,1,70,,11978,27,4,,1,31,,11979,27,4,,1,71,,11980,27,4,,1,30,,11981,27,4,,1,101,,11983,27,4,,1,70,,11984,27,4,,1,99,,11986,27,4,,1,30,,11987,27,4,,1,100,,11989,27,4,,1,70,,11990,27,4,,1,30,,11991,27,4,,1,70,,11992,27,4,,1,30,,11993,27,4,,1
7400,'CCFWK',539,,12030,27,4,,1,100,,12031,27,4,,1,101,,12032,27,4,,1,71,,12060,27,4,,1,29,,12033,27,4,,1,69,,12034,27,4,,1,30,,12035,27,4,,1,70,,12036,27,4,,1,30,,12037,27,4,,1,70,,12038,27,4,,1,31,,12039,27,4,,1,71,,12040,27,4,,1,30,,12041,27,4,,1,101,,12043,27,4,,1,70,,12044,27,4,,1,99,,12046,27,4,,1,30,,12047,27,4,,1,100,,12049,27,4,,1,70,,12050,27,4,,1,30,,12051,27,4,,1,70,,12052,27,4,,1,30,,12053,27,4,,1
7400,'CCFFF',539,,12062,27,4,,1,100,,12063,27,4,,1,101,,12064,27,4,,1,71,,12092,27,4,,1,29,,12065,27,4,,1,69,,12066,27,4,,1,30,,12067,27,4,,1,70,,12068,27,4,,1,30,,12069,27,4,,1,70,,12070,27,4,,1,31,,12071,27,4,,1,71,,12072,27,4,,1,30,,12073,27,4,,1,101,,12075,27,4,,1,70,,12076,27,4,,1,99,,12078,27,4,,1,30,,12079,27,4,,1,100,,12081,27,4,,1,70,,12082,27,4,,1,30,,12083,27,4,,1,70,,12084,27,4,,1,30,,12085,27,4,,1
7800,'SAT',807,,12287,27,4,,1,301,,12290,27,4,,1,201,,12292,27,4,,1,200,,12294,27,4,,1,200,,12296,27,4,,1,199,,12298,27,4,,1
7800,'SUN',807,,12300,27,4,,1,100,,12301,27,4,,1,201,,12303,27,4,,1,401,,12307,27,4,,1,200,,12309,27,4,,1,199,,12311,27,4,,1
7800,'CCFSAT',807,,12373,27,4,,1,301,,12376,27,4,,1,201,,12378,27,4,,1,200,,12380,27,4,,1,200,,12382,27,4,,1,199,,12384,27,4,,1
7800,'CCFSUN',807,,12386,27,4,,1,100,,12387,27,4,,1,201,,12389,27,4,,1,401,,12393,27,4,,1,200,,12395,27,4,,1,199,,12397,27,4,,1
