3100,'WKDY',538,,6077,20,,,1,70,,6078,20,,,1,30,,6079,20,,,1,69,,6080,20,,,1,30,,6081,20,,,1,70,,6082,20,,,1,30,,6083,20,,,1,69,,6084,20,,,1,30,,6085,20,,,1,70,,6086,20,,,1,29,,6087,20,,,1,70,,6088,20,,,1,29,,6089,20,,,1,70,,6090,20,,,1,28,,6091,20,,,1,70,,6092,20,,,1,30,,6093,20,,,1,70,,6094,20,,,1,29,,6095,20,,,1,70,,6096,20,,,1,31,,6097,20,,,1,70,,6098,20,,,1,30,,6099,20,,,1,71,,6100,20,,,1,32,,6101,20,,,1,71,,6102,20,,,1,31,,6103,20,,,1,70,,6104,20,,,1,100,,6105,20,,,1,101,,6106,20,,,1
3100,'SAT',746,,6107,20,,,1,79,,6108,20,,,1,79,,6109,20,,,1,40,,6110,20,,,1,79,,6111,20,,,1,79,,6112,20,,,1,39,,6113,20,,,1,80,,6114,20,,,1,80,,6115,20,,,1,40,,6116,20,,,1,80,,6117,20,,,1,80,,6118,20,,,1,40,,6119,20,,,1,81,,6120,20,,,1,80,,6121,20,,,1,41,,6122,20,,,1,81,,6123,20,,,1,81,,6124,20,,,1,40,,6125,20,,,1
3100,'SUN',746,,6126,20,,,1,100,,6127,20,,,1,98,,6128,20,,,1,100,,6129,20,,,1,97,,6130,20,,,1,100,,6131,20,,,1,100,,6132,20,,,1,100,,6133,20,,,1,100,,6134,20,,,1,100,,6135,20,,,1,102,,6136,20,,,1,100,,6137,20,,,1,102,,6138,20,,,1
3100,'CCFWK',538,,6139,20,,,1,70,,6140,20,,,1,30,,6141,20,,,1,69,,6142,20,,,1,30,,6143,20,,,1,70,,6144,20,,,1,30,,6145,20,,,1,69,,6146,20,,,1,30,,6147,20,,,1,70,,6148,20,,,1,29,,6149,20,,,1,70,,6150,20,,,1,29,,6151,20,,,1,70,,6152,20,,,1,28,,6153,20,,,1,70,,6154,20,,,1,30,,6155,20,,,1,70,,6156,20,,,1,29,,6157,20,,,1,70,,6158,20,,,1,31,,6159,20,,,1,70,,6160,20,,,1,30,,6161,20,,,1,71,,6162,20,,,1,32,,6163,20,,,1,71,,6164,20,,,1,31,,6165,20,,,1,70,,6166,20,,,1,100,,6167,20,,,1,101,,6168,20,,,1
3100,'CCFFF',538,,6169,20,,,1,70,,6170,20,,,1,30,,6171,20,,,1,69,,6172,20,,,1,30,,6173,20,,,1,70,,6174,20,,,1,30,,6175,20,,,1,69,,6176,20,,,1,30,,6177,20,,,1,70,,6178,20,,,1,29,,6179,20,,,1,70,,6180,20,,,1,29,,6181,20,,,1,70,,6182,20,,,1,28,,6183,20,,,1,70,,6184,20,,,1,30,,6185,20,,,1,70,,6186,20,,,1,29,,6187,20,,,1,70,,6188,20,,,1,31,,6189,20,,,1,70,,6190,20,,,1,30,,6191,20,,,1,71,,6192,20,,,1,32,,6193,20,,,1,71,,6194,20,,,1,31,,6195,20,,,1,70,,6196,20,,,1,100,,6197,20,,,1,101,,6198,20,,,1
3100,'CCFSAT',746,,6199,20,,,1,79,,6200,20,,,1,79,,6201,20,,,1,40,,6202,20,,,1,79,,6203,20,,,1,79,,6204,20,,,1,39,,6205,20,,,1,80,,6206,20,,,1,80,,6207,20,,,1,40,,6208,20,,,1,80,,6209,20,,,1,80,,6210,20,,,1,40,,6211,20,,,1,81,,6212,20,,,1,80,,6213,20,,,1,41,,6214,20,,,1,81,,6215,20,,,1,81,,6216,20,,,1,40,,6217,20,,,1
3100,'CCFSUN',746,,6218,20,,,1,100,,6219,20,,,1,98,,6220,20,,,1,100,,6221,20,,,1,97,,6222,20,,,1,100,,6223,20,,,1,100,,6224,20,,,1,100,,6225,20,,,1,100,,6226,20,,,1,100,,6227,20,,,1,102,,6228,20,,,1,100,,6229,20,,,1,102,,6230,20,,,1
7101,'WKDY',540,,11191,18,,,1,65,,11192,18,,,1,28,,11193,18,,,1,70,,11194,18,,,1,15,,11195,18,,,1,15,,11196,18,,,1,15,,11197,18,,,1,56,,11198,18,,,1,15,,11199,18,,,1,15,,11200,18,,,1,15,,11201,18,,,1,56,,11202,18,,,1,15,,11203,18,,,1,16,,11204,18,,,1,15,,11205,18,,,1,55,,11206,18,,,1,15,,11207,18,,,1,15,,11208,18,,,1,15,,11209,18,,,1,55,,11210,18,,,1,15,,11211,18,,,1,15,,11212,18,,,1,19,,11213,18,,,1,48,,11214,18,,,1,15,,11215,18,,,1,15,,11216,18,,,1,16,,11217,18,,,1,55,,11218,18,,,1,15,,11219,18,,,1,15,,11220,18,,,1,16,,11221,18,,,1,55,,11222,18,,,1,16,,11223,18,,,1,16,,11224,18,,,1,15,,11225,18,,,1,56,,11226,18,,,1,15,,11227,18,,,1,16,,11228,18,,,1,15,,11229,18,,,1,55,,11230,18,,,1,15,,11231,18,,,1,15,,11232,18,,,1,15,,11233,18,,,1,55,,11234,18,,,1,16,,11235,18,,,1,14,,11236,18,,,1,14,,11237,18,,,1,55,,11238,18,,,1,28,,11239,18,,,1,68,,11240,18,,,1,30,,11241,18,,,1,70,,11242,18,,,1,30,,11243,18,,,1,69,,11244,18,,,1,30,,11245,18,,,1,70,,11246,18,,,1,30,,11247,18,,,1,100,,11248,18,,,1
7101,'SAT',637,,11249,18,,,1,20,,11296,18,,,1,60,,11297,18,,,1,20,,11250,18,,,1,20,,11251,18,,,1,61,,11252,18,,,1,20,,11253,18,,,1,20,,11254,18,,,1,59,,11255,18,,,1,20,,11256,18,,,1,20,,11257,18,,,1,60,,11258,18,,,1,20,,11259,18,,,1,20,,11260,18,,,1,60,,11261,18,,,1,20,,11262,18,,,1,21,,11263,18,,,1,62,,11264,18,,,1,21,,11265,18,,,1,61,,11266,18,,,1,20,,11267,18,,,1,21,,11268,18,,,1,60,,11269,18,,,1,21,,11270,18,,,1,20,,11271,18,,,1,60,,11272,18,,,1,20,,11273,18,,,1,20,,11274,18,,,1,60,,11275,18,,,1,19,,11276,18,,,1,20,,11277,18,,,1,60,,11278,18,,,1,19,,11279,18,,,1,20,,11280,18,,,1,60,,11281,18,,,1,19,,11282,18,,,1,20,,11283,18,,,1,60,,11284,18,,,1,20,,11285,18,,,1,20,,11286,18,,,1,60,,11287,18,,,1,21,,11288,18,,,1,20,,11289,18,,,1,58,,11290,18,,,1,20,,11291,18,,,1,20,,11292,18,,,1,70,,11293,18,,,1,30,,11294,18,,,1,70,,11295,18,,,1
7101,'SUN',637,,11298,18,,,1,70,,11331,18,,,1,30,,11299,18,,,1,71,,11300,18,,,1,30,,11301,18,,,1,70,,11302,18,,,1,29,,11303,18,,,1,70,,11304,18,,,1,30,,11305,18,,,1,70,,11306,18,,,1,30,,11307,18,,,1,74,,11308,18,,,1,30,,11309,18,,,1,71,,11310,18,,,1,31,,11311,18,,,1,70,,11312,18,,,1,31,,11313,18,,,1,70,,11314,18,,,1,30,,11315,18,,,1,70,,11316,18,,,1,29,,11317,18,,,1,70,,11318,18,,,1,29,,11319,18,,,1,69,,11320,18,,,1,30,,11321,18,,,1,70,,11322,18,,,1,30,,11323,18,,,1,70,,11324,18,,,1,31,,11325,18,,,1,70,,11326,18,,,1,30,,11327,18,,,1,58,,11328,18,,,1,30,,11329,18,,,1,70,,11330,18,,,1
7101,'CCFWK',540,,11332,18,,,1,65,,11333,18,,,1,28,,11334,18,,,1,70,,11335,18,,,1,15,,11336,18,,,1,15,,11337,18,,,1,15,,11338,18,,,1,56,,11339,18,,,1,15,,11340,18,,,1,15,,11341,18,,,1,15,,11342,18,,,1,56,,11343,18,,,1,15,,11344,18,,,1,16,,11345,18,,,1,15,,11346,18,,,1,55,,11347,18,,,1,15,,11348,18,,,1,15,,11349,18,,,1,15,,11350,18,,,1,55,,11351,18,,,1,15,,11352,18,,,1,15,,11353,18,,,1,19,,11354,18,,,1,48,,11355,18,,,1,15,,11356,18,,,1,15,,11357,18,,,1,16,,11358,18,,,1,55,,11359,18,,,1,15,,11360,18,,,1,15,,11361,18,,,1,16,,11362,18,,,1,55,,11363,18,,,1,16,,11364,18,,,1,16,,11365,18,,,1,15,,11366,18,,,1,56,,11367,18,,,1,15,,11368,18,,,1,16,,11369,18,,,1,15,,11370,18,,,1,55,,11371,18,,,1,15,,11372,18,,,1,15,,11373,18,,,1,15,,11374,18,,,1,55,,11375,18,,,1,16,,11376,18,,,1,14,,11377,18,,,1,14,,11378,18,,,1,55,,11379,18,,,1,28,,11380,18,,,1,68,,11381,18,,,1,30,,11382,18,,,1,70,,11383,18,,,1,30,,11384,18,,,1,69,,11385,18,,,1,30,,11386,18,,,1,70,,11387,18,,,1,30,,11388,18,,,1,100,,11389,18,,,1
7101,'CCFFF',540,,11390,18,,,1,65,,11391,18,,,1,28,,11392,18,,,1,70,,11393,18,,,1,15,,11394,18,,,1,15,,11395,18,,,1,15,,11396,18,,,1,56,,11397,18,,,1,15,,11398,18,,,1,15,,11399,18,,,1,15,,11400,18,,,1,56,,11401,18,,,1,15,,11402,18,,,1,16,,11403,18,,,1,15,,11404,18,,,1,55,,11405,18,,,1,15,,11406,18,,,1,15,,11407,18,,,1,15,,11408,18,,,1,55,,11409,18,,,1,15,,11410,18,,,1,15,,11411,18,,,1,19,,11412,18,,,1,48,,11413,18,,,1,15,,11414,18,,,1,15,,11415,18,,,1,16,,11416,18,,,1,55,,11417,18,,,1,15,,11418,18,,,1,15,,11419,18,,,1,16,,11420,18,,,1,55,,11421,18,,,1,16,,11422,18,,,1,16,,11423,18,,,1,15,,11424,18,,,1,56,,11425,18,,,1,15,,11426,18,,,1,16,,11427,18,,,1,15,,11428,18,,,1,55,,11429,18,,,1,15,,11430,18,,,1,15,,11431,18,,,1,15,,11432,18,,,1,55,,11433,18,,,1,16,,11434,18,,,1,14,,11435,18,,,1,14,,11436,18,,,1,55,,11437,18,,,1,28,,11438,18,,,1,68,,11439,18,,,1,30,,11440,18,,,1,70,,11441,18,,,1,30,,11442,18,,,1,69,,11443,18,,,1,30,,11444,18,,,1,70,,11445,18,,,1,30,,11446,18,,,1,100,,11447,18,,,1
7101,'CCFSAT',637,,11448,18,,,1,20,,11495,18,,,1,60,,11496,18,,,1,20,,11449,18,,,1,20,,11450,18,,,1,61,,11451,18,,,1,20,,11452,18,,,1,20,,11453,18,,,1,59,,11454,18,,,1,20,,11455,18,,,1,20,,11456,18,,,1,60,,11457,18,,,1,20,,11458,18,,,1,20,,11459,18,,,1,60,,11460,18,,,1,20,,11461,18,,,1,21,,11462,18,,,1,62,,11463,18,,,1,21,,11464,18,,,1,61,,11465,18,,,1,20,,11466,18,,,1,21,,11467,18,,,1,60,,11468,18,,,1,21,,11469,18,,,1,20,,11470,18,,,1,60,,11471,18,,,1,20,,11472,18,,,1,20,,11473,18,,,1,60,,11474,18,,,1,19,,11475,18,,,1,20,,11476,18,,,1,60,,11477,18,,,1,19,,11478,18,,,1,20,,11479,18,,,1,60,,11480,18,,,1,19,,11481,18,,,1,20,,11482,18,,,1,60,,11483,18,,,1,20,,11484,18,,,1,20,,11485,18,,,1,60,,11486,18,,,1,21,,11487,18,,,1,20,,11488,18,,,1,58,,11489,18,,,1,20,,11490,18,,,1,20,,11491,18,,,1,70,,11492,18,,,1,30,,11493,18,,,1,70,,11494,18,,,1
7101,'CCFSUN',637,,11497,18,,,1,70,,11530,18,,,1,30,,11498,18,,,1,71,,11499,18,,,1,30,,11500,18,,,1,70,,11501,18,,,1,29,,11502,18,,,1,70,,11503,18,,,1,30,,11504,18,,,1,70,,11505,18,,,1,30,,11506,18,,,1,74,,11507,18,,,1,30,,11508,18,,,1,71,,11509,18,,,1,31,,11510,18,,,1,70,,11511,18,,,1,31,,11512,18,,,1,70,,11513,18,,,1,30,,11514,18,,,1,70,,11515,18,,,1,29,,11516,18,,,1,70,,11517,18,,,1,29,,11518,18,,,1,69,,11519,18,,,1,30,,11520,18,,,1,70,,11521,18,,,1,30,,11522,18,,,1,70,,11523,18,,,1,31,,11524,18,,,1,70,,11525,18,,,1,30,,11526,18,,,1,58,,11527,18,,,1,30,,11528,18,,,1,70,,11529,18,,,1
