700,'WKDY',611,,4506,28,,,1,111,,4507,28,,,1,31,,4508,28,,,1,68,,4509,28,,,1,29,,4510,28,,,1,71,,4511,28,,,1,28,,4512,28,,,1,70,,4513,28,,,1,30,,4514,28,,,1,70,,4515,28,,,1,30,,4516,28,,,1,72,,4517,28,,,1,31,,4518,28,,,1,70,,4519,28,,,1,30,,4520,28,,,1,70,,4521,28,,,1,33,,4522,28,,,1,71,,4523,28,,,1,30,,4524,28,,,1,70,,4525,28,,,1,30,,4526,28,,,1,70,,4527,28,,,1,30,,4528,28,,,1,67,,4529,28,,,1,28,,4530,28,,,1,69,,4531,28,,,1,27,,4532,28,,,1,100,,4533,28,,,1,100,,4534,28,,,1
700,'SAT',716,,4546,28,,,1,100,,4547,28,,,1,100,,4535,28,,,1,102,,4536,28,,,1,102,,4537,28,,,1,100,,4538,28,,,1,101,,4539,28,,,1,100,,4540,28,,,1,100,,4541,28,,,1,100,,4542,28,,,1,100,,4543,28,,,1,99,,4544,28,,,1,99,,4545,28,,,1,100,,4548,28,,,1,100,,4549,28,,,1
700,'SUN',716,,4561,28,,,1,100,,4562,28,,,1,100,,4550,28,,,1,102,,4551,28,,,1,102,,4552,28,,,1,100,,4553,28,,,1,101,,4554,28,,,1,100,,4555,28,,,1,100,,4556,28,,,1,100,,4557,28,,,1,100,,4558,28,,,1,99,,4559,28,,,1,99,,4560,28,,,1,100,,4563,28,,,1,100,,4564,28,,,1
700,'CCFWK',611,,4565,28,,,1,111,,4566,28,,,1,31,,4567,28,,,1,68,,4568,28,,,1,29,,4569,28,,,1,71,,4570,28,,,1,28,,4571,28,,,1,70,,4572,28,,,1,30,,4573,28,,,1,70,,4574,28,,,1,30,,4575,28,,,1,72,,4576,28,,,1,31,,4577,28,,,1,70,,4578,28,,,1,30,,4579,28,,,1,70,,4580,28,,,1,33,,4581,28,,,1,71,,4582,28,,,1,30,,4583,28,,,1,70,,4584,28,,,1,30,,4585,28,,,1,70,,4586,28,,,1,30,,4587,28,,,1,67,,4588,28,,,1,28,,4589,28,,,1,69,,4590,28,,,1,27,,4591,28,,,1,100,,4592,28,,,1,100,,4593,28,,,1
700,'CCFFF',611,,4594,28,,,1,111,,4595,28,,,1,31,,4596,28,,,1,68,,4597,28,,,1,29,,4598,28,,,1,71,,4599,28,,,1,28,,4600,28,,,1,70,,4601,28,,,1,30,,4602,28,,,1,70,,4603,28,,,1,30,,4604,28,,,1,72,,4605,28,,,1,31,,4606,28,,,1,70,,4607,28,,,1,30,,4608,28,,,1,70,,4609,28,,,1,33,,4610,28,,,1,71,,4611,28,,,1,30,,4612,28,,,1,70,,4613,28,,,1,30,,4614,28,,,1,70,,4615,28,,,1,30,,4616,28,,,1,67,,4617,28,,,1,28,,4618,28,,,1,69,,4619,28,,,1,27,,4620,28,,,1,100,,4621,28,,,1,100,,4622,28,,,1
700,'CCFSAT',716,,4634,28,,,1,100,,4635,28,,,1,100,,4623,28,,,1,102,,4624,28,,,1,102,,4625,28,,,1,100,,4626,28,,,1,101,,4627,28,,,1,100,,4628,28,,,1,100,,4629,28,,,1,100,,4630,28,,,1,100,,4631,28,,,1,99,,4632,28,,,1,99,,4633,28,,,1,100,,4636,28,,,1,100,,4637,28,,,1
700,'CCFSUN',716,,4649,28,,,1,100,,4650,28,,,1,100,,4638,28,,,1,102,,4639,28,,,1,102,,4640,28,,,1,100,,4641,28,,,1,101,,4642,28,,,1,100,,4643,28,,,1,100,,4644,28,,,1,100,,4645,28,,,1,100,,4646,28,,,1,99,,4647,28,,,1,99,,4648,28,,,1,100,,4651,28,,,1,100,,4652,28,,,1
4700,'WKDY',536,,7212,7,,,1,679,,7213,7,,,1,606,,7214,7,,,1
4700,'CCFWK',536,,7215,7,,,1,679,,7216,7,,,1,606,,7217,7,,,1
4700,'CCFFF',536,,7218,7,,,1,679,,7219,7,,,1,606,,7220,7,,,1
