4800,'WKDY',643,,7269,3,4,,1,200,,7270,3,4,,1,195,,7271,3,4,,1,205,,7272,3,4,,1,195,,7273,3,4,,1,206,,7274,3,4,,1,200,,7275,3,4,,1,170,,7276,3,4,,1
4800,'SAT',811,,7277,3,4,,1,198,,7278,3,4,,1,200,,7279,3,4,,1,200,,7280,3,4,,1,200,,7281,3,4,,1,200,,7282,3,4,,1
4800,'SUN',811,,7283,3,4,,1,198,,7284,3,4,,1,200,,7285,3,4,,1,200,,7286,3,4,,1,200,,7287,3,4,,1,200,,7288,3,4,,1
4800,'CCFWK',643,,7289,3,4,,1,200,,7290,3,4,,1,195,,7291,3,4,,1,205,,7292,3,4,,1,195,,7293,3,4,,1,206,,7294,3,4,,1,200,,7295,3,4,,1,170,,7296,3,4,,1
4800,'CCFFF',643,,7297,3,4,,1,200,,7298,3,4,,1,195,,7299,3,4,,1,205,,7300,3,4,,1,195,,7301,3,4,,1,206,,7302,3,4,,1,200,,7303,3,4,,1,170,,7304,3,4,,1
4800,'CCFSAT',811,,7305,3,4,,1,198,,7306,3,4,,1,200,,7307,3,4,,1,200,,7308,3,4,,1,200,,7309,3,4,,1,200,,7310,3,4,,1
4800,'CCFSUN',811,,7311,3,4,,1,198,,7312,3,4,,1,200,,7313,3,4,,1,200,,7314,3,4,,1,200,,7315,3,4,,1,200,,7316,3,4,,1
4801,'WKDY',643,,7221,1,,,1,200,,7222,1,,,1,195,,7223,1,,,1,205,,7224,1,,,1,195,,7225,1,,,1,206,,7226,1,,,1,200,,7227,1,,,1,170,,7228,1,,,1
4801,'SAT',811,,7229,1,,,1,198,,7230,1,,,1,200,,7231,1,,,1,200,,7232,1,,,1,200,,7233,1,,,1,200,,7234,1,,,1
4801,'SUN',811,,7235,1,,,1,198,,7236,1,,,1,200,,7237,1,,,1,200,,7238,1,,,1,200,,7239,1,,,1,200,,7240,1,,,1
4801,'CCFWK',643,,7241,1,,,1,200,,7242,1,,,1,195,,7243,1,,,1,205,,7244,1,,,1,195,,7245,1,,,1,206,,7246,1,,,1,200,,7247,1,,,1,170,,7248,1,,,1
4801,'CCFFF',643,,7249,1,,,1,200,,7250,1,,,1,195,,7251,1,,,1,205,,7252,1,,,1,195,,7253,1,,,1,206,,7254,1,,,1,200,,7255,1,,,1,170,,7256,1,,,1
4801,'CCFSAT',811,,7257,1,,,1,198,,7258,1,,,1,200,,7259,1,,,1,200,,7260,1,,,1,200,,7261,1,,,1,200,,7262,1,,,1
4801,'CCFSUN',811,,7263,1,,,1,198,,7264,1,,,1,200,,7265,1,,,1,200,,7266,1,,,1,200,,7267,1,,,1,200,,7268,1,,,1
