3000,'WKDY',618,,5724,22,,,1,31,,5725,22,,,1,70,,5726,22,,,1,30,,5727,22,,,1,71,,5728,22,,,1,30,,5729,22,,,1,69,,5730,22,,,1,30,,5731,22,,,1,70,,5732,22,,,1,30,,5733,22,,,1,70,,5734,22,,,1,30,,5735,22,,,1,70,,5736,22,,,1,30,,5737,22,,,1,70,,5738,22,,,1,31,,5739,22,,,1,71,,5740,22,,,1,30,,5741,22,,,1,71,,5742,22,,,1,30,,5743,22,,,1,70,,5744,22,,,1,30,,5745,22,,,1,68,,5746,22,,,1,30,,5747,22,,,1,69,,5748,22,,,1,29,,5749,22,,,1,69,,5750,22,,,1,30,,5751,22,,,1,69,,5752,22,,,1,100,,5753,22,,,1
3000,'SAT',745,,5756,22,,,1,72,,5757,22,,,1,30,,5758,22,,,1,70,,5759,22,,,1,30,,5760,22,,,1,70,,5761,22,,,1,30,,5762,22,,,1,71,,5763,22,,,1,30,,5764,22,,,1,71,,5765,22,,,1,30,,5766,22,,,1,70,,5767,22,,,1,30,,5768,22,,,1,70,,5769,22,,,1,30,,5770,22,,,1,70,,5771,22,,,1,30,,5772,22,,,1,70,,5773,22,,,1,30,,5774,22,,,1,70,,5775,22,,,1,99,,5776,22,,,1,98,,5777,22,,,1,100,,5778,22,,,1
3000,'SUN',817,,5781,22,,,1,100,,5782,22,,,1,100,,5783,22,,,1,101,,5784,22,,,1,101,,5785,22,,,1,100,,5786,22,,,1,100,,5787,22,,,1,100,,5788,22,,,1,100,,5789,22,,,1,100,,5790,22,,,1,99,,5791,22,,,1,98,,5792,22,,,1,100,,5793,22,,,1
3000,'CCFWK',618,,5796,22,,,1,31,,5797,22,,,1,70,,5798,22,,,1,30,,5799,22,,,1,71,,5800,22,,,1,30,,5801,22,,,1,69,,5802,22,,,1,30,,5803,22,,,1,70,,5804,22,,,1,30,,5805,22,,,1,70,,5806,22,,,1,30,,5807,22,,,1,70,,5808,22,,,1,30,,5809,22,,,1,70,,5810,22,,,1,31,,5811,22,,,1,71,,5812,22,,,1,30,,5813,22,,,1,71,,5814,22,,,1,30,,5815,22,,,1,70,,5816,22,,,1,30,,5817,22,,,1,68,,5818,22,,,1,30,,5819,22,,,1,69,,5820,22,,,1,29,,5821,22,,,1,69,,5822,22,,,1,30,,5823,22,,,1,69,,5824,22,,,1,100,,5825,22,,,1
3000,'CCFFF',618,,5828,22,,,1,31,,5829,22,,,1,70,,5830,22,,,1,30,,5831,22,,,1,71,,5832,22,,,1,30,,5833,22,,,1,69,,5834,22,,,1,30,,5835,22,,,1,70,,5836,22,,,1,30,,5837,22,,,1,70,,5838,22,,,1,30,,5839,22,,,1,70,,5840,22,,,1,30,,5841,22,,,1,70,,5842,22,,,1,31,,5843,22,,,1,71,,5844,22,,,1,30,,5845,22,,,1,71,,5846,22,,,1,30,,5847,22,,,1,70,,5848,22,,,1,30,,5849,22,,,1,68,,5850,22,,,1,30,,5851,22,,,1,69,,5852,22,,,1,29,,5853,22,,,1,69,,5854,22,,,1,30,,5855,22,,,1,69,,5856,22,,,1,100,,5857,22,,,1
3000,'CCFSAT',745,,5860,22,,,1,72,,5861,22,,,1,30,,5862,22,,,1,70,,5863,22,,,1,30,,5864,22,,,1,70,,5865,22,,,1,30,,5866,22,,,1,71,,5867,22,,,1,30,,5868,22,,,1,71,,5869,22,,,1,30,,5870,22,,,1,70,,5871,22,,,1,30,,5872,22,,,1,70,,5873,22,,,1,30,,5874,22,,,1,70,,5875,22,,,1,30,,5876,22,,,1,70,,5877,22,,,1,30,,5878,22,,,1,70,,5879,22,,,1,99,,5880,22,,,1,98,,5881,22,,,1,100,,5882,22,,,1
3000,'CCFSUN',817,,5885,22,,,1,100,,5886,22,,,1,100,,5887,22,,,1,101,,5888,22,,,1,101,,5889,22,,,1,100,,5890,22,,,1,100,,5891,22,,,1,100,,5892,22,,,1,100,,5893,22,,,1,100,,5894,22,,,1,99,,5895,22,,,1,98,,5896,22,,,1,100,,5897,22,,,1
8001,'WKDY',614,,12607,21,,,1,30,,12608,21,,,1,71,,12609,21,,,1,31,,12610,21,,,1,70,,12611,21,,,1,30,,12612,21,,,1,69,,12613,21,,,1,30,,12614,21,,,1,70,,12615,21,,,1,31,,12616,21,,,1,70,,12617,21,,,1,30,,12618,21,,,1,70,,12619,21,,,1,30,,12620,21,,,1,70,,12621,21,,,1,31,,12622,21,,,1,70,,12623,21,,,1,30,,12624,21,,,1,72,,12625,21,,,1,33,,12626,21,,,1,67,,12627,21,,,1,29,,12628,21,,,1,69,,12629,21,,,1,29,,12630,21,,,1,69,,12631,21,,,1,30,,12632,21,,,1,70,,12633,21,,,1,29,,12634,21,,,1,70,,12635,21,,,1,30,,12636,21,,,1,69,,12637,21,,,1
8001,'SAT',714,,12651,21,,,1,100,,12638,21,,,1,30,,12639,21,,,1,70,,12640,21,,,1,30,,12652,21,,,1,70,,12641,21,,,1,31,,12653,21,,,1,70,,12642,21,,,1,30,,12654,21,,,1,70,,12643,21,,,1,30,,12655,21,,,1,70,,12644,21,,,1,30,,12656,21,,,1,70,,12645,21,,,1,30,,12657,21,,,1,70,,12646,21,,,1,30,,12658,21,,,1,70,,12647,21,,,1,30,,12659,21,,,1,70,,12648,21,,,1,30,,12660,21,,,1,70,,12649,21,,,1,30,,12661,21,,,1,70,,12650,21,,,1,30,,12662,21,,,1,69,,12665,21,,,1,31,,12663,21,,,1,100,,12664,21,,,1
8001,'SUN',714,,12679,21,,,1,100,,12666,21,,,1,30,,12667,21,,,1,70,,12668,21,,,1,30,,12680,21,,,1,70,,12669,21,,,1,31,,12681,21,,,1,70,,12670,21,,,1,30,,12682,21,,,1,70,,12671,21,,,1,30,,12683,21,,,1,70,,12672,21,,,1,30,,12684,21,,,1,70,,12673,21,,,1,30,,12685,21,,,1,70,,12674,21,,,1,30,,12686,21,,,1,70,,12675,21,,,1,30,,12687,21,,,1,70,,12676,21,,,1,30,,12688,21,,,1,70,,12677,21,,,1,30,,12689,21,,,1,70,,12678,21,,,1,30,,12690,21,,,1,69,,12693,21,,,1,31,,12691,21,,,1,99,,12692,21,,,1
8001,'CCFWK',614,,12694,21,,,1,30,,12695,21,,,1,71,,12696,21,,,1,31,,12697,21,,,1,70,,12698,21,,,1,30,,12699,21,,,1,69,,12700,21,,,1,30,,12701,21,,,1,70,,12702,21,,,1,31,,12703,21,,,1,70,,12704,21,,,1,30,,12705,21,,,1,70,,12706,21,,,1,30,,12707,21,,,1,70,,12708,21,,,1,31,,12709,21,,,1,70,,12710,21,,,1,30,,12711,21,,,1,72,,12712,21,,,1,33,,12713,21,,,1,67,,12714,21,,,1,29,,12715,21,,,1,69,,12716,21,,,1,29,,12717,21,,,1,69,,12718,21,,,1,30,,12719,21,,,1,70,,12720,21,,,1,29,,12721,21,,,1,70,,12722,21,,,1,30,,12723,21,,,1,69,,12724,21,,,1
8001,'CCFFF',614,,12725,21,,,1,30,,12726,21,,,1,71,,12727,21,,,1,31,,12728,21,,,1,70,,12729,21,,,1,30,,12730,21,,,1,69,,12731,21,,,1,30,,12732,21,,,1,70,,12733,21,,,1,31,,12734,21,,,1,70,,12735,21,,,1,30,,12736,21,,,1,70,,12737,21,,,1,30,,12738,21,,,1,70,,12739,21,,,1,31,,12740,21,,,1,70,,12741,21,,,1,30,,12742,21,,,1,72,,12743,21,,,1,33,,12744,21,,,1,67,,12745,21,,,1,29,,12746,21,,,1,69,,12747,21,,,1,29,,12748,21,,,1,69,,12749,21,,,1,30,,12750,21,,,1,70,,12751,21,,,1,29,,12752,21,,,1,70,,12753,21,,,1,30,,12754,21,,,1,69,,12755,21,,,1
8001,'CCFSAT',714,,12769,21,,,1,100,,12756,21,,,1,30,,12757,21,,,1,70,,12758,21,,,1,30,,12770,21,,,1,70,,12759,21,,,1,31,,12771,21,,,1,70,,12760,21,,,1,30,,12772,21,,,1,70,,12761,21,,,1,30,,12773,21,,,1,70,,12762,21,,,1,30,,12774,21,,,1,70,,12763,21,,,1,30,,12775,21,,,1,70,,12764,21,,,1,30,,12776,21,,,1,70,,12765,21,,,1,30,,12777,21,,,1,70,,12766,21,,,1,30,,12778,21,,,1,70,,12767,21,,,1,30,,12779,21,,,1,70,,12768,21,,,1,30,,12780,21,,,1,69,,12783,21,,,1,31,,12781,21,,,1,100,,12782,21,,,1
8001,'CCFSUN',714,,12797,21,,,1,100,,12784,21,,,1,30,,12785,21,,,1,70,,12786,21,,,1,30,,12798,21,,,1,70,,12787,21,,,1,31,,12799,21,,,1,70,,12788,21,,,1,30,,12800,21,,,1,70,,12789,21,,,1,30,,12801,21,,,1,70,,12790,21,,,1,30,,12802,21,,,1,70,,12791,21,,,1,30,,12803,21,,,1,70,,12792,21,,,1,30,,12804,21,,,1,70,,12793,21,,,1,30,,12805,21,,,1,70,,12794,21,,,1,30,,12806,21,,,1,70,,12795,21,,,1,30,,12807,21,,,1,70,,12796,21,,,1,30,,12808,21,,,1,70,,12811,21,,,1,30,,12809,21,,,1,99,,12810,21,,,1
