3001,'WKDY',616,,5724,19,,,1,31,,5725,19,,,1,70,,5726,19,,,1,30,,5727,19,,,1,71,,5728,19,,,1,30,,5729,19,,,1,69,,5730,19,,,1,30,,5731,19,,,1,70,,5732,19,,,1,30,,5733,19,,,1,70,,5734,19,,,1,30,,5735,19,,,1,70,,5736,19,,,1,30,,5737,19,,,1,70,,5738,19,,,1,31,,5739,19,,,1,71,,5740,19,,,1,30,,5741,19,,,1,71,,5742,19,,,1,30,,5743,19,,,1,70,,5744,19,,,1,30,,5745,19,,,1,68,,5746,19,,,1,30,,5747,19,,,1,69,,5748,19,,,1,29,,5749,19,,,1,69,,5750,19,,,1,30,,5751,19,,,1,69,,5752,19,,,1,100,,5753,19,,,1
3001,'SAT',743,,5756,19,,,1,72,,5757,19,,,1,30,,5758,19,,,1,70,,5759,19,,,1,30,,5760,19,,,1,70,,5761,19,,,1,30,,5762,19,,,1,71,,5763,19,,,1,30,,5764,19,,,1,71,,5765,19,,,1,30,,5766,19,,,1,70,,5767,19,,,1,30,,5768,19,,,1,70,,5769,19,,,1,30,,5770,19,,,1,70,,5771,19,,,1,30,,5772,19,,,1,70,,5773,19,,,1,30,,5774,19,,,1,70,,5775,19,,,1,99,,5776,19,,,1,98,,5777,19,,,1,100,,5778,19,,,1
3001,'SUN',815,,5781,19,,,1,100,,5782,19,,,1,100,,5783,19,,,1,101,,5784,19,,,1,101,,5785,19,,,1,100,,5786,19,,,1,100,,5787,19,,,1,100,,5788,19,,,1,100,,5789,19,,,1,100,,5790,19,,,1,99,,5791,19,,,1,98,,5792,19,,,1,100,,5793,19,,,1
3001,'CCFWK',616,,5796,19,,,1,31,,5797,19,,,1,70,,5798,19,,,1,30,,5799,19,,,1,71,,5800,19,,,1,30,,5801,19,,,1,69,,5802,19,,,1,30,,5803,19,,,1,70,,5804,19,,,1,30,,5805,19,,,1,70,,5806,19,,,1,30,,5807,19,,,1,70,,5808,19,,,1,30,,5809,19,,,1,70,,5810,19,,,1,31,,5811,19,,,1,71,,5812,19,,,1,30,,5813,19,,,1,71,,5814,19,,,1,30,,5815,19,,,1,70,,5816,19,,,1,30,,5817,19,,,1,68,,5818,19,,,1,30,,5819,19,,,1,69,,5820,19,,,1,29,,5821,19,,,1,69,,5822,19,,,1,30,,5823,19,,,1,69,,5824,19,,,1,100,,5825,19,,,1
3001,'CCFFF',616,,5828,19,,,1,31,,5829,19,,,1,70,,5830,19,,,1,30,,5831,19,,,1,71,,5832,19,,,1,30,,5833,19,,,1,69,,5834,19,,,1,30,,5835,19,,,1,70,,5836,19,,,1,30,,5837,19,,,1,70,,5838,19,,,1,30,,5839,19,,,1,70,,5840,19,,,1,30,,5841,19,,,1,70,,5842,19,,,1,31,,5843,19,,,1,71,,5844,19,,,1,30,,5845,19,,,1,71,,5846,19,,,1,30,,5847,19,,,1,70,,5848,19,,,1,30,,5849,19,,,1,68,,5850,19,,,1,30,,5851,19,,,1,69,,5852,19,,,1,29,,5853,19,,,1,69,,5854,19,,,1,30,,5855,19,,,1,69,,5856,19,,,1,100,,5857,19,,,1
3001,'CCFSAT',743,,5860,19,,,1,72,,5861,19,,,1,30,,5862,19,,,1,70,,5863,19,,,1,30,,5864,19,,,1,70,,5865,19,,,1,30,,5866,19,,,1,71,,5867,19,,,1,30,,5868,19,,,1,71,,5869,19,,,1,30,,5870,19,,,1,70,,5871,19,,,1,30,,5872,19,,,1,70,,5873,19,,,1,30,,5874,19,,,1,70,,5875,19,,,1,30,,5876,19,,,1,70,,5877,19,,,1,30,,5878,19,,,1,70,,5879,19,,,1,99,,5880,19,,,1,98,,5881,19,,,1,100,,5882,19,,,1
3001,'CCFSUN',815,,5885,19,,,1,100,,5886,19,,,1,100,,5887,19,,,1,101,,5888,19,,,1,101,,5889,19,,,1,100,,5890,19,,,1,100,,5891,19,,,1,100,,5892,19,,,1,100,,5893,19,,,1,100,,5894,19,,,1,99,,5895,19,,,1,98,,5896,19,,,1,100,,5897,19,,,1
8000,'WKDY',613,,12607,18,,,1,30,,12608,18,,,1,70,,12609,18,,,1,31,,12610,18,,,1,70,,12611,18,,,1,30,,12612,18,,,1,69,,12613,18,,,1,30,,12614,18,,,1,70,,12615,18,,,1,31,,12616,18,,,1,70,,12617,18,,,1,30,,12618,18,,,1,70,,12619,18,,,1,30,,12620,18,,,1,70,,12621,18,,,1,31,,12622,18,,,1,70,,12623,18,,,1,30,,12624,18,,,1,71,,12625,18,,,1,33,,12626,18,,,1,67,,12627,18,,,1,29,,12628,18,,,1,69,,12629,18,,,1,30,,12630,18,,,1,69,,12631,18,,,1,30,,12632,18,,,1,70,,12633,18,,,1,30,,12634,18,,,1,70,,12635,18,,,1,30,,12636,18,,,1,69,,12637,18,,,1
8000,'SAT',713,,12651,18,,,1,100,,12638,18,,,1,30,,12639,18,,,1,70,,12640,18,,,1,29,,12652,18,,,1,70,,12641,18,,,1,31,,12653,18,,,1,70,,12642,18,,,1,30,,12654,18,,,1,70,,12643,18,,,1,30,,12655,18,,,1,70,,12644,18,,,1,30,,12656,18,,,1,70,,12645,18,,,1,30,,12657,18,,,1,70,,12646,18,,,1,30,,12658,18,,,1,70,,12647,18,,,1,30,,12659,18,,,1,70,,12648,18,,,1,30,,12660,18,,,1,70,,12649,18,,,1,30,,12661,18,,,1,70,,12650,18,,,1,30,,12662,18,,,1,70,,12665,18,,,1,30,,12663,18,,,1,100,,12664,18,,,1
8000,'SUN',713,,12679,18,,,1,100,,12666,18,,,1,30,,12667,18,,,1,70,,12668,18,,,1,29,,12680,18,,,1,70,,12669,18,,,1,31,,12681,18,,,1,70,,12670,18,,,1,30,,12682,18,,,1,70,,12671,18,,,1,30,,12683,18,,,1,70,,12672,18,,,1,30,,12684,18,,,1,70,,12673,18,,,1,30,,12685,18,,,1,70,,12674,18,,,1,30,,12686,18,,,1,70,,12675,18,,,1,30,,12687,18,,,1,70,,12676,18,,,1,30,,12688,18,,,1,70,,12677,18,,,1,30,,12689,18,,,1,70,,12678,18,,,1,30,,12690,18,,,1,70,,12693,18,,,1,30,,12691,18,,,1,100,,12692,18,,,1
8000,'CCFWK',613,,12694,18,,,1,30,,12695,18,,,1,70,,12696,18,,,1,31,,12697,18,,,1,70,,12698,18,,,1,30,,12699,18,,,1,69,,12700,18,,,1,30,,12701,18,,,1,70,,12702,18,,,1,31,,12703,18,,,1,70,,12704,18,,,1,30,,12705,18,,,1,70,,12706,18,,,1,30,,12707,18,,,1,70,,12708,18,,,1,31,,12709,18,,,1,70,,12710,18,,,1,30,,12711,18,,,1,71,,12712,18,,,1,33,,12713,18,,,1,67,,12714,18,,,1,29,,12715,18,,,1,69,,12716,18,,,1,30,,12717,18,,,1,69,,12718,18,,,1,30,,12719,18,,,1,70,,12720,18,,,1,30,,12721,18,,,1,70,,12722,18,,,1,30,,12723,18,,,1,69,,12724,18,,,1
8000,'CCFFF',613,,12725,18,,,1,30,,12726,18,,,1,70,,12727,18,,,1,31,,12728,18,,,1,70,,12729,18,,,1,30,,12730,18,,,1,69,,12731,18,,,1,30,,12732,18,,,1,70,,12733,18,,,1,31,,12734,18,,,1,70,,12735,18,,,1,30,,12736,18,,,1,70,,12737,18,,,1,30,,12738,18,,,1,70,,12739,18,,,1,31,,12740,18,,,1,70,,12741,18,,,1,30,,12742,18,,,1,71,,12743,18,,,1,33,,12744,18,,,1,67,,12745,18,,,1,29,,12746,18,,,1,69,,12747,18,,,1,30,,12748,18,,,1,69,,12749,18,,,1,30,,12750,18,,,1,70,,12751,18,,,1,30,,12752,18,,,1,70,,12753,18,,,1,30,,12754,18,,,1,69,,12755,18,,,1
8000,'CCFSAT',713,,12769,18,,,1,100,,12756,18,,,1,30,,12757,18,,,1,70,,12758,18,,,1,29,,12770,18,,,1,70,,12759,18,,,1,31,,12771,18,,,1,70,,12760,18,,,1,30,,12772,18,,,1,70,,12761,18,,,1,30,,12773,18,,,1,70,,12762,18,,,1,30,,12774,18,,,1,70,,12763,18,,,1,30,,12775,18,,,1,70,,12764,18,,,1,30,,12776,18,,,1,70,,12765,18,,,1,30,,12777,18,,,1,70,,12766,18,,,1,30,,12778,18,,,1,70,,12767,18,,,1,30,,12779,18,,,1,70,,12768,18,,,1,30,,12780,18,,,1,70,,12783,18,,,1,30,,12781,18,,,1,100,,12782,18,,,1
8000,'CCFSUN',713,,12797,18,,,1,100,,12784,18,,,1,30,,12785,18,,,1,70,,12786,18,,,1,29,,12798,18,,,1,70,,12787,18,,,1,31,,12799,18,,,1,70,,12788,18,,,1,30,,12800,18,,,1,70,,12789,18,,,1,30,,12801,18,,,1,70,,12790,18,,,1,30,,12802,18,,,1,70,,12791,18,,,1,30,,12803,18,,,1,70,,12792,18,,,1,30,,12804,18,,,1,70,,12793,18,,,1,30,,12805,18,,,1,70,,12794,18,,,1,30,,12806,18,,,1,70,,12795,18,,,1,30,,12807,18,,,1,70,,12796,18,,,1,30,,12808,18,,,1,70,,12811,18,,,1,30,,12809,18,,,1,100,,12810,18,,,1
