3100,'WKDY',536,,6077,17,,,1,70,,6078,17,,,1,30,,6079,17,,,1,69,,6080,17,,,1,30,,6081,17,,,1,70,,6082,17,,,1,30,,6083,17,,,1,69,,6084,17,,,1,30,,6085,17,,,1,70,,6086,17,,,1,29,,6087,17,,,1,70,,6088,17,,,1,29,,6089,17,,,1,70,,6090,17,,,1,28,,6091,17,,,1,70,,6092,17,,,1,30,,6093,17,,,1,70,,6094,17,,,1,29,,6095,17,,,1,30,,6096,17,,,1,71,,6097,17,,,1,70,,6098,17,,,1,30,,6099,17,,,1,71,,6100,17,,,1,32,,6101,17,,,1,71,,6102,17,,,1,31,,6103,17,,,1,70,,6104,17,,,1,100,,6105,17,,,1,101,,6106,17,,,1
3100,'SAT',745,,6107,17,,,1,79,,6108,17,,,1,79,,6109,17,,,1,39,,6110,17,,,1,79,,6111,17,,,1,79,,6112,17,,,1,39,,6113,17,,,1,80,,6114,17,,,1,40,,6115,17,,,1,80,,6116,17,,,1,80,,6117,17,,,1,40,,6118,17,,,1,80,,6119,17,,,1,81,,6120,17,,,1,80,,6121,17,,,1,41,,6122,17,,,1,81,,6123,17,,,1,82,,6124,17,,,1,40,,6125,17,,,1
3100,'SUN',744,,6126,17,,,1,100,,6127,17,,,1,98,,6128,17,,,1,100,,6129,17,,,1,97,,6130,17,,,1,100,,6131,17,,,1,100,,6132,17,,,1,100,,6133,17,,,1,100,,6134,17,,,1,100,,6135,17,,,1,102,,6136,17,,,1,101,,6137,17,,,1,102,,6138,17,,,1
3100,'CCFWK',536,,6139,17,,,1,70,,6140,17,,,1,30,,6141,17,,,1,69,,6142,17,,,1,30,,6143,17,,,1,70,,6144,17,,,1,30,,6145,17,,,1,69,,6146,17,,,1,30,,6147,17,,,1,70,,6148,17,,,1,29,,6149,17,,,1,70,,6150,17,,,1,29,,6151,17,,,1,70,,6152,17,,,1,28,,6153,17,,,1,70,,6154,17,,,1,30,,6155,17,,,1,70,,6156,17,,,1,29,,6157,17,,,1,30,,6158,17,,,1,71,,6159,17,,,1,70,,6160,17,,,1,30,,6161,17,,,1,71,,6162,17,,,1,32,,6163,17,,,1,71,,6164,17,,,1,31,,6165,17,,,1,70,,6166,17,,,1,100,,6167,17,,,1,101,,6168,17,,,1
3100,'CCFFF',536,,6169,17,,,1,70,,6170,17,,,1,30,,6171,17,,,1,69,,6172,17,,,1,30,,6173,17,,,1,70,,6174,17,,,1,30,,6175,17,,,1,69,,6176,17,,,1,30,,6177,17,,,1,70,,6178,17,,,1,29,,6179,17,,,1,70,,6180,17,,,1,29,,6181,17,,,1,70,,6182,17,,,1,28,,6183,17,,,1,70,,6184,17,,,1,30,,6185,17,,,1,70,,6186,17,,,1,29,,6187,17,,,1,30,,6188,17,,,1,71,,6189,17,,,1,70,,6190,17,,,1,30,,6191,17,,,1,71,,6192,17,,,1,32,,6193,17,,,1,71,,6194,17,,,1,31,,6195,17,,,1,70,,6196,17,,,1,100,,6197,17,,,1,101,,6198,17,,,1
3100,'CCFSAT',745,,6199,17,,,1,79,,6200,17,,,1,79,,6201,17,,,1,39,,6202,17,,,1,79,,6203,17,,,1,79,,6204,17,,,1,39,,6205,17,,,1,80,,6206,17,,,1,40,,6207,17,,,1,80,,6208,17,,,1,80,,6209,17,,,1,40,,6210,17,,,1,80,,6211,17,,,1,81,,6212,17,,,1,80,,6213,17,,,1,41,,6214,17,,,1,81,,6215,17,,,1,82,,6216,17,,,1,40,,6217,17,,,1
3100,'CCFSUN',744,,6218,17,,,1,100,,6219,17,,,1,98,,6220,17,,,1,100,,6221,17,,,1,97,,6222,17,,,1,100,,6223,17,,,1,100,,6224,17,,,1,100,,6225,17,,,1,100,,6226,17,,,1,100,,6227,17,,,1,102,,6228,17,,,1,101,,6229,17,,,1,102,,6230,17,,,1
7101,'WKDY',538,,11191,15,,,1,65,,11192,15,,,1,28,,11193,15,,,1,70,,11194,15,,,1,15,,11195,15,,,1,15,,11196,15,,,1,15,,11197,15,,,1,56,,11198,15,,,1,15,,11199,15,,,1,15,,11200,15,,,1,15,,11201,15,,,1,56,,11202,15,,,1,15,,11203,15,,,1,16,,11204,15,,,1,15,,11205,15,,,1,55,,11206,15,,,1,15,,11207,15,,,1,15,,11208,15,,,1,15,,11209,15,,,1,55,,11210,15,,,1,15,,11211,15,,,1,15,,11212,15,,,1,19,,11213,15,,,1,48,,11214,15,,,1,15,,11215,15,,,1,15,,11216,15,,,1,16,,11217,15,,,1,55,,11218,15,,,1,15,,11219,15,,,1,15,,11220,15,,,1,16,,11221,15,,,1,55,,11222,15,,,1,16,,11223,15,,,1,16,,11224,15,,,1,15,,11225,15,,,1,56,,11226,15,,,1,15,,11227,15,,,1,16,,11228,15,,,1,15,,11229,15,,,1,55,,11230,15,,,1,15,,11231,15,,,1,15,,11232,15,,,1,15,,11233,15,,,1,55,,11234,15,,,1,16,,11235,15,,,1,14,,11236,15,,,1,14,,11237,15,,,1,55,,11238,15,,,1,28,,11239,15,,,1,68,,11240,15,,,1,30,,11241,15,,,1,70,,11242,15,,,1,30,,11243,15,,,1,69,,11244,15,,,1,30,,11245,15,,,1,70,,11246,15,,,1,30,,11247,15,,,1,100,,11248,15,,,1
7101,'SAT',635,,11249,15,,,1,20,,11296,15,,,1,60,,11297,15,,,1,20,,11250,15,,,1,20,,11251,15,,,1,61,,11252,15,,,1,20,,11253,15,,,1,20,,11254,15,,,1,59,,11255,15,,,1,20,,11256,15,,,1,20,,11257,15,,,1,60,,11258,15,,,1,20,,11259,15,,,1,20,,11260,15,,,1,60,,11261,15,,,1,20,,11262,15,,,1,21,,11263,15,,,1,62,,11264,15,,,1,21,,11265,15,,,1,61,,11266,15,,,1,20,,11267,15,,,1,21,,11268,15,,,1,60,,11269,15,,,1,21,,11270,15,,,1,20,,11271,15,,,1,60,,11272,15,,,1,20,,11273,15,,,1,20,,11274,15,,,1,60,,11275,15,,,1,19,,11276,15,,,1,20,,11277,15,,,1,60,,11278,15,,,1,19,,11279,15,,,1,20,,11280,15,,,1,60,,11281,15,,,1,19,,11282,15,,,1,20,,11283,15,,,1,20,,11284,15,,,1,60,,11285,15,,,1,20,,11286,15,,,1,20,,11287,15,,,1,61,,11288,15,,,1,20,,11289,15,,,1,18,,11290,15,,,1,60,,11291,15,,,1,20,,11292,15,,,1,70,,11293,15,,,1,30,,11294,15,,,1,70,,11295,15,,,1
7101,'SUN',635,,11298,15,,,1,70,,11331,15,,,1,30,,11299,15,,,1,71,,11300,15,,,1,30,,11301,15,,,1,70,,11302,15,,,1,29,,11303,15,,,1,70,,11304,15,,,1,30,,11305,15,,,1,70,,11306,15,,,1,30,,11307,15,,,1,74,,11308,15,,,1,30,,11309,15,,,1,71,,11310,15,,,1,31,,11311,15,,,1,70,,11312,15,,,1,31,,11313,15,,,1,70,,11314,15,,,1,30,,11315,15,,,1,70,,11316,15,,,1,29,,11317,15,,,1,70,,11318,15,,,1,29,,11319,15,,,1,69,,11320,15,,,1,30,,11321,15,,,1,70,,11322,15,,,1,30,,11323,15,,,1,70,,11324,15,,,1,31,,11325,15,,,1,70,,11326,15,,,1,30,,11327,15,,,1,18,,11328,15,,,1,70,,11329,15,,,1,30,,11330,15,,,1
7101,'CCFWK',538,,11332,15,,,1,65,,11333,15,,,1,28,,11334,15,,,1,70,,11335,15,,,1,15,,11336,15,,,1,15,,11337,15,,,1,15,,11338,15,,,1,56,,11339,15,,,1,15,,11340,15,,,1,15,,11341,15,,,1,15,,11342,15,,,1,56,,11343,15,,,1,15,,11344,15,,,1,16,,11345,15,,,1,15,,11346,15,,,1,55,,11347,15,,,1,15,,11348,15,,,1,15,,11349,15,,,1,15,,11350,15,,,1,55,,11351,15,,,1,15,,11352,15,,,1,15,,11353,15,,,1,19,,11354,15,,,1,48,,11355,15,,,1,15,,11356,15,,,1,15,,11357,15,,,1,16,,11358,15,,,1,55,,11359,15,,,1,15,,11360,15,,,1,15,,11361,15,,,1,16,,11362,15,,,1,55,,11363,15,,,1,16,,11364,15,,,1,16,,11365,15,,,1,15,,11366,15,,,1,56,,11367,15,,,1,15,,11368,15,,,1,16,,11369,15,,,1,15,,11370,15,,,1,55,,11371,15,,,1,15,,11372,15,,,1,15,,11373,15,,,1,15,,11374,15,,,1,55,,11375,15,,,1,16,,11376,15,,,1,14,,11377,15,,,1,14,,11378,15,,,1,55,,11379,15,,,1,28,,11380,15,,,1,68,,11381,15,,,1,30,,11382,15,,,1,70,,11383,15,,,1,30,,11384,15,,,1,69,,11385,15,,,1,30,,11386,15,,,1,70,,11387,15,,,1,30,,11388,15,,,1,100,,11389,15,,,1
7101,'CCFFF',538,,11390,15,,,1,65,,11391,15,,,1,28,,11392,15,,,1,70,,11393,15,,,1,15,,11394,15,,,1,15,,11395,15,,,1,15,,11396,15,,,1,56,,11397,15,,,1,15,,11398,15,,,1,15,,11399,15,,,1,15,,11400,15,,,1,56,,11401,15,,,1,15,,11402,15,,,1,16,,11403,15,,,1,15,,11404,15,,,1,55,,11405,15,,,1,15,,11406,15,,,1,15,,11407,15,,,1,15,,11408,15,,,1,55,,11409,15,,,1,15,,11410,15,,,1,15,,11411,15,,,1,19,,11412,15,,,1,48,,11413,15,,,1,15,,11414,15,,,1,15,,11415,15,,,1,16,,11416,15,,,1,55,,11417,15,,,1,15,,11418,15,,,1,15,,11419,15,,,1,16,,11420,15,,,1,55,,11421,15,,,1,16,,11422,15,,,1,16,,11423,15,,,1,15,,11424,15,,,1,56,,11425,15,,,1,15,,11426,15,,,1,16,,11427,15,,,1,15,,11428,15,,,1,55,,11429,15,,,1,15,,11430,15,,,1,15,,11431,15,,,1,15,,11432,15,,,1,55,,11433,15,,,1,16,,11434,15,,,1,14,,11435,15,,,1,14,,11436,15,,,1,55,,11437,15,,,1,28,,11438,15,,,1,68,,11439,15,,,1,30,,11440,15,,,1,70,,11441,15,,,1,30,,11442,15,,,1,69,,11443,15,,,1,30,,11444,15,,,1,70,,11445,15,,,1,30,,11446,15,,,1,100,,11447,15,,,1
7101,'CCFSAT',635,,11448,15,,,1,20,,11495,15,,,1,60,,11496,15,,,1,20,,11449,15,,,1,20,,11450,15,,,1,61,,11451,15,,,1,20,,11452,15,,,1,20,,11453,15,,,1,59,,11454,15,,,1,20,,11455,15,,,1,20,,11456,15,,,1,60,,11457,15,,,1,20,,11458,15,,,1,20,,11459,15,,,1,60,,11460,15,,,1,20,,11461,15,,,1,21,,11462,15,,,1,62,,11463,15,,,1,21,,11464,15,,,1,61,,11465,15,,,1,20,,11466,15,,,1,21,,11467,15,,,1,60,,11468,15,,,1,21,,11469,15,,,1,20,,11470,15,,,1,60,,11471,15,,,1,20,,11472,15,,,1,20,,11473,15,,,1,60,,11474,15,,,1,19,,11475,15,,,1,20,,11476,15,,,1,60,,11477,15,,,1,19,,11478,15,,,1,20,,11479,15,,,1,60,,11480,15,,,1,19,,11481,15,,,1,20,,11482,15,,,1,20,,11483,15,,,1,60,,11484,15,,,1,20,,11485,15,,,1,20,,11486,15,,,1,61,,11487,15,,,1,20,,11488,15,,,1,18,,11489,15,,,1,60,,11490,15,,,1,20,,11491,15,,,1,70,,11492,15,,,1,30,,11493,15,,,1,70,,11494,15,,,1
7101,'CCFSUN',635,,11497,15,,,1,70,,11530,15,,,1,30,,11498,15,,,1,71,,11499,15,,,1,30,,11500,15,,,1,70,,11501,15,,,1,29,,11502,15,,,1,70,,11503,15,,,1,30,,11504,15,,,1,70,,11505,15,,,1,30,,11506,15,,,1,74,,11507,15,,,1,30,,11508,15,,,1,71,,11509,15,,,1,31,,11510,15,,,1,70,,11511,15,,,1,31,,11512,15,,,1,70,,11513,15,,,1,30,,11514,15,,,1,70,,11515,15,,,1,29,,11516,15,,,1,70,,11517,15,,,1,29,,11518,15,,,1,69,,11519,15,,,1,30,,11520,15,,,1,70,,11521,15,,,1,30,,11522,15,,,1,70,,11523,15,,,1,31,,11524,15,,,1,70,,11525,15,,,1,30,,11526,15,,,1,18,,11527,15,,,1,70,,11528,15,,,1,30,,11529,15,,,1
