1201,'WKDY',620,,5038,4,,,1,30,,5039,4,,,1,69,,5040,4,,,1,30,,5041,4,,,1,70,,5042,4,,,1,30,,5043,4,,,1,70,,5044,4,,,1,30,,5045,4,,,1,70,,5046,4,,,1,30,,5047,4,,,1,70,,5048,4,,,1,30,,5049,4,,,1,70,,5050,4,,,1,30,,5051,4,,,1,70,,5052,4,,,1,30,,5053,4,,,1,70,,5054,4,,,1,30,,5055,4,,,1,70,,5056,4,,,1,30,,5057,4,,,1,70,,5058,4,,,1,30,,5059,4,,,1,70,,5060,4,,,1,30,,5061,4,,,1,70,,5062,4,,,1,30,,5063,4,,,1,70,,5064,4,,,1,29,,5065,4,,,1,70,,5066,4,,,1,30,,5067,4,,,1,70,,5068,4,,,1,30,,5069,4,,,1
1201,'SAT',711,,5070,4,,,1,100,,5071,4,,,1,100,,5072,4,,,1,100,,5073,4,,,1,100,,5074,4,,,1,100,,5075,4,,,1,100,,5076,4,,,1,100,,5077,4,,,1,100,,5078,4,,,1,100,,5079,4,,,1,100,,5080,4,,,1,100,,5081,4,,,1,100,,5082,4,,,1,100,,5083,4,,,1,100,,5084,4,,,1,100,,5085,4,,,1
1201,'SUN',711,,5086,4,,,1,100,,5087,4,,,1,100,,5088,4,,,1,100,,5089,4,,,1,100,,5090,4,,,1,100,,5091,4,,,1,100,,5092,4,,,1,100,,5093,4,,,1,100,,5094,4,,,1,100,,5095,4,,,1,100,,5096,4,,,1,100,,5097,4,,,1,100,,5098,4,,,1,100,,5099,4,,,1,100,,5100,4,,,1,100,,5101,4,,,1
1201,'CCFWK',620,,5102,4,,,1,30,,5103,4,,,1,69,,5104,4,,,1,30,,5105,4,,,1,70,,5106,4,,,1,30,,5107,4,,,1,70,,5108,4,,,1,30,,5109,4,,,1,70,,5110,4,,,1,30,,5111,4,,,1,70,,5112,4,,,1,30,,5113,4,,,1,70,,5114,4,,,1,30,,5115,4,,,1,70,,5116,4,,,1,30,,5117,4,,,1,70,,5118,4,,,1,30,,5119,4,,,1,70,,5120,4,,,1,30,,5121,4,,,1,70,,5122,4,,,1,30,,5123,4,,,1,70,,5124,4,,,1,30,,5125,4,,,1,70,,5126,4,,,1,30,,5127,4,,,1,70,,5128,4,,,1,29,,5129,4,,,1,70,,5130,4,,,1,30,,5131,4,,,1,70,,5132,4,,,1,30,,5133,4,,,1
1201,'CCFFF',620,,5134,4,,,1,30,,5135,4,,,1,69,,5136,4,,,1,30,,5137,4,,,1,70,,5138,4,,,1,30,,5139,4,,,1,70,,5140,4,,,1,30,,5141,4,,,1,70,,5142,4,,,1,30,,5143,4,,,1,70,,5144,4,,,1,30,,5145,4,,,1,70,,5146,4,,,1,30,,5147,4,,,1,70,,5148,4,,,1,30,,5149,4,,,1,70,,5150,4,,,1,30,,5151,4,,,1,70,,5152,4,,,1,30,,5153,4,,,1,70,,5154,4,,,1,30,,5155,4,,,1,70,,5156,4,,,1,30,,5157,4,,,1,70,,5158,4,,,1,30,,5159,4,,,1,70,,5160,4,,,1,29,,5161,4,,,1,70,,5162,4,,,1,30,,5163,4,,,1,70,,5164,4,,,1,30,,5165,4,,,1
1201,'CCFSAT',711,,5166,4,,,1,100,,5167,4,,,1,100,,5168,4,,,1,100,,5169,4,,,1,100,,5170,4,,,1,100,,5171,4,,,1,100,,5172,4,,,1,100,,5173,4,,,1,100,,5174,4,,,1,100,,5175,4,,,1,100,,5176,4,,,1,100,,5177,4,,,1,100,,5178,4,,,1,100,,5179,4,,,1,100,,5180,4,,,1,100,,5181,4,,,1
1201,'CCFSUN',711,,5182,4,,,1,100,,5183,4,,,1,100,,5184,4,,,1,100,,5185,4,,,1,100,,5186,4,,,1,100,,5187,4,,,1,100,,5188,4,,,1,100,,5189,4,,,1,100,,5190,4,,,1,100,,5191,4,,,1,100,,5192,4,,,1,100,,5193,4,,,1,100,,5194,4,,,1,100,,5195,4,,,1,100,,5196,4,,,1,100,,5197,4,,,1
8001,'WKDY',602,,12607,5,,,1,30,,12608,5,,,1,70,,12609,5,,,1,30,,12610,5,,,1,70,,12611,5,,,1,30,,12612,5,,,1,70,,12613,5,,,1,30,,12614,5,,,1,70,,12615,5,,,1,30,,12616,5,,,1,70,,12617,5,,,1,30,,12618,5,,,1,70,,12619,5,,,1,30,,12620,5,,,1,70,,12621,5,,,1,30,,12622,5,,,1,70,,12623,5,,,1,30,,12624,5,,,1,70,,12625,5,,,1,32,,12626,5,,,1,67,,12627,5,,,1,30,,12628,5,,,1,70,,12629,5,,,1,30,,12630,5,,,1,71,,12631,5,,,1,30,,12632,5,,,1,70,,12633,5,,,1,30,,12634,5,,,1,70,,12635,5,,,1,30,,12636,5,,,1,69,,12637,5,,,1
8001,'SAT',702,,12651,5,,,1,100,,12638,5,,,1,30,,12639,5,,,1,70,,12640,5,,,1,29,,12652,5,,,1,70,,12641,5,,,1,31,,12653,5,,,1,70,,12642,5,,,1,30,,12654,5,,,1,70,,12643,5,,,1,30,,12655,5,,,1,70,,12644,5,,,1,30,,12656,5,,,1,70,,12645,5,,,1,30,,12657,5,,,1,70,,12646,5,,,1,30,,12658,5,,,1,70,,12647,5,,,1,30,,12659,5,,,1,70,,12648,5,,,1,30,,12660,5,,,1,70,,12649,5,,,1,30,,12661,5,,,1,70,,12650,5,,,1,30,,12662,5,,,1,70,,12665,5,,,1,30,,12663,5,,,1,100,,12664,5,,,1
8001,'SUN',702,,12679,5,,,1,100,,12666,5,,,1,30,,12667,5,,,1,70,,12668,5,,,1,29,,12680,5,,,1,70,,12669,5,,,1,31,,12681,5,,,1,70,,12670,5,,,1,30,,12682,5,,,1,70,,12671,5,,,1,30,,12683,5,,,1,70,,12672,5,,,1,30,,12684,5,,,1,70,,12673,5,,,1,30,,12685,5,,,1,70,,12674,5,,,1,30,,12686,5,,,1,70,,12675,5,,,1,30,,12687,5,,,1,70,,12676,5,,,1,30,,12688,5,,,1,70,,12677,5,,,1,30,,12689,5,,,1,70,,12678,5,,,1,30,,12690,5,,,1,70,,12693,5,,,1,30,,12691,5,,,1,100,,12692,5,,,1
8001,'CCFWK',602,,12694,5,,,1,30,,12695,5,,,1,70,,12696,5,,,1,30,,12697,5,,,1,70,,12698,5,,,1,30,,12699,5,,,1,70,,12700,5,,,1,30,,12701,5,,,1,70,,12702,5,,,1,30,,12703,5,,,1,70,,12704,5,,,1,30,,12705,5,,,1,70,,12706,5,,,1,30,,12707,5,,,1,70,,12708,5,,,1,30,,12709,5,,,1,70,,12710,5,,,1,30,,12711,5,,,1,70,,12712,5,,,1,32,,12713,5,,,1,67,,12714,5,,,1,30,,12715,5,,,1,70,,12716,5,,,1,30,,12717,5,,,1,71,,12718,5,,,1,30,,12719,5,,,1,70,,12720,5,,,1,30,,12721,5,,,1,70,,12722,5,,,1,30,,12723,5,,,1,69,,12724,5,,,1
8001,'CCFFF',602,,12725,5,,,1,30,,12726,5,,,1,70,,12727,5,,,1,30,,12728,5,,,1,70,,12729,5,,,1,30,,12730,5,,,1,70,,12731,5,,,1,30,,12732,5,,,1,70,,12733,5,,,1,30,,12734,5,,,1,70,,12735,5,,,1,30,,12736,5,,,1,70,,12737,5,,,1,30,,12738,5,,,1,70,,12739,5,,,1,30,,12740,5,,,1,70,,12741,5,,,1,30,,12742,5,,,1,70,,12743,5,,,1,32,,12744,5,,,1,67,,12745,5,,,1,30,,12746,5,,,1,70,,12747,5,,,1,30,,12748,5,,,1,71,,12749,5,,,1,30,,12750,5,,,1,70,,12751,5,,,1,30,,12752,5,,,1,70,,12753,5,,,1,30,,12754,5,,,1,69,,12755,5,,,1
8001,'CCFSAT',702,,12769,5,,,1,100,,12756,5,,,1,30,,12757,5,,,1,70,,12758,5,,,1,29,,12770,5,,,1,70,,12759,5,,,1,31,,12771,5,,,1,70,,12760,5,,,1,30,,12772,5,,,1,70,,12761,5,,,1,30,,12773,5,,,1,70,,12762,5,,,1,30,,12774,5,,,1,70,,12763,5,,,1,30,,12775,5,,,1,70,,12764,5,,,1,30,,12776,5,,,1,70,,12765,5,,,1,30,,12777,5,,,1,70,,12766,5,,,1,30,,12778,5,,,1,70,,12767,5,,,1,30,,12779,5,,,1,70,,12768,5,,,1,30,,12780,5,,,1,70,,12783,5,,,1,30,,12781,5,,,1,100,,12782,5,,,1
8001,'CCFSUN',702,,12797,5,,,1,100,,12784,5,,,1,30,,12785,5,,,1,70,,12786,5,,,1,29,,12798,5,,,1,70,,12787,5,,,1,31,,12799,5,,,1,70,,12788,5,,,1,30,,12800,5,,,1,70,,12789,5,,,1,30,,12801,5,,,1,70,,12790,5,,,1,30,,12802,5,,,1,70,,12791,5,,,1,30,,12803,5,,,1,70,,12792,5,,,1,30,,12804,5,,,1,70,,12793,5,,,1,30,,12805,5,,,1,70,,12794,5,,,1,30,,12806,5,,,1,70,,12795,5,,,1,30,,12807,5,,,1,70,,12796,5,,,1,30,,12808,5,,,1,70,,12811,5,,,1,30,,12809,5,,,1,100,,12810,5,,,1
