701,'WKDY',546,,301,4,,,1,106,,302,4,,,1,68,,303,4,,,1,30,,304,4,,,1,70,,305,4,,,1,30,,306,4,,,1,70,,307,4,,,1,30,,308,4,,,1,70,,309,4,,,1,30,,310,4,,,1,70,,311,4,,,1,30,,312,4,,,1,71,,313,4,,,1,30,,314,4,,,1,70,,315,4,,,1,30,,316,4,,,1,70,,317,4,,,1,30,,318,4,,,1,70,,319,4,,,1,30,,320,4,,,1,70,,321,4,,,1,30,,322,4,,,1,70,,323,4,,,1,30,,324,4,,,1,70,,325,4,,,1,29,,326,4,,,1,70,,327,4,,,1,100,,328,4,,,1,100,,329,4,,,1
701,'SAT',649,,341,4,,,1,100,,342,4,,,1,100,,330,4,,,1,101,,331,4,,,1,100,,332,4,,,1,100,,333,4,,,1,100,,334,4,,,1,100,,335,4,,,1,100,,336,4,,,1,100,,337,4,,,1,100,,338,4,,,1,100,,339,4,,,1,100,,340,4,,,1,100,,343,4,,,1,100,,344,4,,,1
701,'SUN',649,,356,4,,,1,100,,357,4,,,1,100,,345,4,,,1,101,,346,4,,,1,100,,347,4,,,1,100,,348,4,,,1,100,,349,4,,,1,100,,350,4,,,1,100,,351,4,,,1,100,,352,4,,,1,100,,353,4,,,1,100,,354,4,,,1,100,,355,4,,,1,100,,358,4,,,1,100,,359,4,,,1
1201,'WKDY',527,,449,4,,,1,30,,450,4,,,1,70,,451,4,,,1,30,,452,4,,,1,70,,453,4,,,1,30,,454,4,,,1,70,,455,4,,,1,30,,456,4,,,1,70,,457,4,,,1,30,,458,4,,,1,70,,459,4,,,1,30,,460,4,,,1,70,,461,4,,,1,30,,462,4,,,1,70,,463,4,,,1,30,,464,4,,,1,70,,465,4,,,1,30,,466,4,,,1,70,,467,4,,,1,30,,468,4,,,1,70,,469,4,,,1,30,,470,4,,,1,70,,471,4,,,1,30,,472,4,,,1,70,,473,4,,,1,30,,474,4,,,1,70,,475,4,,,1,30,,476,4,,,1,70,,477,4,,,1,30,,478,4,,,1,69,,479,4,,,1,30,,480,4,,,1
1201,'SAT',619,,481,4,,,1,100,,482,4,,,1,100,,483,4,,,1,100,,484,4,,,1,100,,485,4,,,1,100,,486,4,,,1,100,,487,4,,,1,100,,488,4,,,1,100,,489,4,,,1,100,,490,4,,,1,100,,491,4,,,1,100,,492,4,,,1,100,,493,4,,,1,100,,494,4,,,1,100,,495,4,,,1,100,,496,4,,,1
1201,'SUN',619,,497,4,,,1,100,,498,4,,,1,100,,499,4,,,1,100,,500,4,,,1,100,,501,4,,,1,100,,502,4,,,1,100,,503,4,,,1,100,,504,4,,,1,100,,505,4,,,1,100,,506,4,,,1,100,,507,4,,,1,100,,508,4,,,1,100,,509,4,,,1,100,,510,4,,,1,100,,511,4,,,1,100,,512,4,,,1
7401,'WKDY',447,,3302,4,,,1,100,,3303,4,,,1,71,,3331,4,,,1,30,,3304,4,,,1,70,,3332,4,,,1,30,,3305,4,,,1,70,,3306,4,,,1,30,,3307,4,,,1,70,,3308,4,,,1,30,,3309,4,,,1,70,,3310,4,,,1,30,,3311,4,,,1,71,,3312,4,,,1,30,,3313,4,,,1,70,,3314,4,,,1,30,,3315,4,,,1,70,,3316,4,,,1,30,,3317,4,,,1,70,,3318,4,,,1,30,,3319,4,,,1,70,,3320,4,,,1,30,,3321,4,,,1,70,,3322,4,,,1,30,,3323,4,,,1,70,,3324,4,,,1,30,,3325,4,,,1,70,,3326,4,,,1,30,,3327,4,,,1,69,,3328,4,,,1,30,,3329,4,,,1,70,,3333,4,,,1,30,,3334,4,,,1,70,,3330,4,,,1
7401,'SAT',723,,3335,4,,,1,101,,3336,4,,,1,100,,3337,4,,,1,100,,3338,4,,,1,101,,3339,4,,,1,100,,3340,4,,,1,100,,3341,4,,,1,100,,3342,4,,,1,100,,3343,4,,,1,100,,3344,4,,,1,100,,3345,4,,,1,100,,3346,4,,,1,99,,3347,4,,,1,100,,3348,4,,,1
7401,'SUN',723,,3349,4,,,1,101,,3350,4,,,1,100,,3351,4,,,1,100,,3352,4,,,1,101,,3353,4,,,1,100,,3354,4,,,1,100,,3355,4,,,1,100,,3356,4,,,1,100,,3357,4,,,1,100,,3358,4,,,1,100,,3359,4,,,1,100,,3360,4,,,1,99,,3361,4,,,1,100,,3362,4,,,1
8000,'WKDY',524,,3472,4,,,1,30,,3503,4,,,1,70,,3473,4,,,1,30,,3474,4,,,1,70,,3475,4,,,1,30,,3476,4,,,1,70,,3477,4,,,1,30,,3478,4,,,1,70,,3479,4,,,1,30,,3480,4,,,1,70,,3481,4,,,1,30,,3482,4,,,1,70,,3483,4,,,1,30,,3484,4,,,1,70,,3485,4,,,1,30,,3486,4,,,1,70,,3487,4,,,1,30,,3488,4,,,1,70,,3489,4,,,1,30,,3490,4,,,1,70,,3491,4,,,1,31,,3492,4,,,1,70,,3493,4,,,1,29,,3494,4,,,1,70,,3495,4,,,1,30,,3496,4,,,1,70,,3497,4,,,1,30,,3498,4,,,1,70,,3499,4,,,1,30,,3500,4,,,1,70,,3501,4,,,1,30,,3502,4,,,1
8000,'SAT',624,,3516,4,,,1,100,,3504,4,,,1,30,,3505,4,,,1,70,,3506,4,,,1,30,,3517,4,,,1,70,,3507,4,,,1,30,,3518,4,,,1,70,,3508,4,,,1,30,,3519,4,,,1,70,,3509,4,,,1,30,,3520,4,,,1,70,,3510,4,,,1,30,,3521,4,,,1,70,,3511,4,,,1,30,,3522,4,,,1,70,,3512,4,,,1,30,,3523,4,,,1,70,,3513,4,,,1,30,,3524,4,,,1,70,,3514,4,,,1,30,,3525,4,,,1,70,,3515,4,,,1,30,,3526,4,,,1,70,,3527,4,,,1,30,,3528,4,,,1,70,,3529,4,,,1,30,,3530,4,,,1,100,,3531,4,,,1
8000,'SUN',624,,3545,4,,,1,100,,3532,4,,,1,30,,3533,4,,,1,70,,3534,4,,,1,30,,3546,4,,,1,70,,3535,4,,,1,30,,3547,4,,,1,70,,3536,4,,,1,30,,3548,4,,,1,70,,3537,4,,,1,30,,3549,4,,,1,70,,3538,4,,,1,30,,3550,4,,,1,70,,3539,4,,,1,30,,3551,4,,,1,70,,3540,4,,,1,30,,3552,4,,,1,70,,3541,4,,,1,30,,3553,4,,,1,70,,3542,4,,,1,30,,3554,4,,,1,70,,3543,4,,,1,30,,3555,4,,,1,70,,3544,4,,,1,30,,3556,4,,,1,70,,3558,4,,,1,30,,3557,4,,,1,100,,3559,4,,,1
