3001,'WKDY',524,,5898,16,,,1,96,,5899,34,,,1,30,,5900,34,,,1,63,,5901,34,,,1,39,,5902,34,,,1,70,,5903,34,,,1,29,,5904,34,,,1,69,,5905,34,,,1,30,,5906,34,,,1,69,,5907,34,,,1,29,,5908,34,,,1,72,,5909,34,,,1,30,,5910,34,,,1,70,,5911,34,,,1,31,,5912,34,,,1,71,,5913,34,,,1,30,,5914,34,,,1,69,,5915,34,,,1,32,,5916,34,,,1,72,,5917,34,,,1,30,,5918,34,,,1,72,,5919,34,,,1,29,,5920,34,,,1,69,,5921,34,,,1,28,,5922,34,,,1,66,,5923,34,,,1,30,,5924,34,,,1,67,,5925,34,,,1,28,,5926,34,,,1,69,,5927,34,,,1,29,,5928,34,,,1,68,,5929,34,,,1,96,,5930,34,,,1
3001,'SAT',702,,5931,34,,,1,100,,5932,34,,,1,33,,5933,34,,,1,72,,5934,34,,,1,31,,5935,34,,,1,71,,5936,34,,,1,30,,5937,34,,,1,71,,5938,34,,,1,31,,5939,34,,,1,72,,5940,34,,,1,30,,5941,34,,,1,71,,5942,34,,,1,30,,5943,34,,,1,70,,5944,34,,,1,29,,5945,34,,,1,70,,5946,34,,,1,30,,5947,34,,,1,70,,5948,34,,,1,30,,5949,34,,,1,70,,5950,34,,,1,29,,5951,34,,,1,68,,5952,34,,,1,99,,5953,34,,,1,98,,5954,34,,,1,100,,5955,34,,,1
3001,'SUN',702,,5956,34,,,1,100,,5957,34,,,1,105,,5958,34,,,1,102,,5959,34,,,1,101,,5960,34,,,1,103,,5961,34,,,1,101,,5962,34,,,1,100,,5963,34,,,1,99,,5964,34,,,1,100,,5965,34,,,1,100,,5966,34,,,1,97,,5967,34,,,1,99,,5968,34,,,1,98,,5969,34,,,1,100,,5970,34,,,1
3001,'CCFWK',524,,5971,16,,,1,96,,5972,34,,,1,30,,5973,34,,,1,63,,5974,34,,,1,39,,5975,34,,,1,70,,5976,34,,,1,29,,5977,34,,,1,69,,5978,34,,,1,30,,5979,34,,,1,69,,5980,34,,,1,29,,5981,34,,,1,72,,5982,34,,,1,30,,5983,34,,,1,70,,5984,34,,,1,31,,5985,34,,,1,71,,5986,34,,,1,30,,5987,34,,,1,69,,5988,34,,,1,32,,5989,34,,,1,72,,5990,34,,,1,30,,5991,34,,,1,72,,5992,34,,,1,29,,5993,34,,,1,69,,5994,34,,,1,28,,5995,34,,,1,66,,5996,34,,,1,30,,5997,34,,,1,67,,5998,34,,,1,28,,5999,34,,,1,69,,6000,34,,,1,29,,6001,34,,,1,68,,6002,34,,,1,96,,6003,34,,,1
3001,'CCFFF',524,,6004,16,,,1,96,,6005,34,,,1,30,,6006,34,,,1,63,,6007,34,,,1,39,,6008,34,,,1,70,,6009,34,,,1,29,,6010,34,,,1,69,,6011,34,,,1,30,,6012,34,,,1,69,,6013,34,,,1,29,,6014,34,,,1,72,,6015,34,,,1,30,,6016,34,,,1,70,,6017,34,,,1,31,,6018,34,,,1,71,,6019,34,,,1,30,,6020,34,,,1,69,,6021,34,,,1,32,,6022,34,,,1,72,,6023,34,,,1,30,,6024,34,,,1,72,,6025,34,,,1,29,,6026,34,,,1,69,,6027,34,,,1,28,,6028,34,,,1,66,,6029,34,,,1,30,,6030,34,,,1,67,,6031,34,,,1,28,,6032,34,,,1,69,,6033,34,,,1,29,,6034,34,,,1,68,,6035,34,,,1,96,,6036,34,,,1
3001,'CCFSAT',702,,6037,34,,,1,100,,6038,34,,,1,33,,6039,34,,,1,72,,6040,34,,,1,31,,6041,34,,,1,71,,6042,34,,,1,30,,6043,34,,,1,71,,6044,34,,,1,31,,6045,34,,,1,72,,6046,34,,,1,30,,6047,34,,,1,71,,6048,34,,,1,30,,6049,34,,,1,70,,6050,34,,,1,29,,6051,34,,,1,70,,6052,34,,,1,30,,6053,34,,,1,70,,6054,34,,,1,30,,6055,34,,,1,70,,6056,34,,,1,29,,6057,34,,,1,68,,6058,34,,,1,99,,6059,34,,,1,98,,6060,34,,,1,100,,6061,34,,,1
3001,'CCFSUN',702,,6062,34,,,1,100,,6063,34,,,1,105,,6064,34,,,1,102,,6065,34,,,1,101,,6066,34,,,1,103,,6067,34,,,1,101,,6068,34,,,1,100,,6069,34,,,1,99,,6070,34,,,1,100,,6071,34,,,1,100,,6072,34,,,1,97,,6073,34,,,1,99,,6074,34,,,1,98,,6075,34,,,1,100,,6076,34,,,1
8000,'WKDY',534,,12399,17,,,1,71,,12430,17,,,1,30,,12400,17,,,1,70,,12401,17,,,1,32,,12402,17,,,1,70,,12403,17,,,1,29,,12404,17,,,1,70,,12405,17,,,1,30,,12406,17,,,1,70,,12407,17,,,1,30,,12408,17,,,1,70,,12409,17,,,1,30,,12410,17,,,1,70,,12411,17,,,1,30,,12412,17,,,1,70,,12413,17,,,1,31,,12414,17,,,1,70,,12415,17,,,1,30,,12416,17,,,1,71,,12417,17,,,1,30,,12418,17,,,1,71,,12419,17,,,1,30,,12420,17,,,1,65,,12421,17,,,1,30,,12422,17,,,1,70,,12423,17,,,1,30,,12424,17,,,1,71,,12425,17,,,1,30,,12426,17,,,1,70,,12427,17,,,1,29,,12428,17,,,1,70,,12429,17,,,1
8000,'SAT',635,,12443,17,,,1,100,,12431,17,,,1,70,,12432,17,,,1,30,,12433,17,,,1,70,,12444,17,,,1,30,,12434,17,,,1,70,,12445,17,,,1,31,,12435,17,,,1,70,,12446,17,,,1,30,,12436,17,,,1,71,,12447,17,,,1,30,,12437,17,,,1,70,,12448,17,,,1,30,,12438,17,,,1,70,,12449,17,,,1,30,,12439,17,,,1,70,,12450,17,,,1,30,,12440,17,,,1,70,,12451,17,,,1,30,,12441,17,,,1,70,,12452,17,,,1,30,,12442,17,,,1,70,,12453,17,,,1,29,,12454,17,,,1,69,,12455,17,,,1,30,,12456,17,,,1,70,,12457,17,,,1,100,,12458,17,,,1
8000,'SUN',635,,12472,17,,,1,100,,12459,17,,,1,70,,12460,17,,,1,30,,12461,17,,,1,70,,12473,17,,,1,30,,12462,17,,,1,70,,12474,17,,,1,31,,12463,17,,,1,70,,12475,17,,,1,30,,12464,17,,,1,71,,12476,17,,,1,30,,12465,17,,,1,70,,12477,17,,,1,30,,12466,17,,,1,70,,12478,17,,,1,30,,12467,17,,,1,70,,12479,17,,,1,30,,12468,17,,,1,70,,12480,17,,,1,30,,12469,17,,,1,70,,12481,17,,,1,30,,12470,17,,,1,70,,12482,17,,,1,29,,12471,17,,,1,69,,12483,17,,,1,30,,12485,17,,,1,70,,12484,17,,,1,100,,12486,17,,,1
8000,'CCFWK',534,,12487,17,,,1,71,,12518,17,,,1,30,,12488,17,,,1,70,,12489,17,,,1,32,,12490,17,,,1,70,,12491,17,,,1,29,,12492,17,,,1,70,,12493,17,,,1,30,,12494,17,,,1,70,,12495,17,,,1,30,,12496,17,,,1,70,,12497,17,,,1,30,,12498,17,,,1,70,,12499,17,,,1,30,,12500,17,,,1,70,,12501,17,,,1,31,,12502,17,,,1,70,,12503,17,,,1,30,,12504,17,,,1,71,,12505,17,,,1,30,,12506,17,,,1,71,,12507,17,,,1,30,,12508,17,,,1,65,,12509,17,,,1,30,,12510,17,,,1,70,,12511,17,,,1,30,,12512,17,,,1,71,,12513,17,,,1,30,,12514,17,,,1,70,,12515,17,,,1,29,,12516,17,,,1,70,,12517,17,,,1
8000,'CCFFF',534,,12519,17,,,1,71,,12550,17,,,1,30,,12520,17,,,1,70,,12521,17,,,1,32,,12522,17,,,1,70,,12523,17,,,1,29,,12524,17,,,1,70,,12525,17,,,1,30,,12526,17,,,1,70,,12527,17,,,1,30,,12528,17,,,1,70,,12529,17,,,1,30,,12530,17,,,1,70,,12531,17,,,1,30,,12532,17,,,1,70,,12533,17,,,1,31,,12534,17,,,1,70,,12535,17,,,1,30,,12536,17,,,1,71,,12537,17,,,1,30,,12538,17,,,1,71,,12539,17,,,1,30,,12540,17,,,1,65,,12541,17,,,1,30,,12542,17,,,1,70,,12543,17,,,1,30,,12544,17,,,1,71,,12545,17,,,1,30,,12546,17,,,1,70,,12547,17,,,1,29,,12548,17,,,1,70,,12549,17,,,1
8000,'CCFSAT',635,,12563,17,,,1,100,,12551,17,,,1,70,,12552,17,,,1,30,,12553,17,,,1,70,,12564,17,,,1,30,,12554,17,,,1,70,,12565,17,,,1,31,,12555,17,,,1,70,,12566,17,,,1,30,,12556,17,,,1,71,,12567,17,,,1,30,,12557,17,,,1,70,,12568,17,,,1,30,,12558,17,,,1,70,,12569,17,,,1,30,,12559,17,,,1,70,,12570,17,,,1,30,,12560,17,,,1,70,,12571,17,,,1,30,,12561,17,,,1,70,,12572,17,,,1,30,,12562,17,,,1,70,,12573,17,,,1,29,,12574,17,,,1,69,,12575,17,,,1,30,,12576,17,,,1,70,,12577,17,,,1,100,,12578,17,,,1
8000,'CCFSUN',635,,12592,17,,,1,100,,12579,17,,,1,70,,12580,17,,,1,30,,12581,17,,,1,70,,12593,17,,,1,30,,12582,17,,,1,70,,12594,17,,,1,31,,12583,17,,,1,70,,12595,17,,,1,30,,12584,17,,,1,71,,12596,17,,,1,30,,12585,17,,,1,70,,12597,17,,,1,30,,12586,17,,,1,70,,12598,17,,,1,30,,12587,17,,,1,70,,12599,17,,,1,30,,12588,17,,,1,70,,12600,17,,,1,30,,12589,17,,,1,70,,12601,17,,,1,30,,12590,17,,,1,70,,12602,17,,,1,29,,12591,17,,,1,69,,12603,17,,,1,30,,12605,17,,,1,70,,12604,17,,,1,100,,12606,17,,,1
