203,632,1,0
203,633,2,0
203,634,3,0
203,533,4,0
203,534,5,0
203,2004,6,0
203,535,7,0
203,536,8,0
203,537,9,0
203,538,10,0
203,544,11,0
203,3261,12,0
203,3262,13,0
203,3263,14,0
203,3264,15,0
203,3266,16,0
203,545,17,0
203,546,18,0
203,547,19,0
203,548,20,0
203,549,21,0
203,550,22,0
203,551,23,0
203,552,24,0
203,2006,25,0
203,553,26,0
203,554,27,0
203,2708,28,0
203,3114,29,0
203,2868,30,0
203,2709,31,0
203,2710,32,0
203,2836,33,0
203,2926,34,0
203,2927,35,0
203,744,36,0
203,2989,37,0
203,747,38,0
203,3465,39,0
203,748,40,0
203,749,41,0
203,750,42,0
203,752,43,0
203,753,44,0
203,3200,45,0
203,4153,46,0
203,110,47,1
204,110,1,0
204,4152,2,0
204,2233,3,0
204,2231,4,0
204,783,5,0
204,784,6,0
204,786,7,0
204,787,8,0
204,788,9,0
204,789,10,0
204,2838,11,0
204,2839,12,0
204,2840,13,0
204,2706,14,0
204,3242,15,0
204,2930,16,0
204,558,17,0
204,559,18,0
204,560,19,0
204,2007,20,0
204,561,21,0
204,4183,22,0
204,4184,23,0
204,2844,24,0
204,2845,25,0
204,2846,26,0
204,2847,27,0
204,3268,28,0
204,3270,29,0
204,4185,30,0
204,543,31,0
204,572,32,0
204,573,33,0
204,2672,34,0
204,575,35,0
204,2011,36,0
204,576,37,0
204,669,38,0
204,670,39,0
204,671,40,0
204,672,41,0
204,2024,42,0
204,638,43,0
204,632,44,1
303,1607,1,0
303,321,2,0
303,678,3,0
303,679,4,0
303,680,5,0
303,3280,6,0
303,603,7,0
303,604,8,0
303,605,9,0
303,606,10,0
303,607,11,0
303,608,12,0
303,609,13,0
303,610,14,0
303,611,15,0
303,612,16,0
303,613,17,0
303,236,18,0
303,231,19,0
303,3282,20,0
303,540,21,0
303,541,22,0
303,542,23,0
303,3283,24,0
303,3284,25,0
303,3285,26,0
303,3294,27,0
303,524,28,0
303,525,29,0
303,2003,30,0
303,526,31,0
303,1379,32,0
303,1380,33,0
303,1381,34,0
303,1382,35,0
303,639,36,0
303,2767,37,0
303,2768,38,0
303,2769,39,0
303,2771,40,0
303,3491,41,0
303,3273,42,0
303,3274,43,0
303,3275,44,0
303,3276,45,0
303,3277,46,0
303,659,47,0
303,660,48,0
303,661,49,0
303,663,50,0
303,664,51,1
304,1607,1,0
304,2104,2,0
304,583,3,0
304,227,4,0
304,587,5,0
304,588,6,0
304,589,7,0
304,3303,8,0
304,3304,9,0
304,3306,10,0
304,3308,11,0
304,3495,12,0
304,3490,13,0
304,2790,14,0
304,2791,15,0
304,2792,16,0
304,2765,17,0
304,1384,18,0
304,631,19,0
304,636,20,0
304,3288,21,0
304,3289,22,0
304,4164,23,0
304,4165,24,0
304,3293,25,0
304,2000,26,0
304,504,27,0
304,2001,28,0
304,505,29,0
304,4138,30,0
304,4137,31,0
304,3296,32,0
304,3297,33,0
304,2851,34,0
304,2852,35,0
304,2853,36,0
304,3298,37,0
304,3300,38,0
304,2659,39,0
304,3202,40,0
304,2660,41,0
304,2661,42,0
304,2662,43,0
304,2663,44,0
304,2664,45,0
304,2665,46,0
304,643,47,0
304,644,48,0
304,645,49,0
304,722,50,0
304,724,51,0
304,725,52,1
401,111,1,0
401,1612,2,0
401,1611,3,0
401,6052,4,0
401,631,5,0
401,632,6,0
401,633,7,0
401,634,8,0
401,626,9,0
401,627,10,0
401,628,11,0
401,675,12,0
401,676,13,0
401,321,14,0
401,678,15,0
401,679,16,0
401,680,17,0
401,239,18,0
401,682,19,0
401,683,20,0
401,684,21,0
401,2021,22,0
401,2872,23,0
401,2023,24,0
401,690,25,0
401,692,26,0
401,694,27,0
401,2956,28,0
401,238,29,0
401,696,30,0
401,697,31,0
401,2029,32,0
401,700,33,0
401,701,34,0
401,104,35,1
402,104,1,0
402,702,2,0
402,703,3,0
402,704,4,0
402,705,5,0
402,706,6,0
402,2874,7,0
402,2875,8,0
402,710,9,0
402,711,10,0
402,712,11,0
402,713,12,0
402,2030,13,0
402,2871,14,0
402,2033,15,0
402,719,16,0
402,720,17,0
402,721,18,0
402,722,19,0
402,724,20,0
402,725,21,0
402,726,22,0
402,728,23,0
402,619,24,0
402,2013,25,0
402,669,26,0
402,670,27,0
402,671,28,0
402,672,29,0
402,636,30,0
402,639,31,0
402,6013,32,0
402,6052,33,0
402,111,34,1
703,104,1,0
703,702,2,0
703,2272,3,0
703,4122,4,0
703,4119,5,0
703,907,6,0
703,908,7,0
703,878,8,0
703,2173,9,0
703,879,10,0
703,2694,11,0
703,2695,12,0
703,4161,13,0
703,2696,14,0
703,812,15,0
703,3221,16,0
703,814,17,0
703,815,18,0
703,816,19,0
703,818,20,0
703,820,21,0
703,6049,22,0
703,3071,23,0
703,211,24,0
703,4159,25,0
703,2381,26,0
703,827,27,0
703,2382,28,0
703,828,29,0
703,829,30,0
703,2383,31,0
703,831,32,0
703,3074,33,0
703,3076,34,1
704,3076,1,0
704,6039,2,0
704,6040,3,0
704,6041,4,0
704,835,5,0
704,836,6,0
704,1375,7,0
704,6011,8,0
704,3072,9,0
704,3070,10,0
704,6050,11,0
704,2395,12,0
704,846,13,0
704,848,14,0
704,849,15,0
704,850,16,0
704,2399,17,0
704,851,18,0
704,852,19,0
704,853,20,0
704,2692,21,0
704,2861,22,0
704,899,23,0
704,900,24,0
704,901,25,0
704,903,26,0
704,904,27,0
704,905,28,0
704,906,29,0
704,4121,30,0
704,4123,31,0
704,2273,32,0
704,701,33,0
704,104,34,1
903,110,1,0
903,780,2,0
903,782,3,0
903,781,4,0
903,2233,5,0
903,2231,6,0
903,4174,7,0
903,2961,8,0
903,2962,9,0
903,2963,10,0
903,2964,11,0
903,2965,12,0
903,2966,13,0
903,2967,14,0
903,4175,15,0
903,2410,16,0
903,2411,17,0
903,4176,18,0
903,2998,19,0
903,2999,20,0
903,3000,21,0
903,3001,22,0
903,3041,23,0
903,4177,24,0
903,3002,25,0
903,2973,26,0
903,3003,27,0
903,3038,28,0
903,3005,29,0
903,4178,30,0
903,3006,31,0
903,6014,32,0
903,105,33,1
904,105,1,0
904,4179,2,0
904,6015,3,0
904,3010,4,0
904,4180,5,0
904,3011,6,0
904,3039,7,0
904,3012,8,0
904,3013,9,0
904,4181,10,0
904,3043,11,0
904,3015,12,0
904,3016,13,0
904,3017,14,0
904,3037,15,0
904,4182,16,0
904,2974,17,0
904,2969,18,0
904,2977,19,0
904,2978,20,0
904,2979,21,0
904,2980,22,0
904,2981,23,0
904,2982,24,0
904,2983,25,0
904,2984,26,0
904,752,27,0
904,753,28,0
904,4143,29,0
904,755,30,0
904,3310,31,0
904,3312,32,0
904,3313,33,0
904,110,34,1
1903,110,1,0
1903,2212,2,0
1903,3254,3,0
1903,1342,4,0
1903,2213,5,0
1903,4150,6,0
1903,4151,7,0
1903,4145,8,0
1903,3702,9,0
1903,3703,10,1
1904,3703,1,0
1904,3701,2,0
1904,3705,3,0
1904,3700,4,0
1904,3706,5,0
1904,3707,6,0
1904,3708,7,0
1904,3711,8,0
1904,768,9,0
1904,2489,10,0
1904,2216,11,0
1904,2218,12,0
1904,1343,13,0
1904,1344,14,0
1904,1345,15,0
1904,1334,16,0
1904,110,17,1
2503,514,1,0
2503,515,2,0
2503,516,3,0
2503,3480,4,0
2503,3481,5,0
2503,3482,6,0
2503,3483,7,0
2503,3492,8,0
2503,579,9,0
2503,1104,10,0
2503,2060,11,0
2503,2648,12,0
2503,2647,13,0
2503,972,14,0
2503,973,15,0
2503,974,16,0
2503,975,17,0
2503,977,18,0
2503,978,19,0
2503,979,20,0
2503,980,21,0
2503,981,22,0
2503,982,23,0
2503,983,24,0
2503,984,25,0
2503,985,26,0
2503,986,27,0
2503,4162,28,0
2503,989,29,0
2503,990,30,0
2503,2079,31,0
2503,315,32,0
2503,992,33,0
2503,2080,34,0
2503,294,35,0
2503,2091,36,0
2503,2992,37,0
2503,2725,38,0
2503,3034,39,0
2503,2745,40,0
2503,2750,41,0
2503,2746,42,0
2503,2747,43,0
2503,6037,44,0
2503,4103,45,0
2503,4104,46,0
2503,1337,47,0
2503,1338,48,0
2503,1339,49,0
2503,110,50,1
2504,110,1,0
2504,1347,2,0
2504,6012,3,0
2504,4095,4,0
2504,6035,5,0
2504,6036,6,0
2504,2748,7,0
2504,2743,8,0
2504,2744,9,0
2504,3057,10,0
2504,3035,11,0
2504,2726,12,0
2504,2990,13,0
2504,2828,14,0
2504,2093,15,0
2504,1013,16,0
2504,1014,17,0
2504,2095,18,0
2504,1015,19,0
2504,2078,20,0
2504,1017,21,0
2504,1018,22,0
2504,1019,23,0
2504,1020,24,0
2504,2098,25,0
2504,1022,26,0
2504,1023,27,0
2504,2099,28,0
2504,1024,29,0
2504,1026,30,0
2504,2082,31,0
2504,1028,32,0
2504,1030,33,0
2504,1031,34,0
2504,1032,35,0
2504,2104,36,0
2504,1033,37,0
2504,1305,38,0
2504,1151,39,0
2504,2673,40,0
2504,635,41,0
2504,633,42,0
2504,3259,43,0
2504,3260,44,0
2504,3476,45,0
2504,3477,46,0
2504,3478,47,0
2504,3479,48,0
2504,3061,49,0
2504,6023,50,0
2504,6024,51,0
2504,6025,52,0
2504,6026,53,0
2504,514,54,1
3001,632,1,0
3001,633,2,0
3001,634,3,0
3001,580,4,0
3001,581,5,0
3001,582,6,0
3001,583,7,0
3001,227,8,0
3001,587,9,0
3001,588,10,0
3001,589,11,0
3001,648,12,0
3001,649,13,0
3001,650,14,0
3001,651,15,0
3001,652,16,0
3001,1037,17,0
3001,1038,18,0
3001,1039,19,0
3001,1040,20,0
3001,3058,21,0
3001,1120,22,0
3001,1121,23,0
3001,1046,24,0
3001,1047,25,0
3001,1043,26,0
3001,3128,27,0
3001,1044,28,0
3001,293,29,0
3001,3314,30,0
3001,3315,31,0
3001,3316,32,0
3001,3317,33,0
3001,3319,34,0
3001,3320,35,0
3001,3322,36,0
3001,3107,37,0
3001,3203,38,0
3001,3229,39,0
3001,3089,40,0
3001,3494,41,0
3001,3090,42,0
3001,3092,43,0
3001,3093,44,0
3001,3095,45,0
3001,3232,46,0
3001,3237,47,0
3001,3238,48,0
3001,3239,49,0
3001,2886,50,0
3001,2887,51,0
3001,1323,52,0
3001,3485,53,0
3001,1310,54,0
3001,2156,55,0
3001,1281,56,0
3001,1315,57,0
3001,1318,58,0
3001,106,59,1
3002,106,1,0
3002,1316,2,0
3002,1314,3,0
3002,2909,4,0
3002,2130,5,0
3002,1397,6,0
3002,2928,7,0
3002,2915,8,0
3002,2917,9,0
3002,3233,10,0
3002,3234,11,0
3002,3235,12,0
3002,3236,13,0
3002,3102,14,0
3002,3104,15,0
3002,6022,16,0
3002,3230,17,0
3002,3105,18,0
3002,3106,19,0
3002,3205,20,0
3002,2237,21,0
3002,1060,22,0
3002,1062,23,0
3002,1063,24,0
3002,1064,25,0
3002,2862,26,0
3002,1065,27,0
3002,1066,28,0
3002,1067,29,0
3002,1068,30,0
3002,1070,31,0
3002,1071,32,0
3002,2241,33,0
3002,1074,34,0
3002,2242,35,0
3002,1134,36,0
3002,1075,37,0
3002,1076,38,0
3002,1077,39,0
3002,1078,40,0
3002,1079,41,0
3002,1080,42,0
3002,597,43,0
3002,598,44,0
3002,599,45,0
3002,600,46,0
3002,601,47,0
3002,659,48,0
3002,660,49,0
3002,661,50,0
3002,663,51,0
3002,664,52,0
3002,665,53,0
3002,666,54,0
3002,667,55,0
3002,669,56,0
3002,670,57,0
3002,671,58,0
3002,672,59,0
3002,638,60,0
3002,632,61,1
3201,110,1,0
3201,3024,2,0
3201,3028,3,0
3201,3026,4,0
3201,3498,5,0
3201,3022,6,0
3201,793,7,0
3201,794,8,0
3201,796,9,0
3201,296,10,0
3201,798,11,0
3201,799,12,0
3201,800,13,0
3201,801,14,0
3201,3075,15,0
3201,803,16,0
3201,804,17,0
3201,805,18,0
3201,617,19,0
3201,619,20,0
3201,2013,21,0
3201,669,22,0
3201,670,23,0
3201,671,24,0
3201,672,25,0
3201,1104,26,0
3201,2060,27,0
3201,1105,28,0
3201,2062,29,0
3201,1106,30,0
3201,1107,31,0
3201,1108,32,0
3201,2063,33,0
3201,1109,34,0
3201,1110,35,0
3201,243,36,0
3201,1112,37,0
3201,2065,38,0
3201,1114,39,0
3201,1115,40,0
3201,1116,41,0
3201,1117,42,0
3201,2866,43,0
3201,1118,44,0
3201,3132,45,0
3201,3131,46,0
3201,1119,47,0
3201,2069,48,0
3201,2070,49,0
3201,1393,50,0
3201,1120,51,0
3201,1121,52,0
3201,1122,53,0
3201,217,54,0
3201,2677,55,0
3201,2951,56,0
3201,2679,57,0
3201,2865,58,0
3201,2680,59,0
3201,104,60,1
3202,104,1,0
3202,2687,2,0
3202,2688,3,0
3202,2689,4,0
3202,2676,5,0
3202,3325,6,0
3202,1132,7,0
3202,1133,8,0
3202,1134,9,0
3202,3060,10,0
3202,1135,11,0
3202,2053,12,0
3202,1136,13,0
3202,1137,14,0
3202,2054,15,0
3202,2055,16,0
3202,1138,17,0
3202,1140,18,0
3202,1139,19,0
3202,1141,20,0
3202,1142,21,0
3202,2056,22,0
3202,1144,23,0
3202,1145,24,0
3202,1146,25,0
3202,1147,26,0
3202,2057,27,0
3202,2058,28,0
3202,1149,29,0
3202,2059,30,0
3202,1150,31,0
3202,1151,32,0
3202,2673,33,0
3202,635,34,0
3202,633,35,0
3202,634,36,0
3202,626,37,0
3202,627,38,0
3202,628,39,0
3202,630,40,0
3202,729,41,0
3202,730,42,0
3202,731,43,0
3202,733,44,0
3202,734,45,0
3202,4149,46,0
3202,4148,47,0
3202,4147,48,0
3202,736,49,0
3202,737,50,0
3202,739,51,0
3202,740,52,0
3202,2702,53,0
3202,2703,54,0
3202,2705,55,0
3202,4153,56,0
3202,110,57,1
3701,1104,1,0
3701,2060,2,0
3701,1189,3,0
3701,1190,4,0
3701,1192,5,0
3701,1193,6,0
3701,1194,7,0
3701,1196,8,0
3701,1197,9,0
3701,1199,10,0
3701,1200,11,0
3701,1202,12,0
3701,1203,13,0
3701,1205,14,0
3701,2114,15,0
3701,3356,16,0
3701,1214,17,0
3701,1215,18,0
3701,2106,19,0
3701,1217,20,0
3701,1218,21,0
3701,1219,22,0
3701,1220,23,0
3701,1222,24,0
3701,2108,25,0
3701,1224,26,0
3701,2140,27,0
3701,1307,28,0
3701,1308,29,0
3701,2367,30,0
3701,2148,31,0
3701,2149,32,0
3701,1312,33,0
3701,1310,34,0
3701,2156,35,0
3701,1281,36,0
3701,1315,37,0
3701,1318,38,0
3701,106,39,1
3702,106,1,0
3702,1316,2,0
3702,1314,3,0
3702,2909,4,0
3702,2130,5,0
3702,1320,6,0
3702,1324,7,0
3702,2138,8,0
3702,2139,9,0
3702,1311,10,0
3702,2141,11,0
3702,1225,12,0
3702,3148,13,0
3702,1227,14,0
3702,1229,15,0
3702,2045,16,0
3702,1230,17,0
3702,1231,18,0
3702,1233,19,0
3702,1234,20,0
3702,3361,21,0
3702,3329,22,0
3702,1242,23,0
3702,1244,24,0
3702,1245,25,0
3702,2115,26,0
3702,2116,27,0
3702,2117,28,0
3702,1249,29,0
3702,1250,30,0
3702,1251,31,0
3702,1252,32,0
3702,1254,33,0
3702,1256,34,0
3702,1257,35,0
3702,670,36,0
3702,671,37,0
3702,672,38,0
3702,1104,39,1
3801,1104,1,0
3801,2060,2,0
3801,1189,3,0
3801,1190,4,0
3801,1192,5,0
3801,1193,6,0
3801,1194,7,0
3801,1196,8,0
3801,1197,9,0
3801,1199,10,0
3801,1200,11,0
3801,1202,12,0
3801,1203,13,0
3801,1205,14,0
3801,2114,15,0
3801,3356,16,0
3801,1214,17,0
3801,1215,18,0
3801,2106,19,0
3801,1217,20,0
3801,1218,21,0
3801,1219,22,0
3801,1220,23,0
3801,1222,24,0
3801,2108,25,0
3801,1224,26,0
3801,2140,27,0
3801,1307,28,0
3801,1308,29,0
3801,2367,30,0
3801,2148,31,0
3801,2149,32,0
3801,1312,33,0
3801,2919,34,0
3801,6020,35,0
3801,2911,36,0
3801,2912,37,1
3802,2912,1,0
3802,6042,2,0
3802,2925,3,0
3802,2920,4,0
3802,2932,5,0
3802,6021,6,0
3802,2933,7,0
3802,6043,8,0
3802,1320,9,0
3802,1324,10,0
3802,2138,11,0
3802,2139,12,0
3802,1311,13,0
3802,2141,14,0
3802,1225,15,0
3802,3148,16,0
3802,1227,17,0
3802,1229,18,0
3802,2045,19,0
3802,1230,20,0
3802,1231,21,0
3802,1233,22,0
3802,1234,23,0
3802,3361,24,0
3802,3329,25,0
3802,1242,26,0
3802,1244,27,0
3802,1245,28,0
3802,2115,29,0
3802,2116,30,0
3802,2117,31,0
3802,1249,32,0
3802,1250,33,0
3802,1251,34,0
3802,1252,35,0
3802,1254,36,0
3802,1256,37,0
3802,1257,38,0
3802,670,39,0
3802,671,40,0
3802,672,41,0
3802,1104,42,1
3901,1607,1,0
3901,321,2,0
3901,678,3,0
3901,679,4,0
3901,680,5,0
3901,239,6,0
3901,682,7,0
3901,683,8,0
3901,684,9,0
3901,685,10,0
3901,687,11,0
3901,688,12,0
3901,689,13,0
3901,1040,14,0
3901,1048,15,0
3901,1260,16,0
3901,2462,17,0
3901,1261,18,0
3901,2463,19,0
3901,1119,20,0
3901,2069,21,0
3901,2070,22,0
3901,1203,23,0
3901,1205,24,0
3901,2114,25,0
3901,3363,26,0
3901,1236,27,1
3902,1236,1,0
3902,1237,2,0
3902,1210,3,0
3902,1239,4,0
3902,2113,5,0
3902,1240,6,0
3902,1241,7,0
3902,3329,8,0
3902,1242,9,0
3902,2053,10,0
3902,1136,11,0
3902,1137,12,0
3902,1300,13,0
3902,1309,14,0
3902,1301,15,0
3902,1302,16,0
3902,2484,17,0
3902,2485,18,0
3902,1049,19,0
3902,1041,20,0
3902,714,21,0
3902,715,22,0
3902,2032,23,0
3902,718,24,0
3902,2033,25,0
3902,719,26,0
3902,720,27,0
3902,721,28,0
3902,722,29,0
3902,1032,30,0
3902,1607,31,1
4101,579,1,0
4101,2024,2,0
4101,639,3,0
4101,106,4,1
4102,106,1,0
4102,579,2,1
4401,111,1,0
4401,631,2,0
4401,1104,3,0
4401,2648,4,0
4401,973,5,0
4401,239,6,0
4401,2872,7,0
4401,2956,8,0
4401,696,9,0
4401,701,10,0
4401,104,11,0
4401,702,12,0
4401,2274,13,0
4401,1084,14,0
4401,1087,15,0
4401,2885,16,1
4402,2885,1,0
4402,2884,2,0
4402,322,3,0
4402,4108,4,0
4402,2279,5,0
4402,2883,6,0
4402,1102,7,0
4402,2278,8,0
4402,701,9,0
4402,104,10,0
4402,702,11,0
4402,706,12,0
4402,2875,13,0
4402,2871,14,0
4402,722,15,0
4402,1032,16,0
4402,1305,17,0
4402,635,18,0
4402,639,19,0
4402,111,20,1
4703,111,1,0
4703,631,2,0
4703,632,3,0
4703,633,4,0
4703,973,5,0
4703,110,6,0
4703,1360,7,0
4703,211,8,0
4703,4159,9,0
4703,2381,10,0
4703,827,11,0
4703,2382,12,0
4703,828,13,0
4703,829,14,0
4703,2383,15,0
4703,831,16,0
4703,6038,17,0
4703,3741,18,1
4704,6038,1,0
4704,3741,2,0
4704,835,3,0
4704,836,4,0
4704,1375,5,0
4704,6011,6,0
4704,2403,7,0
4704,2638,8,0
4704,110,9,0
4704,1032,10,0
4704,579,11,0
4704,2024,12,0
4704,639,13,0
4704,111,14,1
6503,101,1,0
6503,106,2,1
6504,106,1,0
6504,101,2,1
7103,632,1,0
7103,633,2,0
7103,634,3,0
7103,626,4,0
7103,627,5,0
7103,628,6,0
7103,630,7,0
7103,729,8,0
7103,730,9,0
7103,731,10,0
7103,733,11,0
7103,734,12,0
7103,1329,13,0
7103,1330,14,0
7103,2210,15,0
7103,1332,16,0
7103,1340,17,0
7103,1346,18,0
7103,1336,19,0
7103,1337,20,0
7103,1338,21,0
7103,1339,22,0
7103,110,23,1
7104,110,1,0
7104,1347,2,0
7104,2221,3,0
7104,1349,4,0
7104,1350,5,0
7104,1351,6,0
7104,1352,7,0
7104,1353,8,0
7104,2224,9,0
7104,1354,10,0
7104,2225,11,0
7104,1355,12,0
7104,1356,13,0
7104,801,14,0
7104,3075,15,0
7104,803,16,0
7104,804,17,0
7104,805,18,0
7104,617,19,0
7104,619,20,0
7104,2013,21,0
7104,579,22,0
7104,2024,23,0
7104,638,24,0
7104,632,25,1
7201,104,1,0
7201,702,2,0
7201,2274,3,0
7201,1082,4,0
7201,1083,5,0
7201,1084,6,0
7201,1085,7,0
7201,1086,8,0
7201,1087,9,0
7201,1088,10,0
7201,2275,11,0
7201,1089,12,0
7201,1090,13,0
7201,2277,14,0
7201,1091,15,0
7201,1092,16,0
7201,1093,17,0
7201,1095,18,0
7201,1096,19,0
7201,3422,20,0
7201,1097,21,0
7201,1098,22,0
7201,1099,23,0
7201,2267,24,0
7201,2268,25,0
7201,2270,26,0
7201,2696,27,0
7201,812,28,0
7201,3221,29,0
7201,814,30,0
7201,890,31,1
7202,890,1,0
7202,3343,2,0
7202,3344,3,0
7202,3345,4,0
7202,3346,5,0
7202,3347,6,0
7202,3348,7,0
7202,3350,8,0
7202,3486,9,0
7202,3487,10,0
7202,3351,11,0
7202,3352,12,0
7202,322,13,0
7202,4108,14,0
7202,2279,15,0
7202,4109,16,0
7202,4110,17,0
7202,4111,18,0
7202,2883,19,0
7202,1094,20,0
7202,1100,21,0
7202,1102,22,0
7202,1103,23,0
7202,2278,24,0
7202,2273,25,0
7202,701,26,0
7202,104,27,1
7801,110,1,0
7801,1347,2,0
7801,2221,3,0
7801,1349,4,0
7801,1350,5,0
7801,2988,6,0
7801,2991,7,0
7801,3206,8,0
7801,2993,9,0
7801,2994,10,0
7801,3253,11,0
7801,3032,12,0
7801,2996,13,0
7801,2997,14,0
7801,3033,15,0
7801,2946,16,0
7801,2947,17,0
7801,2948,18,0
7801,2949,19,0
7801,2951,20,0
7801,2679,21,0
7801,2865,22,0
7801,2680,23,0
7801,104,24,1
7802,104,1,0
7802,2687,2,0
7802,2688,3,0
7802,2689,4,0
7802,2942,5,0
7802,2943,6,0
7802,2944,7,0
7802,2957,8,0
7802,3029,9,0
7802,2732,10,0
7802,2733,11,0
7802,3251,12,0
7802,3051,13,0
7802,2734,14,0
7802,2735,15,0
7802,2736,16,0
7802,2737,17,0
7802,3031,18,0
7802,1346,19,0
7802,1336,20,0
7802,1337,21,0
7802,1338,22,0
7802,1339,23,0
7802,110,24,1
8001,104,1,0
8001,702,2,0
8001,2274,3,0
8001,1082,4,0
8001,1083,5,0
8001,2161,6,0
8001,936,7,0
8001,2179,8,0
8001,937,9,0
8001,2182,10,0
8001,932,11,0
8001,939,12,0
8001,3316,13,0
8001,3317,14,0
8001,3319,15,0
8001,3320,16,0
8001,3322,17,0
8001,330,18,0
8001,300,19,0
8001,325,20,0
8001,332,21,0
8001,301,22,0
8001,324,23,0
8001,302,24,0
8001,303,25,0
8001,2140,26,0
8001,1307,27,0
8001,1308,28,0
8001,304,29,0
8001,313,30,0
8001,306,31,0
8001,320,32,0
8001,331,33,0
8001,1278,34,0
8001,1279,35,0
8001,323,36,0
8001,307,37,0
8001,308,38,0
8001,106,39,1
8002,106,1,0
8002,305,2,0
8002,310,3,0
8002,311,4,0
8002,1282,5,0
8002,1283,6,0
8002,1284,7,0
8002,319,8,0
8002,312,9,0
8002,314,10,0
8002,309,11,0
8002,2139,12,0
8002,1311,13,0
8002,1306,14,0
8002,316,15,0
8002,317,16,0
8002,318,17,0
8002,326,18,0
8002,329,19,0
8002,2237,20,0
8002,1060,21,0
8002,1062,22,0
8002,1063,23,0
8002,1064,24,0
8002,2862,25,0
8002,1065,26,0
8002,3307,27,0
8002,2203,28,0
8002,933,29,0
8002,3119,30,0
8002,934,31,0
8002,935,32,0
8002,2172,33,0
8002,1102,34,0
8002,1103,35,0
8002,2278,36,0
8002,2273,37,0
8002,701,38,0
8002,104,39,1
9201,106,1,0
9201,967,2,0
9201,968,3,0
9201,969,4,0
9201,2159,5,0
9201,2284,6,0
9201,6048,7,0
9201,1168,8,0
9201,1169,9,0
9201,2314,10,0
9201,2315,11,0
9201,2316,12,0
9201,2312,13,0
9201,2318,14,0
9201,2319,15,0
9201,2320,16,0
9201,2321,17,0
9201,2322,18,0
9201,2323,19,0
9201,2324,20,0
9201,2325,21,0
9201,2327,22,0
9201,2329,23,0
9201,2331,24,0
9201,1171,25,0
9201,2333,26,0
9201,2334,27,0
9201,1173,28,0
9201,2336,29,0
9201,252,30,1
9202,252,1,0
9202,2345,2,0
9202,2346,3,0
9202,2347,4,0
9202,2348,5,0
9202,2350,6,0
9202,2351,7,0
9202,2352,8,0
9202,1176,9,0
9202,2353,10,0
9202,1177,11,0
9202,1178,12,0
9202,3372,13,0
9202,3373,14,0
9202,3374,15,0
9202,3375,16,0
9202,3376,17,0
9202,3377,18,0
9202,3378,19,0
9202,3379,20,0
9202,3383,21,0
9202,3381,22,0
9202,3380,23,0
9202,290,24,0
9202,3382,25,0
9202,6047,26,0
9202,3385,27,0
9202,2125,28,0
9202,963,29,0
9202,964,30,0
9202,106,31,1
10503,6002,1,0
10503,6004,2,0
10503,6006,3,0
10503,5001,4,0
10503,5003,5,0
10503,5007,6,0
10503,5009,7,0
10503,631,8,0
10503,632,9,0
10503,633,10,0
10503,110,11,0
10503,105,12,1
10504,105,1,0
10504,110,2,0
10504,670,3,0
10504,671,4,0
10504,672,5,0
10504,2024,6,0
10504,639,7,0
10504,5001,8,0
10504,6002,9,1
13403,6002,1,0
13403,6004,2,0
13403,6006,3,0
13403,110,4,0
13403,105,5,1
13404,105,1,0
13404,110,2,0
13404,5001,3,0
13404,5004,4,0
13404,5007,5,0
13404,5009,6,1
15703,3171,1,0
15703,3172,2,0
15703,3181,3,0
15703,3179,4,0
15703,3176,5,0
15703,3178,6,0
15703,6007,7,0
15703,3175,8,0
15703,3173,9,0
15703,3170,10,0
15703,3160,11,0
15703,110,12,1
15704,110,1,0
15704,3195,2,0
15704,3171,3,0
15704,3172,4,0
15704,3181,5,0
15704,3179,6,1
16403,6001,1,0
16403,6003,2,0
16403,6005,3,0
16403,5002,4,0
16403,5005,5,0
16403,5006,6,0
16403,5008,7,0
16403,106,8,1
16404,106,1,0
16404,5002,2,0
16404,5005,3,0
16404,6001,4,1
17703,6001,1,0
17703,6003,2,0
17703,6005,3,0
17703,5008,4,0
17703,102,5,1
17704,102,1,0
17704,5002,2,0
17704,5005,3,0
17704,5006,4,0
17704,5008,5,0
17704,6001,6,1
19003,3198,1,0
19003,3185,2,0
19003,3186,3,0
19003,3187,4,0
19003,3188,5,0
19003,3193,6,0
19003,3192,7,0
19003,3194,8,0
19003,6016,9,0
19003,6017,10,0
19003,6018,11,0
19003,6019,12,0
19003,112,13,1
19004,112,1,0
19004,3198,2,0
19004,3185,3,0
19004,3186,4,0
19004,3187,5,0
19004,3188,6,0
19004,3193,7,1
19903,6002,1,0
19903,6004,2,0
19903,6006,3,0
19903,110,4,1
19904,110,1,0
19904,5001,2,0
19904,5003,3,0
19904,5007,4,0
19904,5009,5,1
